#	X	Y
2.35202;199
4.35201;199
6.55201;199
8.55201;199
10.552;199
12.752;199
14.752;199
16.752;199
18.752;199
20.752;199
22.752;199
24.752;199
26.952;199
28.952;199
30.952;199
32.952;199
35.152;199
37.152;199
39.152;199
41.152;199
43.152;199
45.152;199
47.152;199
49.152;199
51.152;199
53.352;199
55.352;199
57.352;199
59.352;199
61.352;199
63.352;199
65.552;199
67.752;199
69.752;199
71.952;199
74.152;199
76.152;199
78.152;199
80.352;409
82.352;409
84.352;409
86.352;409
88.352;409
90.352;409
92.352;409
94.552;409
96.552;409
98.752;409
100.952;409
102.952;409
104.952;409
106.952;409
108.952;409
110.952;409
112.952;409
114.952;409
116.952;409
118.952;409
120.952;409
122.952;409
124.952;409
126.952;409
128.952;409
130.952;409
132.952;409
135.152;409
137.152;409
139.352;409
141.352;409
143.552;409
145.552;409
147.552;409
149.552;409
151.552;409
153.552;409
155.552;409
157.552;409
159.552;409
161.552;409
163.552;409
165.552;409
167.752;409
169.752;409
171.752;409
173.752;409
175.752;409
177.752;409
179.752;409
181.752;409
183.752;409
185.752;409
187.752;409
189.752;409
191.752;409
193.752;409
195.952;409
197.952;409
199.952;409
201.952;409
203.952;409
205.952;409
207.952;409
209.952;409
211.952;409
213.952;409
216.152;409
218.152;409
220.152;409
222.152;409
224.152;409
226.152;409
228.152;409
230.152;409
232.352;409
234.552;409
236.552;409
238.752;409
240.752;409
242.952;409
244.952;409
246.952;409
248.952;409
251.152;409
253.152;409
255.152;409
257.152;409
259.152;409
261.152;409
263.152;409
265.152;409
267.152;409
269.152;409
271.152;409
273.152;409
275.152;409
277.352;409
279.352;409
281.352;409
283.352;409
285.352;409
287.352;409
289.352;409
291.352;409
293.352;409
295.352;409
297.352;409
299.352;409
301.352;409
303.352;409
305.352;409
307.352;409
309.352;409
311.552;409
313.552;409
315.552;409
317.552;409
319.552;409
321.552;409
323.552;409
325.752;409
327.752;409
329.752;409
331.752;409
333.952;409
335.952;409
337.952;409
339.952;409
341.952;409
344.152;409
346.152;409
348.152;409
350.152;409
352.152;409
354.152;409
356.152;409
358.152;409
360.152;409
362.152;409
364.152;409
366.152;409
368.152;409
370.152;409
372.152;409
374.152;409
376.152;409
378.152;409
380.352;409
382.352;409
384.352;409
386.352;409
388.552;409
390.752;409
392.752;409
394.752;409
396.952;409
398.952;409
400.952;409
402.952;409
404.952;409
406.952;409
408.952;409
410.952;409
412.952;409
414.952;409
417.152;409
419.152;409
421.152;409
423.152;409
425.152;409
427.152;409
429.352;409
431.352;409
433.352;409
435.552;409
437.552;409
439.552;409
441.552;409
443.552;409
445.552;409
447.552;409
449.552;409
451.752;409
453.952;409
455.952;409
457.952;409
459.952;409
461.952;409
463.952;409
465.952;409
467.952;409
469.952;409
471.952;409
473.952;409
475.952;409
477.952;409
479.952;409
482.152;409
484.152;409
486.152;409
488.152;409
490.152;409
492.352;409
494.352;409
496.352;409
498.352;409
500.352;409
502.352;409
504.352;409
506.352;409
508.352;409
510.352;409
512.352;409
514.552;409
516.552;409
518.552;409
520.552;409
522.752;409
524.752;409
526.752;409
528.752;409
530.752;409
532.752;409
534.752;409
536.752;409
538.752;409
540.752;409
542.952;409
544.952;409
546.952;409
549.152;409
551.152;409
553.152;409
555.152;409
557.152;409
559.152;409
561.152;409
563.152;409
565.352;409
567.352;409
569.552;409
571.552;409
573.552;409
575.752;409
577.752;409
579.952;409
581.952;409
583.952;409
585.952;409
587.952;409
589.952;409
592.152;409
594.152;409
596.152;409
598.152;409
600.152;409
602.152;409
604.152;409
606.152;409
608.152;409
610.352;409
612.352;409
614.352;409
616.352;409
618.352;409
620.352;409
622.352;409
624.352;409
626.352;409
628.352;409
630.352;409
632.552;409
634.552;409
636.552;409
638.552;409
640.552;409
642.552;409
644.752;409
646.752;409
648.752;409
650.752;409
652.952;409
655.152;409
657.152;409
659.152;409
661.152;409
663.352;409
665.352;409
667.352;409
669.352;409
671.352;409
673.352;409
675.352;409
677.352;409
679.352;409
681.552;409
683.552;409
685.552;409
687.552;409
689.752;409
691.752;409
693.752;409
695.752;409
697.752;409
699.752;409
701.752;409
703.752;409
705.752;409
707.752;409
709.752;409
711.752;409
713.752;409
715.752;409
717.952;409
719.952;409
722.152;409
724.152;409
726.352;409
728.552;409
730.552;409
732.552;409
734.752;409
736.752;409
738.752;409
740.752;409
742.752;409
744.752;409
746.752;409
748.952;409
750.952;409
753.152;409
755.352;409
757.352;409
759.352;409
761.352;409
763.352;409
765.352;409
767.352;409
769.352;409
771.352;409
773.352;409
775.352;409
777.352;409
779.352;409
781.352;409
783.352;409
785.552;409
787.552;409
789.752;409
791.752;409
793.752;409
795.952;409
797.952;409
799.952;409
801.952;409
803.952;409
805.952;409
807.952;409
809.952;409
811.952;409
814.152;409
816.352;409
818.552;409
820.552;409
822.552;409
824.552;409
826.552;409
828.552;409
830.552;409
832.552;409
834.552;409
836.552;409
838.552;409
840.752;409
842.752;409
844.752;409
846.752;409
848.752;409
850.752;409
852.752;409
854.752;409
856.752;409
858.752;409
860.952;409
862.952;409
864.952;409
866.952;409
868.952;409
870.952;409
872.952;409
875.152;409
877.152;409
879.152;409
881.152;409
883.152;409
885.152;409
887.152;409
889.152;409
891.152;409
893.152;409
895.152;409
897.352;409
899.352;409
901.352;409
903.352;409
905.352;409
907.352;409
909.352;409
911.352;409
913.352;409
915.352;409
917.352;408
919.352;408
921.352;408
923.352;408
925.352;408
927.552;408
929.752;408
931.752;408
933.752;408
935.752;408
937.752;408
939.952;408
942.152;408
944.352;408
946.352;408
948.352;408
950.352;408
952.552;408
954.552;408
956.552;408
958.552;408
960.752;408
962.752;408
964.752;408
966.752;408
968.752;408
970.752;408
972.952;408
974.952;408
976.952;408
978.952;408
980.952;408
982.952;408
985.152;408
987.152;408
989.152;408
991.352;408
993.352;408
995.552;408
997.552;408
999.552;408
1001.55;408
1003.55;408
1005.55;408
1007.55;408
1009.55;408
1011.75;408
1013.75;408
1015.75;408
1017.75;408
1019.75;408
1021.75;408
1023.75;408
1025.75;408
1027.75;408
1029.95;408
1031.95;408
1034.15;408
1036.35;408
1038.55;408
1040.55;408
1042.55;408
1044.55;408
1046.75;408
1048.75;408
1050.75;408
1052.75;408
1054.95;408
1056.95;408
1058.95;408
1060.95;408
1062.95;408
1064.95;408
1066.95;408
1068.95;408
1070.95;408
1072.95;408
1075.15;408
1077.15;408
1079.15;408
1081.35;408
1083.35;408
1085.35;408
1087.55;408
1089.55;408
1091.55;408
1093.55;408
1095.55;408
1097.55;408
1099.75;408
1101.75;408
1103.75;408
1105.75;408
1107.75;408
1109.75;408
1111.75;408
1113.75;408
1115.75;408
1117.75;408
1119.75;408
1121.75;408
1123.75;408
1125.75;408
1127.75;408
1129.75;408
1131.95;408
1133.95;408
1135.95;408
1137.95;408
1139.95;408
1141.95;408
1143.95;408
1146.15;408
1148.15;408
1150.15;408
1152.15;408
1154.15;408
1156.15;408
1158.15;408
1160.15;408
1162.35;408
1164.35;408
1166.35;408
1168.35;408
1170.35;408
1172.35;408
1174.35;408
1176.35;408
1178.35;408
1180.35;408
1182.35;408
1184.35;408
1186.35;408
1188.35;408
1190.35;408
1192.55;408
1194.55;408
1196.55;408
1198.55;408
1200.55;408
1202.55;408
1204.55;408
1206.55;408
1208.75;408
1210.75;408
1212.75;408
1214.75;408
1216.95;408
1218.95;408
1220.95;408
1222.95;408
1224.95;408
1226.95;408
1228.95;408
1231.15;408
1233.15;408
1235.15;408
1237.15;408
1239.15;408
1241.15;408
1243.15;408
1245.15;408
1247.15;408
1249.35;408
1251.35;408
1253.35;408
1255.35;408
1257.55;408
1259.55;408
1261.55;408
1263.55;408
1265.55;408
1267.55;408
1269.55;408
1271.55;408
1273.55;408
1275.55;408
1277.55;408
1279.55;408
1281.55;408
1283.55;408
1285.55;408
1287.55;408
1289.55;408
1291.55;408
1293.75;408
1295.75;408
1297.95;408
1299.95;408
1301.95;408
1303.95;408
1305.95;408
1307.95;408
1309.95;408
1311.95;408
1313.95;408
1315.95;408
1317.95;408
1319.95;408
1321.95;408
1323.95;408
1326.15;408
1328.35;408
1330.55;408
1332.55;408
1334.55;408
1336.55;408
1338.55;408
1340.55;408
1342.55;408
1344.55;408
1346.55;408
1348.55;408
1350.75;408
1352.75;408
1354.75;408
1356.75;408
1358.75;408
1360.95;408
1363.15;408
1365.35;408
1367.35;408
1369.35;408
1371.35;408
1373.35;408
1375.55;408
1377.55;408
1379.75;408
1381.75;408
1383.75;408
1385.95;408
1387.95;408
1389.95;408
1391.95;408
1394.15;408
1396.15;408
1398.15;408
1400.15;408
1402.15;408
1404.15;408
1406.15;408
1408.35;408
1410.35;408
1412.55;408
1414.75;408
1416.75;408
1418.75;408
1420.75;408
1422.95;408
1424.95;408
1427.15;408
1429.35;408
1431.35;408
1433.35;408
1435.55;408
1437.55;408
1439.55;408
1441.55;408
1443.55;408
1445.55;408
1447.55;408
1449.55;408
1451.55;408
1453.55;408
1455.55;408
1457.55;408
1459.55;408
1461.75;408
1463.75;408
1465.75;408
1467.75;408
1469.75;408
1471.75;408
1473.75;408
1475.75;408
1477.75;408
1479.75;408
1481.95;408
1483.95;408
1485.95;408
1487.95;408
1490.15;408
1492.15;408
1494.15;408
1496.15;408
1498.15;408
1500.15;408
1502.15;408
1504.35;408
1506.55;408
1508.55;408
1510.55;408
1512.55;408
1514.55;408
1516.55;408
1518.55;408
1520.55;408
1522.55;408
1524.55;408
1526.55;408
1528.55;408
1530.55;408
1532.55;408
1534.55;408
1536.55;408
1538.55;408
1540.55;408
1542.75;408
1544.75;408
1546.75;408
1548.75;408
1550.75;408
1552.75;408
1554.75;408
1556.75;408
1558.75;408
1560.75;408
1562.75;408
1564.75;408
1566.75;408
1568.75;408
1570.95;408
1572.95;408
1574.95;408
1576.95;408
1578.95;408
1580.95;408
1582.95;408
1584.95;408
1587.15;408
1589.15;408
1591.15;408
1593.15;408
1595.15;408
1597.15;408
1599.15;408
1601.35;408
1603.55;408
1605.55;408
1607.55;408
1609.55;408
1611.55;408
1613.55;408
1615.55;408
1617.55;408
1619.55;408
1621.55;408
1623.75;408
1625.75;408
1627.75;408
1629.75;408
1631.75;408
1633.75;408
1635.75;408
1637.75;408
1639.75;408
1641.75;408
1643.75;408
1645.75;408
1647.75;408
1649.95;408
1651.95;408
1653.95;408
1655.95;408
1657.95;408
1659.95;408
1661.95;408
1663.95;408
1665.95;408
1667.95;408
1670.15;408
1672.35;408
1674.35;408
1676.35;408
1678.35;408
1680.35;408
1682.55;408
1684.75;408
1686.95;408
1688.95;408
1690.95;408
1692.95;408
1694.95;408
1697.15;408
1699.15;408
1701.15;408
1703.15;408
1705.15;408
1707.15;408
1709.15;408
1711.15;408
1713.35;408
1715.35;408
1717.35;408
1719.35;408
1721.35;408
1723.55;408
1725.55;408
1727.55;408
1729.55;408
1731.55;408
1733.55;408
1735.55;408
1737.55;408
1739.55;408
1741.55;408
1743.75;408
1745.95;408
1747.95;408
1749.95;408
1751.95;408
1753.95;408
1756.15;408
1758.35;408
1760.35;408
1762.35;408
1764.35;408
1766.35;408
1768.35;408
1770.35;408
1772.55;408
1774.55;408
1776.55;408
1778.75;408
1780.75;408
1782.75;408
1784.75;408
1786.75;408
1788.75;408
1790.75;408
1792.75;408
1794.95;408
1796.95;408
