#	X	Y
2.45802;177
4.45801;177
6.45801;177
8.65801;177
10.858;177
12.858;177
14.858;177
16.858;177
18.858;177
20.858;177
22.858;177
25.058;177
27.058;177
29.258;177
31.258;177
33.258;177
35.258;177
37.258;177
39.258;177
41.258;177
43.258;177
45.258;177
47.258;177
49.258;177
51.258;177
53.258;177
55.258;177
57.458;177
59.458;177
61.458;177
63.458;177
65.458;177
67.458;177
69.658;177
71.658;177
73.658;177
75.658;177
77.658;177
79.658;177
81.658;177
83.658;177
85.858;177
87.858;177
89.858;177
92.058;177
94.258;375
96.258;375
98.258;375
100.258;375
102.258;375
104.258;375
106.258;375
108.458;375
110.458;375
112.458;375
114.458;375
116.458;375
118.458;375
120.458;375
122.458;375
124.458;375
126.458;375
128.658;375
130.658;375
132.658;375
134.658;375
136.658;375
138.658;375
140.658;375
142.658;375
144.658;375
146.658;375
148.658;375
150.658;375
152.658;375
154.658;375
156.658;375
158.858;375
160.858;375
163.058;375
165.058;375
167.058;375
169.058;375
171.058;375
173.058;375
175.058;375
177.058;375
179.058;375
181.258;375
183.258;375
185.258;375
187.258;375
189.458;375
191.458;375
193.458;375
195.458;375
197.658;375
199.658;375
201.658;375
203.858;375
205.858;375
207.858;375
209.858;375
211.858;375
213.858;375
215.858;375
217.858;375
219.858;375
221.858;375
223.858;375
225.858;375
227.858;375
229.858;375
231.858;375
233.858;375
235.858;375
237.858;375
239.858;375
241.858;375
243.858;375
245.858;375
247.858;375
249.858;375
251.858;375
253.858;375
255.858;375
257.858;375
259.858;375
261.858;375
263.858;375
266.058;375
268.058;375
270.058;375
272.058;375
274.258;375
276.258;375
278.258;375
280.458;375
282.458;375
284.458;375
286.458;375
288.458;375
290.658;375
292.658;375
294.658;375
296.658;375
298.658;375
300.658;375
302.658;375
304.658;375
306.658;375
308.658;375
310.858;375
313.058;375
315.058;375
317.058;375
319.058;375
321.058;375
323.058;375
325.058;375
327.258;375
329.458;375
331.458;375
333.458;375
335.458;375
337.458;375
339.458;375
341.458;375
343.458;375
345.458;375
347.658;375
349.658;375
351.858;375
354.058;375
356.058;375
358.058;375
360.058;375
362.258;375
364.458;375
366.458;375
368.458;375
370.458;375
372.658;375
374.858;375
377.058;375
379.058;375
381.258;375
383.458;375
385.458;375
387.458;375
389.458;375
391.458;375
393.458;375
395.458;375
397.458;375
399.458;375
401.458;375
403.458;375
405.458;375
407.458;375
409.458;375
411.458;375
413.458;375
415.658;375
417.658;375
419.658;375
421.658;375
423.658;375
425.658;375
427.858;375
429.858;375
432.058;375
434.058;375
436.058;375
438.058;375
440.058;375
442.058;375
444.058;375
446.058;375
448.058;375
450.058;375
452.058;375
454.258;375
456.258;375
458.258;375
460.258;375
462.258;375
464.258;375
466.258;375
468.258;375
470.258;375
472.458;375
474.658;375
476.858;375
479.058;375
481.258;375
483.258;375
485.258;375
487.258;375
489.258;375
491.258;375
493.258;375
495.258;375
497.258;375
499.258;375
501.258;375
503.258;375
505.258;375
507.258;375
509.258;375
511.258;375
513.258;375
515.258;375
517.258;375
519.258;375
521.258;375
523.258;375
525.258;375
527.258;375
529.258;375
531.258;375
533.258;375
535.458;375
537.458;375
539.458;375
541.458;375
543.458;375
545.458;375
547.458;375
549.458;375
551.458;375
553.458;375
555.458;375
557.458;375
559.458;375
561.458;375
563.458;375
565.458;375
567.458;375
569.458;375
571.458;375
573.458;375
575.458;375
577.458;375
579.458;375
581.658;375
583.858;375
586.058;375
588.058;375
590.058;375
592.058;375
594.058;375
596.258;375
598.258;375
600.458;375
602.458;375
604.458;375
606.458;375
608.458;375
610.458;375
612.458;375
614.458;375
616.458;375
618.658;375
620.658;375
622.658;375
624.658;375
626.658;375
628.658;375
630.858;375
632.858;375
634.858;375
636.858;375
638.858;375
640.858;375
642.858;375
644.858;375
646.858;375
648.858;375
650.858;375
652.858;375
654.858;375
656.858;375
658.858;375
661.058;375
663.058;375
665.058;375
667.258;375
669.258;375
671.258;375
673.258;375
675.258;375
677.258;375
679.258;375
681.258;375
683.258;375
685.258;375
687.258;375
689.258;375
691.258;375
693.458;375
695.458;375
697.458;375
699.458;375
701.458;375
703.458;375
705.458;375
707.458;375
709.458;375
711.658;375
713.658;375
715.658;375
717.658;375
719.658;375
721.858;375
723.858;375
725.858;375
727.858;375
730.058;375
732.058;375
734.258;375
736.258;375
738.258;375
740.258;375
742.258;375
744.258;375
746.258;375
748.258;375
750.458;375
752.658;375
754.658;375
756.658;375
758.658;375
760.658;375
762.658;375
764.658;375
766.658;375
768.658;375
770.658;375
772.858;375
774.858;375
776.858;375
778.858;375
780.858;375
782.858;375
784.858;375
786.858;375
788.858;375
790.858;375
792.858;375
794.858;375
796.858;375
798.858;375
800.858;375
803.058;375
805.258;375
807.258;375
809.258;375
811.258;375
813.258;375
815.258;375
817.258;375
819.258;375
821.258;375
823.258;375
825.258;375
827.258;375
829.458;375
831.658;375
833.658;375
835.658;375
837.658;375
839.658;375
841.658;375
843.658;375
845.858;375
847.858;375
849.858;375
851.858;375
853.858;375
855.858;375
857.858;375
859.858;375
861.858;375
864.058;375
866.058;375
868.058;375
870.058;375
872.058;375
874.058;375
876.058;375
878.258;375
880.258;375
882.258;375
884.258;375
886.258;375
888.458;375
890.458;375
892.458;375
894.458;375
896.458;375
898.458;375
900.458;375
902.658;375
904.658;375
906.658;375
908.858;375
910.858;375
912.858;375
914.858;375
917.058;1027
919.058;1027
921.058;1027
923.058;1027
925.058;1027
927.058;1027
929.058;1027
931.258;1027
933.258;1027
935.258;1027
937.258;1027
939.258;1027
941.258;1027
943.258;1027
945.258;1027
947.258;1027
949.458;1027
951.458;1027
953.458;1027
955.458;1027
957.458;1027
959.458;1027
961.458;1027
963.458;1027
965.458;1027
967.458;1027
969.458;1027
971.458;1027
973.458;1027
975.458;1027
977.458;1027
979.458;1027
981.658;1027
983.658;1027
985.658;1027
987.658;1027
989.658;1027
991.858;1027
993.858;1027
996.058;1027
998.058;1027
1000.06;1027
1002.06;1027
1004.06;1027
1006.06;1027
1008.06;1027
1010.06;1027
1012.06;1027
1014.06;1027
1016.06;1027
1018.26;1027
1020.26;1027
1022.26;1027
1024.26;1027
1026.26;1027
1028.26;1027
1030.46;1027
1032.46;1027
1034.46;1027
1036.46;1027
1038.46;1027
1040.66;1027
1042.66;1027
1044.66;1027
1046.66;1027
1048.86;1027
1050.86;1027
1052.86;1027
1054.86;1027
1056.86;1027
1058.86;1027
1060.86;1027
1062.86;1027
1064.86;1027
1066.86;1027
1068.86;1027
1070.86;1027
1072.86;1027
1074.86;1027
1076.86;1027
1078.86;1027
1080.86;1027
1082.86;1027
1084.86;1027
1086.86;1027
1088.86;1027
1090.86;1027
1092.86;1027
1094.86;1027
1096.86;1027
1098.86;1027
1100.86;1027
1102.86;1027
1104.86;1027
1106.86;1027
1108.86;1027
1110.86;1027
1112.86;1027
1114.86;1027
1116.86;1027
1118.86;1027
1121.06;1027
1123.26;1027
1125.26;1027
1127.26;1027
1129.26;1027
1131.26;1027
1133.26;1027
1135.26;1027
1137.26;1027
1139.26;1027
1141.46;1027
1143.46;1027
1145.46;1027
1147.46;1027
1149.46;1027
1151.66;1027
1153.66;1027
1155.66;1027
1157.66;1027
1159.66;1027
1161.86;1027
1163.86;1027
1165.86;1027
1167.86;1027
1169.86;1027
1172.06;1027
1174.06;1027
1176.26;1027
1178.26;1027
1180.26;1027
1182.46;1027
1184.46;1027
1186.46;1027
1188.46;1027
1190.66;1027
1192.86;1027
1194.86;1027
1196.86;1027
1199.06;1027
1201.06;1027
1203.06;1027
1205.06;1027
1207.06;1027
1209.06;1027
1211.06;1027
1213.26;1027
1215.46;1027
1217.46;1027
1219.46;1027
1221.46;1027
1223.46;1027
1225.46;1027
1227.46;1027
1229.46;1027
1231.46;1027
1233.46;1027
1235.46;1027
1237.46;1027
1239.46;1027
1241.66;1027
1243.66;1027
1245.66;1027
1247.86;1027
1249.86;1027
1251.86;1027
1253.86;1027
1255.86;1027
1257.86;1027
1259.86;1027
1261.86;1027
1263.86;1027
1266.06;1027
1268.06;1027
1270.06;1027
1272.06;1027
1274.06;1027
1276.06;1027
1278.06;1027
1280.06;1027
1282.06;1027
1284.06;1027
1286.06;1027
1288.06;1027
1290.06;1027
1292.06;1027
1294.06;1027
1296.06;1027
1298.06;1027
1300.06;1027
1302.06;1027
1304.06;1027
1306.06;1027
1308.06;1027
1310.26;1027
1312.26;1027
1314.26;1027
1316.26;1027
1318.46;1027
1320.46;1027
1322.46;1027
1324.46;1027
1326.46;1027
1328.46;1027
1330.66;1027
1332.66;1027
1334.66;1027
1336.66;1027
1338.66;1027
1340.66;1027
1342.86;1027
1344.86;1027
1346.86;1027
1348.86;1027
1350.86;1027
1353.06;1027
1355.06;1027
1357.06;1027
1359.06;1027
1361.06;1027
1363.26;1027
1365.46;1027
1367.46;1027
1369.46;1027
1371.46;1027
1373.66;1027
1375.66;1027
1377.66;1027
1379.66;1027
1381.66;1027
1383.66;1027
1385.66;1027
1387.66;1027
1389.66;1027
1391.66;1027
1393.66;1027
1395.66;1027
1397.66;1027
1399.66;1027
1401.66;1027
1403.66;1027
1405.66;1027
1407.66;1027
1409.86;1027
1411.86;1027
1413.86;1027
1415.86;1027
1417.86;1027
1419.86;1027
1421.86;1027
1423.86;1027
1425.86;1027
1427.86;1027
1429.86;1027
1431.86;1027
1433.86;1027
1435.86;1027
1437.86;1027
1439.86;1027
1441.86;1027
1443.86;1027
1446.06;1027
1448.06;1027
1450.26;1027
1452.46;1027
1454.66;1027
1456.86;1027
1458.86;1027
1460.86;1027
1462.86;1027
1464.86;1027
1466.86;1027
1468.86;1027
1470.86;1027
1472.86;1027
1474.86;1027
1476.86;1027
1478.86;1027
1480.86;1027
1483.06;1027
1485.06;1027
1487.06;1027
1489.26;1027
1491.46;1027
1493.46;1027
1495.46;1027
1497.46;1027
1499.66;1027
1501.66;1027
1503.66;1027
1505.66;1027
1507.66;1027
1509.66;1027
1511.86;1027
1514.06;1027
1516.06;1027
1518.06;1027
1520.26;1027
1522.26;1027
1524.26;1027
1526.46;1027
1528.46;1027
1530.46;1027
1532.46;1027
1534.46;1027
1536.46;1027
1538.46;1027
1540.46;1027
1542.46;1027
1544.46;1027
1546.46;1027
1548.46;1027
1550.46;1027
1552.46;1027
1554.46;1027
1556.46;1027
1558.46;1027
1560.46;1027
1562.46;1027
1564.46;1027
1566.46;1027
1568.46;1027
1570.46;1027
1572.46;1027
1574.46;1027
1576.46;1027
1578.46;1027
1580.66;1027
1582.66;1027
1584.66;1027
1586.66;1027
1588.86;1027
1590.86;1027
1592.86;1027
1594.86;1027
1596.86;1027
1598.86;1027
1600.86;1027
1602.86;1027
1604.86;1027
1607.06;1027
1609.06;1027
1611.06;1027
1613.06;1027
1615.26;1027
1617.26;1027
1619.26;1027
1621.26;1027
1623.26;1027
1625.26;1027
1627.46;1027
1629.46;1027
1631.46;1027
1633.46;1027
1635.66;1027
1637.66;1027
1639.86;1027
1642.06;1027
1644.26;1027
1646.26;1027
1648.26;1027
1650.46;1027
1652.46;1027
1654.66;1027
1656.86;1027
1658.86;1027
1660.86;1027
1663.06;1027
1665.06;1027
1667.26;1027
1669.26;1027
1671.26;1027
1673.26;1027
1675.26;1027
1677.26;1027
1679.26;1027
1681.26;1027
1683.26;1027
1685.26;1027
1687.26;1027
1689.26;1027
1691.26;1027
1693.26;1027
1695.26;1027
1697.26;1027
1699.26;1027
1701.46;1027
1703.46;1027
1705.46;1027
1707.46;1027
1709.46;1027
1711.46;1027
1713.46;1027
1715.66;1027
1717.66;1027
1719.66;1027
1721.66;1027
1723.86;1027
1725.86;1027
1727.86;1027
1729.86;1027
1731.86;1027
1733.86;1027
1735.86;1027
1738.06;1027
1740.06;1027
1742.06;1027
1744.06;1027
1746.06;1027
1748.06;1027
1750.06;1027
1752.06;1027
1754.06;1027
1756.06;1027
1758.06;1027
1760.26;1027
1762.26;1027
1764.26;1027
1766.26;1027
1768.46;1027
1770.46;1027
1772.46;1027
1774.46;1027
1776.46;1027
1778.46;1027
1780.46;1027
1782.66;1027
1784.66;1027
1786.86;1027
1788.86;1027
1790.86;1027
1792.86;1027
1794.86;1027
1796.86;1027
