#	X	Y
2.21802;199
4.21801;199
6.21801;199
8.21801;199
10.418;199
12.418;199
14.418;199
16.418;199
18.418;199
20.618;199
22.618;199
24.618;199
26.618;199
28.818;199
30.818;199
32.818;199
34.818;199
36.818;199
38.818;199
40.818;199
42.818;199
44.818;199
46.818;199
48.818;199
50.818;199
53.018;199
55.018;199
57.018;199
59.018;199
61.018;199
63.018;199
65.018;199
67.218;199
69.218;199
71.218;199
73.218;199
75.218;199
77.218;199
79.218;199
81.218;199
83.218;199
85.218;199
87.218;199
89.218;199
91.418;199
93.418;199
95.618;199
97.618;199
99.618;199
101.818;199
103.818;199
105.818;199
107.818;199
109.818;199
112.018;199
114.018;199
116.018;199
118.018;199
120.018;199
122.018;199
124.018;199
126.018;199
128.018;199
130.018;199
132.018;199
134.018;199
136.018;199
138.018;199
140.018;199
142.018;199
144.018;199
146.018;199
148.018;199
150.018;199
152.018;199
154.018;199
156.018;199
158.218;409
160.218;409
162.218;409
164.218;409
166.218;409
168.218;409
170.218;409
172.218;409
174.218;409
176.218;409
178.218;409
180.218;409
182.218;409
184.418;409
186.418;409
188.418;409
190.418;409
192.418;409
194.418;409
196.418;409
198.418;409
200.618;409
202.618;409
204.618;409
206.618;409
208.618;409
210.618;409
212.618;409
214.618;409
216.618;409
218.818;409
220.818;409
222.818;409
224.818;409
227.018;409
229.018;409
231.018;409
233.018;409
235.218;409
237.218;409
239.218;409
241.218;409
243.218;409
245.218;409
247.218;409
249.218;409
251.218;409
253.418;409
255.418;409
257.418;409
259.618;409
261.818;409
263.818;409
265.818;409
268.018;409
270.018;409
272.018;409
274.018;409
276.018;409
278.018;409
280.218;409
282.218;409
284.218;409
286.218;409
288.218;409
290.218;409
292.218;409
294.218;409
296.218;409
298.218;409
300.218;409
302.218;409
304.218;409
306.218;409
308.218;409
310.218;409
312.218;409
314.218;409
316.218;409
318.218;409
320.218;409
322.218;409
324.418;409
326.418;409
328.418;409
330.418;409
332.418;409
334.418;409
336.418;409
338.418;409
340.418;409
342.418;409
344.418;409
346.418;409
348.418;409
350.418;409
352.418;409
354.618;409
356.618;409
358.618;409
360.618;409
362.618;409
364.618;409
366.618;409
368.618;409
370.618;409
372.618;409
374.618;409
376.818;409
378.818;409
380.818;409
383.018;409
385.018;409
387.018;409
389.018;409
391.018;409
393.018;409
395.018;409
397.018;409
399.018;409
401.018;409
403.018;409
405.218;409
407.218;409
409.218;409
411.218;409
413.218;409
415.218;409
417.218;409
419.218;409
421.218;409
423.218;409
425.218;409
427.218;409
429.218;409
431.418;409
433.418;409
435.418;409
437.418;409
439.618;409
441.618;409
443.618;409
445.618;409
447.818;409
450.018;409
452.018;409
454.018;409
456.018;409
458.018;409
460.018;409
462.018;409
464.018;409
466.018;409
468.018;409
470.018;409
472.018;409
474.018;409
476.018;409
478.018;409
480.218;409
482.218;409
484.218;409
486.418;409
488.418;409
490.418;409
492.418;409
494.418;409
496.418;409
498.418;409
500.618;409
502.618;409
504.618;409
506.618;409
508.618;409
510.818;409
512.818;409
514.818;409
516.818;409
518.818;409
520.818;409
522.818;409
524.818;409
527.018;409
529.018;409
531.218;409
533.218;409
535.218;409
537.218;409
539.218;409
541.218;409
543.418;409
545.418;409
547.418;409
549.418;409
551.418;409
553.418;409
555.418;409
557.618;409
559.618;409
561.818;409
563.818;409
565.818;409
568.018;409
570.018;409
572.018;409
574.218;409
576.418;409
578.418;409
580.418;409
582.618;409
584.618;409
586.618;409
588.618;409
590.618;409
592.618;409
594.618;409
596.618;409
598.618;409
600.618;409
602.618;409
604.618;409
606.618;409
608.618;409
610.618;409
612.618;409
614.618;409
616.618;409
618.618;409
620.618;409
622.618;409
624.818;409
626.818;409
628.818;409
630.818;409
632.818;409
634.818;409
636.818;409
638.818;409
640.818;409
642.818;409
644.818;409
646.818;409
648.818;409
651.018;409
653.018;409
655.018;409
657.018;409
659.018;409
661.018;409
663.218;409
665.218;409
667.218;409
669.218;409
671.218;409
673.218;409
675.218;409
677.218;409
679.218;409
681.218;409
683.218;409
685.218;409
687.218;409
689.218;409
691.218;409
693.218;409
695.418;409
697.418;409
699.418;409
701.418;409
703.418;409
705.418;409
707.618;409
709.618;409
711.818;409
713.818;409
715.818;409
717.818;409
719.818;409
721.818;409
723.818;409
725.818;409
727.818;409
729.818;409
731.818;409
733.818;409
735.818;409
737.818;409
739.818;409
741.818;409
743.818;409
745.818;409
747.818;409
749.818;409
751.818;409
753.818;409
755.818;409
757.818;409
759.818;409
761.818;409
763.818;409
766.018;409
768.018;409
770.018;409
772.018;409
774.018;409
776.018;409
778.018;409
780.018;409
782.018;409
784.218;409
786.218;409
788.218;409
790.218;409
792.218;409
794.218;409
796.218;409
798.218;409
800.218;409
802.218;409
804.418;409
806.418;409
808.418;409
810.418;409
812.418;409
814.418;409
816.418;409
818.418;409
820.618;409
822.618;409
824.618;409
826.618;409
828.618;409
830.618;409
832.618;409
834.618;409
836.618;409
838.618;409
840.618;409
842.618;409
844.618;409
846.618;409
848.618;409
850.618;409
852.818;409
854.818;409
856.818;409
858.818;409
860.818;409
862.818;409
865.018;409
867.018;409
869.018;409
871.018;409
873.018;409
875.018;409
877.018;409
879.018;409
881.018;409
883.018;409
885.018;409
887.018;409
889.218;409
891.418;409
893.618;409
895.818;409
898.018;409
900.018;409
902.218;409
904.218;409
906.218;409
908.218;409
910.218;409
912.418;409
914.618;408
916.618;408
918.618;408
920.618;408
922.618;408
924.618;408
926.618;408
928.818;408
930.818;408
933.018;408
935.018;408
937.018;408
939.018;408
941.018;408
943.018;408
945.018;408
947.018;408
949.018;408
951.218;408
953.218;408
955.218;408
957.218;408
959.218;408
961.418;408
963.418;408
965.418;408
967.418;408
969.418;408
971.418;408
973.418;408
975.418;408
977.418;408
979.418;408
981.418;408
983.618;408
985.618;408
987.618;408
989.618;408
991.618;408
993.618;408
995.618;408
997.618;408
999.618;408
1001.62;408
1003.62;408
1005.62;408
1007.62;408
1009.62;408
1011.82;408
1013.82;408
1015.82;408
1017.82;408
1019.82;408
1021.82;408
1023.82;408
1025.82;408
1027.82;408
1029.82;408
1031.82;408
1033.82;408
1036.02;408
1038.02;408
1040.02;408
1042.02;408
1044.02;408
1046.22;408
1048.22;408
1050.22;408
1052.22;408
1054.22;408
1056.22;408
1058.22;408
1060.22;408
1062.42;408
1064.42;408
1066.42;408
1068.42;408
1070.42;408
1072.42;408
1074.42;408
1076.62;408
1078.62;408
1080.62;408
1082.62;408
1084.62;408
1086.62;408
1088.62;408
1090.82;408
1092.82;408
1094.82;408
1096.82;408
1098.82;408
1100.82;408
1102.82;408
1105.02;408
1107.02;408
1109.02;408
1111.02;408
1113.02;408
1115.02;408
1117.02;408
1119.02;408
1121.02;408
1123.02;408
1125.02;408
1127.02;408
1129.02;408
1131.02;408
1133.02;408
1135.02;408
1137.02;408
1139.02;408
1141.02;408
1143.02;408
1145.02;408
1147.02;408
1149.22;408
1151.22;408
1153.22;408
1155.22;408
1157.42;408
1159.42;408
1161.42;408
1163.42;408
1165.42;408
1167.62;408
1169.82;408
1171.82;408
1173.82;408
1176.02;408
1178.02;408
1180.02;408
1182.02;408
1184.22;408
1186.22;408
1188.22;408
1190.22;408
1192.22;408
1194.22;408
1196.22;408
1198.22;408
1200.22;408
1202.22;408
1204.22;408
1206.22;408
1208.22;408
1210.22;408
1212.22;408
1214.22;408
1216.42;408
1218.42;408
1220.42;408
1222.62;408
1224.82;408
1226.82;408
1228.82;408
1230.82;408
1232.82;408
1234.82;408
1237.02;408
1239.02;408
1241.02;408
1243.02;408
1245.02;408
1247.02;408
1249.02;408
1251.02;408
1253.02;408
1255.02;408
1257.02;408
1259.02;408
1261.02;408
1263.02;408
1265.02;408
1267.02;408
1269.02;408
1271.22;408
1273.22;408
1275.22;408
1277.22;408
1279.22;408
1281.22;408
1283.22;408
1285.22;408
1287.42;408
1289.42;408
1291.42;408
1293.62;408
1295.62;408
1297.62;408
1299.82;408
1301.82;408
1303.82;408
1305.82;408
1307.82;408
1309.82;408
1311.82;408
1313.82;408
1315.82;408
1317.82;408
1319.82;408
1321.82;408
1323.82;408
1325.82;408
1327.82;408
1329.82;408
1331.82;408
1333.82;408
1335.82;408
1337.82;408
1339.82;408
1341.82;408
1343.82;408
1345.82;408
1347.82;408
1349.82;408
1352.02;408
1354.02;408
1356.02;408
1358.02;408
1360.02;408
1362.02;408
1364.22;408
1366.22;408
1368.22;408
1370.22;408
1372.22;408
1374.22;408
1376.42;408
1378.42;408
1380.42;408
1382.62;408
1384.62;408
1386.62;408
1388.62;408
1390.62;408
1392.62;408
1394.62;408
1396.62;408
1398.62;408
1400.82;408
1402.82;408
1404.82;408
1406.82;408
1409.02;408
1411.02;408
1413.22;408
1415.22;408
1417.22;408
1419.22;408
1421.22;408
1423.22;408
1425.42;408
1427.42;408
1429.42;408
1431.42;408
1433.42;408
1435.42;408
1437.42;408
1439.62;408
1441.62;408
1443.62;408
1445.62;408
1447.82;408
1449.82;408
1451.82;408
1454.02;408
1456.02;408
1458.02;408
1460.02;408
1462.02;408
1464.22;408
1466.42;408
1468.42;408
1470.42;408
1472.42;408
1474.42;408
1476.42;408
1478.42;408
1480.42;408
1482.42;408
1484.42;408
1486.42;408
1488.62;408
1490.62;408
1492.62;408
1494.62;408
1496.62;408
1498.62;408
1500.62;408
1502.62;408
1504.62;408
1506.62;408
1508.62;408
1510.62;408
1512.62;408
1514.62;408
1516.62;408
1518.82;408
1520.82;408
1522.82;408
1524.82;408
1526.82;408
1529.02;408
1531.02;408
1533.02;408
1535.02;408
1537.02;408
1539.02;408
1541.02;408
1543.22;408
1545.22;408
1547.22;408
1549.22;408
1551.42;408
1553.42;408
1555.42;408
1557.42;408
1559.42;408
1561.62;408
1563.62;408
1565.62;408
1567.62;408
1569.62;408
1571.62;408
1573.62;408
1575.62;408
1577.62;408
1579.62;408
1581.62;408
1583.62;408
1585.62;408
1587.82;408
1589.82;408
1591.82;408
1593.82;408
1595.82;408
1597.82;408
1599.82;408
1601.82;408
1603.82;408
1605.82;408
1607.82;408
1609.82;408
1611.82;408
1614.02;408
1616.02;408
1618.02;408
1620.02;408
1622.02;408
1624.22;408
1626.42;408
1628.42;408
1630.42;408
1632.62;408
1634.62;408
1636.62;408
1638.62;408
1640.62;408
1642.62;408
1644.62;408
1646.62;408
1648.62;408
1650.62;408
1652.62;408
1654.62;408
1656.62;408
1658.62;408
1660.62;408
1662.82;408
1664.82;408
1666.82;408
1668.82;408
1670.82;408
1673.02;408
1675.02;408
1677.02;408
1679.02;408
1681.02;408
1683.22;408
1685.22;408
1687.22;408
1689.22;408
1691.22;408
1693.22;408
1695.22;408
1697.22;408
1699.22;408
1701.22;408
1703.22;408
1705.22;408
1707.22;408
1709.22;408
1711.42;408
1713.42;408
1715.42;408
1717.42;408
1719.42;408
1721.42;408
1723.42;408
1725.42;408
1727.62;408
1729.62;408
1731.62;408
1733.62;408
1735.62;408
1737.62;408
1739.62;408
1741.62;408
1743.62;408
1745.62;408
1747.62;408
1749.62;408
1751.62;408
1753.62;408
1755.82;408
1758.02;408
1760.02;408
1762.02;408
1764.02;408
1766.02;408
1768.02;408
1770.02;408
1772.02;408
1774.02;408
1776.02;408
1778.22;408
1780.22;408
1782.22;408
1784.42;408
1786.42;408
1788.42;408
1790.42;408
1792.42;408
1794.42;408
1796.42;408
