#	X	Y
2.33202;496
4.53201;496
6.53201;496
8.53201;496
10.532;496
12.532;496
14.532;496
16.532;496
18.532;496
20.532;496
22.532;496
24.532;496
26.532;496
28.532;496
30.532;496
32.532;496
34.532;496
36.532;496
38.532;496
40.732;496
42.732;496
44.732;496
46.732;496
48.732;496
50.732;496
52.732;496
54.732;496
56.732;496
58.932;496
60.932;496
62.932;496
64.932;496
66.932;496
68.932;496
71.132;496
73.132;496
75.132;496
77.132;496
79.132;496
81.132;496
83.132;496
85.132;496
87.132;496
89.132;496
91.132;496
93.132;496
95.332;496
97.332;496
99.332;496
101.332;496
103.332;496
105.332;496
107.332;496
109.332;496
111.332;496
113.332;496
115.332;496
117.532;496
119.532;496
121.532;496
123.532;496
125.532;496
127.732;496
129.732;496
131.732;496
133.732;496
135.732;496
137.732;496
139.732;496
141.732;496
143.732;496
145.732;496
147.732;496
149.732;496
151.732;496
153.732;496
155.932;496
157.932;496
159.932;496
161.932;496
163.932;496
166.132;496
168.132;496
170.132;496
172.132;496
174.132;496
176.332;1174
178.332;1174
180.332;1174
182.332;1174
184.332;1174
186.332;1174
188.332;1174
190.332;1174
192.332;1174
194.332;1174
196.532;1174
198.532;1174
200.532;1174
202.532;1174
204.532;1174
206.532;1174
208.532;1174
210.532;1174
212.532;1174
214.532;1174
216.532;1174
218.532;1174
220.532;1174
222.532;1174
224.532;1174
226.532;1174
228.532;1174
230.532;1174
232.532;1174
234.732;1174
236.732;1174
238.732;1174
240.732;1174
242.732;1174
244.732;1174
246.732;1174
248.732;1174
250.732;1174
252.732;1174
254.732;1174
256.732;1174
258.732;1174
260.732;1174
262.732;1174
264.732;1174
266.732;1174
268.732;1174
270.732;1174
272.932;1174
274.932;1174
276.932;1174
278.932;1174
280.932;1174
283.132;1174
285.332;1174
287.532;1174
289.532;1174
291.532;1174
293.532;1174
295.532;1174
297.532;1174
299.532;1174
301.532;1174
303.532;1174
305.532;1174
307.732;1174
309.732;1174
311.732;1174
313.732;1174
315.732;1174
317.732;1174
319.732;1174
321.732;1174
323.732;1174
325.732;1174
327.732;1174
329.932;1174
331.932;1174
333.932;1174
336.132;1174
338.132;1174
340.132;1174
342.132;1174
344.132;1174
346.132;1174
348.132;1174
350.132;1174
352.132;1174
354.132;1174
356.132;1174
358.332;1174
360.332;1174
362.532;1174
364.732;1174
366.732;1174
368.732;1174
370.732;1174
372.732;1174
374.732;1174
376.732;1174
378.732;1174
380.732;1174
382.732;1174
384.732;1174
386.732;1174
388.732;1174
390.732;1174
392.732;1174
394.732;1174
396.732;1174
398.732;1174
400.732;1174
402.732;1174
404.732;1174
406.732;1174
408.932;1174
410.932;1174
412.932;1174
415.132;1174
417.132;1174
419.132;1174
421.332;1174
423.332;1174
425.332;1174
427.532;1174
429.532;1174
431.532;1174
433.732;1174
435.732;1174
437.732;1174
439.732;1174
441.732;1174
443.732;1174
445.932;1174
447.932;1174
449.932;1174
451.932;1174
453.932;1174
455.932;1174
457.932;1174
460.132;1174
462.132;1174
464.132;1174
466.132;1174
468.132;1174
470.132;1174
472.332;1174
474.332;1174
476.332;1174
478.332;1174
480.332;1174
482.332;1174
484.332;1174
486.332;1174
488.332;1174
490.332;1174
492.332;1174
494.332;1174
496.332;1174
498.332;1174
500.332;1174
502.332;1174
504.332;1174
506.332;1174
508.332;1174
510.332;1174
512.332;1174
514.332;1174
516.332;1174
518.532;1174
520.532;1174
522.532;1174
524.732;1174
526.732;1174
528.732;1174
530.932;1174
532.932;1174
534.932;1174
537.132;1174
539.132;1174
541.132;1174
543.132;1174
545.332;1174
547.332;1174
549.332;1174
551.532;1174
553.532;1174
555.532;1174
557.532;1174
559.532;1174
561.532;1174
563.532;1174
565.532;1174
567.532;1174
569.532;1174
571.732;1174
573.932;1174
575.932;1174
578.132;1174
580.132;1174
582.132;1174
584.132;1174
586.132;1174
588.332;1174
590.332;1174
592.332;1174
594.332;1174
596.532;1174
598.532;1174
600.532;1174
602.532;1174
604.532;1174
606.532;1174
608.532;1174
610.732;1174
612.732;1174
614.732;1174
616.732;1174
618.732;1174
620.732;1174
622.732;1174
624.732;1174
626.732;1174
628.732;1174
630.732;1174
632.732;1174
634.732;1174
636.732;1174
638.732;1174
640.732;1174
642.732;1174
644.732;1174
646.732;1174
648.732;1174
650.732;1174
652.732;1174
654.732;1174
656.932;1174
658.932;1174
660.932;1174
662.932;1174
664.932;1174
666.932;1174
668.932;1174
670.932;1174
673.132;1174
675.132;1174
677.132;1174
679.132;1174
681.132;1174
683.132;1174
685.132;1174
687.132;1174
689.132;1174
691.132;1174
693.132;1174
695.132;1174
697.132;1174
699.132;1174
701.332;1174
703.332;1174
705.332;1174
707.332;1174
709.332;1174
711.332;1174
713.332;1174
715.532;1174
717.532;1174
719.532;1174
721.532;1174
723.532;1174
725.732;1174
727.732;1174
729.732;1174
731.732;1174
733.732;1174
735.732;1174
737.732;1174
739.732;1174
741.732;1174
743.732;1174
745.732;1174
747.732;1174
749.732;1174
751.732;1174
753.732;1174
755.732;1174
757.732;1174
759.932;1174
761.932;1174
763.932;1174
765.932;1174
767.932;1174
769.932;1174
771.932;1174
773.932;1174
775.932;1174
777.932;1174
779.932;1174
781.932;1174
783.932;1174
785.932;1174
787.932;1174
790.132;1174
792.332;1174
794.332;1174
796.332;1174
798.532;1174
800.532;1174
802.532;1174
804.532;1174
806.532;1174
808.532;1174
810.532;1174
812.532;1174
814.532;1174
816.532;1174
818.532;1174
820.532;1174
822.532;1174
824.532;1174
826.532;1174
828.732;1174
830.732;1174
832.732;1174
834.732;1174
836.732;1174
838.732;1174
840.732;1174
842.732;1174
844.732;1174
846.932;1174
848.932;1174
850.932;1174
852.932;1174
854.932;1174
856.932;1174
858.932;1174
860.932;1174
862.932;1174
864.932;1174
866.932;1174
868.932;1174
870.932;1174
872.932;1174
874.932;1174
876.932;1174
878.932;1174
880.932;1174
882.932;1174
884.932;1174
886.932;1174
888.932;1174
890.932;1174
892.932;1174
894.932;1174
896.932;1174
898.932;1174
900.932;1174
902.932;1174
904.932;1174
906.932;1174
908.932;1174
910.932;1174
912.932;1172
914.932;1172
916.932;1172
918.932;1172
921.132;1172
923.132;1172
925.132;1172
927.332;1172
929.332;1172
931.332;1172
933.332;1172
935.332;1172
937.332;1172
939.332;1172
941.332;1172
943.532;1172
945.532;1172
947.532;1172
949.532;1172
951.532;1172
953.732;1172
955.732;1172
957.732;1172
959.932;1172
961.932;1172
963.932;1172
965.932;1172
967.932;1172
969.932;1172
971.932;1172
973.932;1172
975.932;1172
978.132;1172
980.132;1172
982.132;1172
984.132;1172
986.132;1172
988.132;1172
990.132;1172
992.332;1172
994.332;1172
996.332;1172
998.332;1172
1000.33;1172
1002.53;1172
1004.53;1172
1006.73;1172
1008.73;1172
1010.93;1172
1012.93;1172
1014.93;1172
1016.93;1172
1018.93;1172
1020.93;1172
1022.93;1172
1024.93;1172
1026.93;1172
1028.93;1172
1030.93;1172
1033.13;1172
1035.13;1172
1037.13;1172
1039.13;1172
1041.13;1172
1043.13;1172
1045.13;1172
1047.13;1172
1049.13;1172
1051.13;1172
1053.13;1172
1055.33;1172
1057.33;1172
1059.53;1172
1061.53;1172
1063.53;1172
1065.53;1172
1067.73;1172
1069.73;1172
1071.73;1172
1073.73;1172
1075.73;1172
1077.73;1172
1079.73;1172
1081.93;1172
1083.93;1172
1085.93;1172
1087.93;1172
1089.93;1172
1091.93;1172
1093.93;1172
1096.13;1172
1098.13;1172
1100.13;1172
1102.13;1172
1104.33;1172
1106.33;1172
1108.33;1172
1110.33;1172
1112.33;1172
1114.53;1172
1116.53;1172
1118.53;1172
1120.53;1172
1122.53;1172
1124.53;1172
1126.53;1172
1128.73;1172
1130.73;1172
1132.73;1172
1134.73;1172
1136.73;1172
1138.93;1172
1140.93;1172
1142.93;1172
1144.93;1172
1146.93;1172
1148.93;1172
1150.93;1172
1152.93;1172
1154.93;1172
1156.93;1172
1158.93;1172
1160.93;1172
1162.93;1172
1164.93;1172
1166.93;1172
1168.93;1172
1170.93;1172
1173.13;1172
1175.13;1172
1177.13;1172
1179.13;1172
1181.13;1172
1183.13;1172
1185.13;1172
1187.13;1172
1189.13;1172
1191.13;1172
1193.13;1172
1195.33;1172
1197.33;1172
1199.33;1172
1201.33;1172
1203.33;1172
1205.33;1172
1207.33;1172
1209.33;1172
1211.33;1172
1213.33;1172
1215.33;1172
1217.33;1172
1219.33;1172
1221.33;1172
1223.33;1172
1225.53;1172
1227.53;1172
1229.53;1172
1231.53;1172
1233.53;1172
1235.53;1172
1237.53;1172
1239.73;1172
1241.73;1172
1243.73;1172
1245.73;1172
1247.73;1172
1249.93;1172
1251.93;1172
1253.93;1172
1255.93;1172
1257.93;1172
1260.13;1172
1262.13;1172
1264.13;1172
1266.13;1172
1268.13;1172
1270.13;1172
1272.13;1172
1274.13;1172
1276.33;1172
1278.33;1172
1280.33;1172
1282.53;1172
1284.53;1172
1286.53;1172
1288.53;1172
1290.53;1172
1292.53;1172
1294.53;1172
1296.53;1172
1298.73;1172
1300.73;1172
1302.93;1172
1304.93;1172
1306.93;1172
1308.93;1172
1310.93;1172
1313.13;1172
1315.13;1172
1317.13;1172
1319.33;1172
1321.33;1172
1323.33;1172
1325.33;1172
1327.53;1172
1329.53;1172
1331.53;1172
1333.73;1172
1335.93;1172
1337.93;1172
1339.93;1172
1341.93;1172
1343.93;1172
1346.13;1172
1348.13;1172
1350.13;1172
1352.13;1172
1354.33;1172
1356.33;1172
1358.33;1172
1360.53;1172
1362.53;1172
1364.53;1172
1366.73;1172
1368.73;1172
1370.93;1172
1372.93;1172
1374.93;1172
1376.93;1172
1378.93;1172
1380.93;1172
1382.93;1172
1384.93;1172
1386.93;1172
1388.93;1172
1390.93;1172
1392.93;1172
1394.93;1172
1396.93;1172
1398.93;1172
1400.93;1172
1402.93;1172
1404.93;1172
1406.93;1172
1408.93;1172
1410.93;1172
1412.93;1172
1414.93;1172
1416.93;1172
1419.13;1172
1421.13;1172
1423.13;1172
1425.33;1172
1427.33;1172
1429.33;1172
1431.33;1172
1433.33;1172
1435.53;1172
1437.53;1172
1439.53;1172
1441.53;1172
1443.53;1172
1445.73;1172
1447.73;1172
1449.73;1172
1451.73;1172
1453.93;1172
1455.93;1172
1457.93;1172
1459.93;1172
1461.93;1172
1463.93;1172
1466.13;1172
1468.33;1172
1470.33;1172
1472.33;1172
1474.53;1172
1476.53;1172
1478.73;1172
1480.73;1172
1482.73;1172
1484.73;1172
1486.73;1172
1488.93;1172
1491.13;1172
1493.13;1172
1495.33;1172
1497.53;1172
1499.53;1172
1501.53;1172
1503.53;1172
1505.73;1172
1507.73;1172
1509.73;1172
1511.93;1172
1513.93;1172
1515.93;1172
1517.93;1172
1519.93;1172
1521.93;1172
1523.93;1172
1526.13;1172
1528.13;1172
1530.13;1172
1532.13;1172
1534.13;1172
1536.13;1172
1538.33;1172
1540.53;1172
1542.73;1172
1544.73;1172
1546.73;1172
1548.73;1172
1550.73;1172
1552.73;1172
1554.93;1172
1556.93;1172
1558.93;1172
1560.93;1172
1562.93;1172
1565.13;1172
1567.13;1172
1569.13;1172
1571.13;1172
1573.13;1172
1575.13;1172
1577.13;1172
1579.13;1172
1581.13;1172
1583.13;1172
1585.13;1172
1587.13;1172
1589.13;1172
1591.13;1172
1593.13;1172
1595.13;1172
1597.13;1172
1599.13;1172
1601.13;1172
1603.13;1172
1605.13;1172
1607.33;1172
1609.33;1172
1611.33;1172
1613.33;1172
1615.33;1172
1617.33;1172
1619.33;1172
1621.33;1172
1623.33;1172
1625.33;1172
1627.33;1172
1629.33;1172
1631.33;1172
1633.33;1172
1635.33;1172
1637.33;1172
1639.33;1172
1641.53;1172
1643.53;1172
1645.53;1172
1647.53;1172
1649.53;1172
1651.53;1172
1653.53;1172
1655.73;1172
1657.73;1172
1659.73;1172
1661.73;1172
1663.73;1172
1665.73;1172
1667.93;1172
1669.93;1172
1671.93;1172
1673.93;1172
1675.93;1172
1677.93;1172
1679.93;1172
1681.93;1172
1684.13;1172
1686.13;1172
1688.13;1172
1690.13;1172
1692.13;1172
1694.13;1172
1696.33;1172
1698.33;1172
1700.53;1172
1702.53;1172
1704.53;1172
1706.53;1172
1708.53;1172
1710.53;1172
1712.53;1172
1714.53;1172
1716.53;1172
1718.53;1172
1720.53;1172
1722.73;1172
1724.93;1172
1726.93;1172
1728.93;1172
1730.93;1172
1732.93;1172
1735.13;1172
1737.13;1172
1739.13;1172
1741.13;1172
1743.33;1172
1745.33;1172
1747.33;1172
1749.33;1172
1751.33;1172
1753.33;1172
1755.33;1172
1757.53;1172
1759.53;1172
1761.53;1172
1763.53;1172
1765.53;1172
1767.53;1172
1769.53;1172
1771.53;1172
1773.53;1172
1775.73;1172
1777.73;1172
1779.73;1172
1781.73;1172
1783.73;1172
1785.73;1172
1787.73;1172
1789.73;1172
1791.73;1172
1793.73;1172
1795.93;1172
1797.93;1172
