#	X	Y
2.18202;425
4.38201;425
6.38201;425
8.38201;425
10.382;425
12.382;425
14.382;425
16.382;425
18.382;425
20.382;425
22.382;425
24.382;425
26.382;425
28.382;425
30.382;425
32.382;425
34.382;425
36.382;425
38.382;425
40.582;425
42.582;425
44.582;425
46.582;425
48.582;425
50.582;425
52.582;425
54.582;425
56.582;425
58.782;425
60.782;425
62.782;425
64.782;425
66.782;425
68.782;425
70.982;425
72.982;425
74.982;425
76.982;425
78.982;425
80.982;425
82.982;425
84.982;425
86.982;425
88.982;425
90.982;425
92.982;425
95.182;425
97.182;425
99.182;425
101.182;425
103.182;425
105.182;425
107.182;425
109.182;425
111.182;425
113.182;425
115.182;425
117.382;425
119.382;425
121.382;425
123.382;425
125.382;425
127.582;425
129.582;425
131.582;425
133.582;425
135.582;425
137.582;425
139.582;425
141.582;425
143.582;425
145.582;425
147.582;425
149.582;425
151.582;425
153.582;425
155.782;425
157.782;425
159.782;425
161.782;425
163.782;425
165.982;425
167.982;425
169.982;425
171.982;425
173.982;425
176.182;1061
178.182;1061
180.182;1061
182.182;1061
184.182;1061
186.182;1061
188.182;1061
190.182;1061
192.182;1061
194.182;1061
196.382;1061
198.382;1061
200.382;1061
202.382;1061
204.382;1061
206.382;1061
208.382;1061
210.382;1061
212.382;1061
214.382;1061
216.382;1061
218.382;1061
220.382;1061
222.382;1061
224.382;1061
226.382;1061
228.382;1061
230.382;1061
232.382;1061
234.582;1061
236.582;1061
238.582;1061
240.582;1061
242.582;1061
244.582;1061
246.582;1061
248.582;1061
250.582;1061
252.582;1061
254.582;1061
256.582;1061
258.582;1061
260.582;1061
262.582;1061
264.582;1061
266.582;1061
268.582;1061
270.582;1061
272.782;1061
274.782;1061
276.782;1061
278.782;1061
280.782;1061
282.982;1061
285.182;1061
287.382;1061
289.382;1061
291.382;1061
293.382;1061
295.382;1061
297.382;1061
299.382;1061
301.382;1061
303.382;1061
305.382;1061
307.582;1061
309.582;1061
311.582;1061
313.582;1061
315.582;1061
317.582;1061
319.582;1061
321.582;1061
323.582;1061
325.582;1061
327.582;1061
329.782;1061
331.782;1061
333.782;1061
335.982;1061
337.982;1061
339.982;1061
341.982;1061
343.982;1061
345.982;1061
347.982;1061
349.982;1061
351.982;1061
353.982;1061
355.982;1061
358.182;1061
360.182;1061
362.382;1061
364.582;1061
366.582;1061
368.582;1061
370.582;1061
372.582;1061
374.582;1061
376.582;1061
378.582;1061
380.582;1061
382.582;1061
384.582;1061
386.582;1061
388.582;1061
390.582;1061
392.582;1061
394.582;1061
396.582;1061
398.582;1061
400.582;1061
402.582;1061
404.582;1061
406.582;1061
408.782;1061
410.782;1061
412.782;1061
414.982;1061
416.982;1061
418.982;1061
421.182;1061
423.182;1061
425.182;1061
427.382;1061
429.382;1061
431.382;1061
433.582;1061
435.582;1061
437.582;1061
439.582;1061
441.582;1061
443.582;1061
445.782;1061
447.782;1061
449.782;1061
451.782;1061
453.782;1061
455.782;1061
457.782;1061
459.982;1061
461.982;1061
463.982;1061
465.982;1061
467.982;1061
469.982;1061
472.182;1061
474.182;1061
476.182;1061
478.182;1061
480.182;1061
482.182;1061
484.182;1061
486.182;1061
488.182;1061
490.182;1061
492.182;1061
494.182;1061
496.182;1061
498.182;1061
500.182;1061
502.182;1061
504.182;1061
506.182;1061
508.182;1061
510.182;1061
512.182;1061
514.182;1061
516.182;1061
518.382;1061
520.382;1061
522.382;1061
524.582;1061
526.582;1061
528.582;1061
530.782;1061
532.782;1061
534.782;1061
536.982;1061
538.982;1061
540.982;1061
542.982;1061
545.182;1061
547.182;1061
549.182;1061
551.382;1061
553.382;1061
555.382;1061
557.382;1061
559.382;1061
561.382;1061
563.382;1061
565.382;1061
567.382;1061
569.382;1061
571.582;1061
573.782;1061
575.782;1061
577.982;1061
579.982;1061
581.982;1061
583.982;1061
585.982;1061
588.182;1061
590.182;1061
592.182;1061
594.182;1061
596.382;1061
598.382;1061
600.382;1061
602.382;1061
604.382;1061
606.382;1061
608.382;1061
610.582;1061
612.582;1061
614.582;1061
616.582;1061
618.582;1061
620.582;1061
622.582;1061
624.582;1061
626.582;1061
628.582;1061
630.582;1061
632.582;1061
634.582;1061
636.582;1061
638.582;1061
640.582;1061
642.582;1061
644.582;1061
646.582;1061
648.582;1061
650.582;1061
652.582;1061
654.582;1061
656.782;1061
658.782;1061
660.782;1061
662.782;1061
664.782;1061
666.782;1061
668.782;1061
670.782;1061
672.982;1061
674.982;1061
676.982;1061
678.982;1061
680.982;1061
682.982;1061
684.982;1061
686.982;1061
688.982;1061
690.982;1061
692.982;1061
694.982;1061
696.982;1061
698.982;1061
701.182;1061
703.182;1061
705.182;1061
707.182;1061
709.182;1061
711.182;1061
713.182;1061
715.382;1061
717.382;1061
719.382;1061
721.382;1061
723.382;1061
725.582;1061
727.582;1061
729.582;1061
731.582;1061
733.582;1061
735.582;1061
737.582;1061
739.582;1061
741.582;1061
743.582;1061
745.582;1061
747.582;1061
749.582;1061
751.582;1061
753.582;1061
755.582;1061
757.582;1061
759.782;1061
761.782;1061
763.782;1061
765.782;1061
767.782;1061
769.782;1061
771.782;1061
773.782;1061
775.782;1061
777.782;1061
779.782;1061
781.782;1061
783.782;1061
785.782;1061
787.782;1061
789.982;1061
792.182;1061
794.182;1061
796.182;1061
798.382;1061
800.382;1061
802.382;1061
804.382;1061
806.382;1061
808.382;1061
810.382;1061
812.382;1061
814.382;1061
816.382;1061
818.382;1061
820.382;1061
822.382;1061
824.382;1061
826.382;1061
828.582;1061
830.582;1061
832.582;1061
834.582;1061
836.582;1061
838.582;1061
840.582;1061
842.582;1061
844.582;1061
846.782;1061
848.782;1061
850.782;1061
852.782;1061
854.782;1061
856.782;1061
858.782;1061
860.782;1061
862.782;1061
864.782;1061
866.782;1061
868.782;1061
870.782;1061
872.782;1061
874.782;1061
876.782;1061
878.782;1061
880.782;1061
882.782;1061
884.782;1061
886.782;1061
888.782;1061
890.782;1061
892.782;1061
894.782;1061
896.782;1061
898.782;1061
900.782;1061
902.782;1061
904.782;1061
906.782;1061
908.782;1061
910.782;1061
912.782;1938
914.782;1938
916.782;1938
918.782;1938
920.982;1938
922.982;1938
924.982;1938
927.182;1938
929.182;1938
931.182;1938
933.182;1938
935.182;1938
937.182;1938
939.182;1938
941.182;1938
943.382;1938
945.382;1938
947.382;1938
949.382;1938
951.382;1938
953.582;1938
955.582;1938
957.582;1938
959.782;1938
961.782;1938
963.782;1938
965.782;1938
967.782;1938
969.782;1938
971.782;1938
973.782;1938
975.782;1938
977.982;1938
979.982;1938
981.982;1938
983.982;1938
985.982;1938
987.982;1938
989.982;1938
992.182;1938
994.182;1938
996.182;1938
998.182;1938
1000.18;1938
1002.38;1938
1004.38;1938
1006.58;1938
1008.58;1938
1010.78;1938
1012.78;1938
1014.78;1938
1016.78;1938
1018.78;1938
1020.78;1938
1022.78;1938
1024.78;1938
1026.78;1938
1028.78;1938
1030.78;1938
1032.98;1938
1034.98;1938
1036.98;1938
1038.98;1938
1040.98;1938
1042.98;1938
1044.98;1938
1046.98;1938
1048.98;1938
1050.98;1938
1052.98;1938
1055.18;1938
1057.18;1938
1059.38;1938
1061.38;1938
1063.38;1938
1065.38;1938
1067.58;1938
1069.58;1938
1071.58;1938
1073.58;1938
1075.58;1938
1077.58;1938
1079.58;1938
1081.78;1938
1083.78;1938
1085.78;1938
1087.78;1938
1089.78;1938
1091.78;1938
1093.78;1938
1095.98;1938
1097.98;1938
1099.98;1938
1101.98;1938
1104.18;1938
1106.18;1938
1108.18;1938
1110.18;1938
1112.18;1938
1114.38;1938
1116.38;1938
1118.38;1938
1120.38;1938
1122.38;1938
1124.38;1938
1126.38;1938
1128.58;1938
1130.58;1938
1132.58;1938
1134.58;1938
1136.58;1938
1138.78;1938
1140.78;1938
1142.78;1938
1144.78;1938
1146.78;1938
1148.78;1938
1150.78;1938
1152.78;1938
1154.78;1938
1156.78;1938
1158.78;1938
1160.78;1938
1162.78;1938
1164.78;1938
1166.78;1938
1168.78;1938
1170.78;1938
1172.98;1938
1174.98;1938
1176.98;1938
1178.98;1938
1180.98;1938
1182.98;1938
1184.98;1938
1186.98;1938
1188.98;1938
1190.98;1938
1192.98;1938
1195.18;1938
1197.18;1938
1199.18;1938
1201.18;1938
1203.18;1938
1205.18;1938
1207.18;1938
1209.18;1938
1211.18;1938
1213.18;1938
1215.18;1938
1217.18;1938
1219.18;1938
1221.18;1938
1223.18;1938
1225.38;1938
1227.38;1938
1229.38;1938
1231.38;1938
1233.38;1938
1235.38;1938
1237.38;1938
1239.58;1938
1241.58;1938
1243.58;1938
1245.58;1938
1247.58;1938
1249.78;1938
1251.78;1938
1253.78;1938
1255.78;1938
1257.78;1938
1259.98;1938
1261.98;1938
1263.98;1938
1265.98;1938
1267.98;1938
1269.98;1938
1271.98;1938
1273.98;1938
1276.18;1938
1278.18;1938
1280.18;1938
1282.38;1938
1284.38;1938
1286.38;1938
1288.38;1938
1290.38;1938
1292.38;1938
1294.38;1938
1296.38;1938
1298.58;1938
1300.58;1938
1302.78;1938
1304.78;1938
1306.78;1938
1308.78;1938
1310.78;1938
1312.98;1938
1314.98;1938
1316.98;1938
1319.18;1938
1321.18;1938
1323.18;1938
1325.18;1938
1327.38;1938
1329.38;1938
1331.38;1938
1333.58;1938
1335.78;1938
1337.78;1938
1339.78;1938
1341.78;1938
1343.78;1938
1345.98;1938
1347.98;1938
1349.98;1938
1351.98;1938
1354.18;1938
1356.18;1938
1358.18;1938
1360.38;1938
1362.38;1938
1364.38;1938
1366.58;1938
1368.58;1938
1370.78;1938
1372.78;1938
1374.78;1938
1376.78;1938
1378.78;1938
1380.78;1938
1382.78;1938
1384.78;1938
1386.78;1938
1388.78;1938
1390.78;1938
1392.78;1938
1394.78;1938
1396.78;1938
1398.78;1938
1400.78;1938
1402.78;1938
1404.78;1938
1406.78;1938
1408.78;1938
1410.78;1938
1412.78;1938
1414.78;1938
1416.78;1938
1418.98;1938
1420.98;1938
1422.98;1938
1425.18;1938
1427.18;1938
1429.18;1938
1431.18;1938
1433.18;1938
1435.38;1938
1437.38;1938
1439.38;1938
1441.38;1938
1443.38;1938
1445.58;1938
1447.58;1938
1449.58;1938
1451.58;1938
1453.78;1938
1455.78;1938
1457.78;1938
1459.78;1938
1461.78;1938
1463.78;1938
1465.98;1938
1468.18;1938
1470.18;1938
1472.18;1938
1474.38;1938
1476.38;1938
1478.58;1938
1480.58;1938
1482.58;1938
1484.58;1938
1486.58;1938
1488.78;1938
1490.98;1938
1492.98;1938
1495.18;1938
1497.38;1938
1499.38;1938
1501.38;1938
1503.38;1938
1505.58;1938
1507.58;1938
1509.58;1938
1511.78;1938
1513.78;1938
1515.78;1938
1517.78;1938
1519.78;1938
1521.78;1938
1523.78;1938
1525.98;1938
1527.98;1938
1529.98;1938
1531.98;1938
1533.98;1938
1535.98;1938
1538.18;1938
1540.38;1938
1542.58;1938
1544.58;1938
1546.58;1938
1548.58;1938
1550.58;1938
1552.58;1938
1554.78;1938
1556.78;1938
1558.78;1938
1560.78;1938
1562.78;1938
1564.98;1938
1566.98;1938
1568.98;1938
1570.98;1938
1572.98;1938
1574.98;1938
1576.98;1938
1578.98;1938
1580.98;1938
1582.98;1938
1584.98;1938
1586.98;1938
1588.98;1938
1590.98;1938
1592.98;1938
1594.98;1938
1596.98;1938
1598.98;1938
1600.98;1938
1602.98;1938
1604.98;1938
1607.18;1938
1609.18;1938
1611.18;1938
1613.18;1938
1615.18;1938
1617.18;1938
1619.18;1938
1621.18;1938
1623.18;1938
1625.18;1938
1627.18;1938
1629.18;1938
1631.18;1938
1633.18;1938
1635.18;1938
1637.18;1938
1639.18;1938
1641.38;1938
1643.38;1938
1645.38;1938
1647.38;1938
1649.38;1938
1651.38;1938
1653.38;1938
1655.58;1938
1657.58;1938
1659.58;1938
1661.58;1938
1663.58;1938
1665.58;1938
1667.78;1938
1669.78;1938
1671.78;1938
1673.78;1938
1675.78;1938
1677.78;1938
1679.78;1938
1681.78;1938
1683.98;1938
1685.98;1938
1687.98;1938
1689.98;1938
1691.98;1938
1693.98;1938
1696.18;1938
1698.18;1938
1700.38;1938
1702.38;1938
1704.38;1938
1706.38;1938
1708.38;1938
1710.38;1938
1712.38;1938
1714.38;1938
1716.38;1938
1718.38;1938
1720.38;1938
1722.58;1938
1724.78;1938
1726.78;1938
1728.78;1938
1730.78;1938
1732.78;1938
1734.98;1938
1736.98;1938
1738.98;1938
1740.98;1938
1743.18;1938
1745.18;1938
1747.18;1938
1749.18;1938
1751.18;1938
1753.18;1938
1755.18;1938
1757.38;1938
1759.38;1938
1761.38;1938
1763.38;1938
1765.38;1938
1767.38;1938
1769.38;1938
1771.38;1938
1773.38;1938
1775.58;1938
1777.58;1938
1779.58;1938
1781.58;1938
1783.58;1938
1785.58;1938
1787.58;1938
1789.58;1938
1791.58;1938
1793.58;1938
1795.78;1938
1797.78;1938
