#	X	Y
2.38802;150
4.38801;150
6.38801;150
8.58801;150
10.788;150
12.788;150
14.788;150
16.788;150
18.788;150
20.788;150
22.788;150
24.988;150
26.988;150
29.188;150
31.188;150
33.188;150
35.188;150
37.188;150
39.188;150
41.188;150
43.188;150
45.188;150
47.188;150
49.188;150
51.188;150
53.188;150
55.188;150
57.388;150
59.388;150
61.388;150
63.388;150
65.388;150
67.388;150
69.588;150
71.588;150
73.588;150
75.588;150
77.588;150
79.588;150
81.588;150
83.588;150
85.788;150
87.788;150
89.788;150
91.988;150
94.188;336
96.188;336
98.188;336
100.188;336
102.188;336
104.188;336
106.188;336
108.388;336
110.388;336
112.388;336
114.388;336
116.388;336
118.388;336
120.388;336
122.388;336
124.388;336
126.388;336
128.588;336
130.588;336
132.588;336
134.588;336
136.588;336
138.588;336
140.588;336
142.588;336
144.588;336
146.588;336
148.588;336
150.588;336
152.588;336
154.588;336
156.588;336
158.788;336
160.788;336
162.988;336
164.988;336
166.988;336
168.988;336
170.988;336
172.988;336
174.988;336
176.988;336
178.988;336
181.188;336
183.188;336
185.188;336
187.188;336
189.388;336
191.388;336
193.388;336
195.388;336
197.588;336
199.588;336
201.588;336
203.788;336
205.788;336
207.788;336
209.788;336
211.788;336
213.788;336
215.788;336
217.788;336
219.788;336
221.788;336
223.788;336
225.788;336
227.788;336
229.788;336
231.788;336
233.788;336
235.788;336
237.788;336
239.788;336
241.788;336
243.788;336
245.788;336
247.788;336
249.788;336
251.788;336
253.788;336
255.788;336
257.788;336
259.788;336
261.788;336
263.788;336
265.988;336
267.988;336
269.988;336
271.988;336
274.188;336
276.188;336
278.188;336
280.388;336
282.388;336
284.388;336
286.388;336
288.388;336
290.588;336
292.588;336
294.588;336
296.588;336
298.588;336
300.588;336
302.588;336
304.588;336
306.588;336
308.588;336
310.788;336
312.988;336
314.988;336
316.988;336
318.988;336
320.988;336
322.988;336
324.988;336
327.188;336
329.388;336
331.388;336
333.388;336
335.388;336
337.388;336
339.388;336
341.388;336
343.388;336
345.388;336
347.588;336
349.588;336
351.788;336
353.988;336
355.988;336
357.988;336
359.988;336
362.188;336
364.388;336
366.388;336
368.388;336
370.388;336
372.588;336
374.788;336
376.988;336
378.988;336
381.188;336
383.388;336
385.388;336
387.388;336
389.388;336
391.388;336
393.388;336
395.388;336
397.388;336
399.388;336
401.388;336
403.388;336
405.388;336
407.388;336
409.388;336
411.388;336
413.388;336
415.588;336
417.588;336
419.588;336
421.588;336
423.588;336
425.588;336
427.788;336
429.788;336
431.988;336
433.988;336
435.988;336
437.988;336
439.988;336
441.988;336
443.988;336
445.988;336
447.988;336
449.988;336
451.988;336
454.188;336
456.188;336
458.188;336
460.188;336
462.188;336
464.188;336
466.188;336
468.188;336
470.188;336
472.388;336
474.588;336
476.788;336
478.988;336
481.188;336
483.188;336
485.188;336
487.188;336
489.188;336
491.188;336
493.188;336
495.188;336
497.188;336
499.188;336
501.188;336
503.188;336
505.188;336
507.188;336
509.188;336
511.188;336
513.188;336
515.188;336
517.188;336
519.188;336
521.188;336
523.188;336
525.188;336
527.188;336
529.188;336
531.188;336
533.188;336
535.388;336
537.388;336
539.388;336
541.388;336
543.388;336
545.388;336
547.388;336
549.388;336
551.388;336
553.388;336
555.388;336
557.388;336
559.388;336
561.388;336
563.388;336
565.388;336
567.388;336
569.388;336
571.388;336
573.388;336
575.388;336
577.388;336
579.388;336
581.588;336
583.788;336
585.988;336
587.988;336
589.988;336
591.988;336
593.988;336
596.188;336
598.188;336
600.388;336
602.388;336
604.388;336
606.388;336
608.388;336
610.388;336
612.388;336
614.388;336
616.388;336
618.588;336
620.588;336
622.588;336
624.588;336
626.588;336
628.588;336
630.788;336
632.788;336
634.788;336
636.788;336
638.788;336
640.788;336
642.788;336
644.788;336
646.788;336
648.788;336
650.788;336
652.788;336
654.788;336
656.788;336
658.788;336
660.988;336
662.988;336
664.988;336
667.188;336
669.188;336
671.188;336
673.188;336
675.188;336
677.188;336
679.188;336
681.188;336
683.188;336
685.188;336
687.188;336
689.188;336
691.188;336
693.388;336
695.388;336
697.388;336
699.388;336
701.388;336
703.388;336
705.388;336
707.388;336
709.388;336
711.588;336
713.588;336
715.588;336
717.588;336
719.588;336
721.788;336
723.788;336
725.788;336
727.788;336
729.988;336
731.988;336
734.188;336
736.188;336
738.188;336
740.188;336
742.188;336
744.188;336
746.188;336
748.188;336
750.388;336
752.588;336
754.588;336
756.588;336
758.588;336
760.588;336
762.588;336
764.588;336
766.588;336
768.588;336
770.588;336
772.788;336
774.788;336
776.788;336
778.788;336
780.788;336
782.788;336
784.788;336
786.788;336
788.788;336
790.788;336
792.788;336
794.788;336
796.788;336
798.788;336
800.788;336
802.988;336
805.188;336
807.188;336
809.188;336
811.188;336
813.188;336
815.188;336
817.188;336
819.188;336
821.188;336
823.188;336
825.188;336
827.188;336
829.388;336
831.588;336
833.588;336
835.588;336
837.588;336
839.588;336
841.588;336
843.588;336
845.788;336
847.788;336
849.788;336
851.788;336
853.788;336
855.788;336
857.788;336
859.788;336
861.788;336
863.988;336
865.988;336
867.988;336
869.988;336
871.988;336
873.988;336
875.988;336
878.188;336
880.188;336
882.188;336
884.188;336
886.188;336
888.388;336
890.388;336
892.388;336
894.388;336
896.388;336
898.388;336
900.388;336
902.588;336
904.588;336
906.588;336
908.788;336
910.788;336
912.788;336
914.788;336
916.988;544
918.988;544
920.988;544
922.988;544
924.988;544
926.988;544
928.988;544
931.188;544
933.188;544
935.188;544
937.188;544
939.188;544
941.188;544
943.188;544
945.188;544
947.188;544
949.388;544
951.388;544
953.388;544
955.388;544
957.388;544
959.388;544
961.388;544
963.388;544
965.388;544
967.388;544
969.388;544
971.388;544
973.388;544
975.388;544
977.388;544
979.388;544
981.588;544
983.588;544
985.588;544
987.588;544
989.588;544
991.788;544
993.788;544
995.988;544
997.988;544
999.988;544
1001.99;544
1003.99;544
1005.99;544
1007.99;544
1009.99;544
1011.99;544
1013.99;544
1015.99;544
1018.19;544
1020.19;544
1022.19;544
1024.19;544
1026.19;544
1028.19;544
1030.39;544
1032.39;544
1034.39;544
1036.39;544
1038.39;544
1040.59;544
1042.59;544
1044.59;544
1046.59;544
1048.79;544
1050.79;544
1052.79;544
1054.79;544
1056.79;544
1058.79;544
1060.79;544
1062.79;544
1064.79;544
1066.79;544
1068.79;544
1070.79;544
1072.79;544
1074.79;544
1076.79;544
1078.79;544
1080.79;544
1082.79;544
1084.79;544
1086.79;544
1088.79;544
1090.79;544
1092.79;544
1094.79;544
1096.79;544
1098.79;544
1100.79;544
1102.79;544
1104.79;544
1106.79;544
1108.79;544
1110.79;544
1112.79;544
1114.79;544
1116.79;544
1118.79;544
1120.99;544
1123.19;544
1125.19;544
1127.19;544
1129.19;544
1131.19;544
1133.19;544
1135.19;544
1137.19;544
1139.19;544
1141.39;544
1143.39;544
1145.39;544
1147.39;544
1149.39;544
1151.59;544
1153.59;544
1155.59;544
1157.59;544
1159.59;544
1161.79;544
1163.79;544
1165.79;544
1167.79;544
1169.79;544
1171.99;544
1173.99;544
1176.19;544
1178.19;544
1180.19;544
1182.39;544
1184.39;544
1186.39;544
1188.39;544
1190.59;544
1192.79;544
1194.79;544
1196.79;544
1198.99;544
1200.99;544
1202.99;544
1204.99;544
1206.99;544
1208.99;544
1210.99;544
1213.19;544
1215.39;544
1217.39;544
1219.39;544
1221.39;544
1223.39;544
1225.39;544
1227.39;544
1229.39;544
1231.39;544
1233.39;544
1235.39;544
1237.39;544
1239.39;544
1241.59;544
1243.59;544
1245.59;544
1247.79;544
1249.79;544
1251.79;544
1253.79;544
1255.79;544
1257.79;544
1259.79;544
1261.79;544
1263.79;544
1265.99;544
1267.99;544
1269.99;544
1271.99;544
1273.99;544
1275.99;544
1277.99;544
1279.99;544
1281.99;544
1283.99;544
1285.99;544
1287.99;544
1289.99;544
1291.99;544
1293.99;544
1295.99;544
1297.99;544
1299.99;544
1301.99;544
1303.99;544
1305.99;544
1307.99;544
1310.19;544
1312.19;544
1314.19;544
1316.19;544
1318.39;544
1320.39;544
1322.39;544
1324.39;544
1326.39;544
1328.39;544
1330.59;544
1332.59;544
1334.59;544
1336.59;544
1338.59;544
1340.59;544
1342.79;544
1344.79;544
1346.79;544
1348.79;544
1350.79;544
1352.99;544
1354.99;544
1356.99;544
1358.99;544
1360.99;544
1363.19;544
1365.39;544
1367.39;544
1369.39;544
1371.39;544
1373.59;544
1375.59;544
1377.59;544
1379.59;544
1381.59;544
1383.59;544
1385.59;544
1387.59;544
1389.59;544
1391.59;544
1393.59;544
1395.59;544
1397.59;544
1399.59;544
1401.59;544
1403.59;544
1405.59;544
1407.59;544
1409.79;544
1411.79;544
1413.79;544
1415.79;544
1417.79;544
1419.79;544
1421.79;544
1423.79;544
1425.79;544
1427.79;544
1429.79;544
1431.79;544
1433.79;544
1435.79;544
1437.79;544
1439.79;544
1441.79;544
1443.79;544
1445.99;544
1447.99;544
1450.19;544
1452.39;544
1454.59;544
1456.79;544
1458.79;544
1460.79;544
1462.79;544
1464.79;544
1466.79;544
1468.79;544
1470.79;544
1472.79;544
1474.79;544
1476.79;544
1478.79;544
1480.79;544
1482.99;544
1484.99;544
1486.99;544
1489.19;544
1491.39;544
1493.39;544
1495.39;544
1497.39;544
1499.59;544
1501.59;544
1503.59;544
1505.59;544
1507.59;544
1509.59;544
1511.79;544
1513.99;544
1515.99;544
1517.99;544
1520.19;544
1522.19;544
1524.19;544
1526.39;544
1528.39;544
1530.39;544
1532.39;544
1534.39;544
1536.39;544
1538.39;544
1540.39;544
1542.39;544
1544.39;544
1546.39;544
1548.39;544
1550.39;544
1552.39;544
1554.39;544
1556.39;544
1558.39;544
1560.39;544
1562.39;544
1564.39;544
1566.39;544
1568.39;544
1570.39;544
1572.39;544
1574.39;544
1576.39;544
1578.39;544
1580.59;544
1582.59;544
1584.59;544
1586.59;544
1588.79;544
1590.79;544
1592.79;544
1594.79;544
1596.79;544
1598.79;544
1600.79;544
1602.79;544
1604.79;544
1606.99;544
1608.99;544
1610.99;544
1612.99;544
1615.19;544
1617.19;544
1619.19;544
1621.19;544
1623.19;544
1625.19;544
1627.39;544
1629.39;544
1631.39;544
1633.39;544
1635.59;544
1637.59;544
1639.79;544
1641.99;544
1644.19;544
1646.19;544
1648.19;544
1650.39;544
1652.39;544
1654.59;544
1656.79;544
1658.79;544
1660.79;544
1662.99;544
1664.99;544
1667.19;544
1669.19;544
1671.19;544
1673.19;544
1675.19;544
1677.19;544
1679.19;544
1681.19;544
1683.19;544
1685.19;544
1687.19;544
1689.19;544
1691.19;544
1693.19;544
1695.19;544
1697.19;544
1699.19;544
1701.39;544
1703.39;544
1705.39;544
1707.39;544
1709.39;544
1711.39;544
1713.39;544
1715.59;544
1717.59;544
1719.59;544
1721.59;544
1723.79;544
1725.79;544
1727.79;544
1729.79;544
1731.79;544
1733.79;544
1735.79;544
1737.99;544
1739.99;544
1741.99;544
1743.99;544
1745.99;544
1747.99;544
1749.99;544
1751.99;544
1753.99;544
1755.99;544
1757.99;544
1760.19;544
1762.19;544
1764.19;544
1766.19;544
1768.39;544
1770.39;544
1772.39;544
1774.39;544
1776.39;544
1778.39;544
1780.39;544
1782.59;544
1784.59;544
1786.79;544
1788.79;544
1790.79;544
1792.79;544
1794.79;544
1796.79;544
