#	X	Y
2.21402;348
4.21401;348
6.21401;348
8.21401;348
10.414;348
12.414;348
14.414;348
16.414;348
18.414;348
20.614;348
22.614;348
24.614;348
26.614;348
28.614;348
30.614;348
32.814;348
34.814;348
36.814;348
38.814;348
40.814;348
42.814;348
44.814;348
46.814;348
49.014;348
51.014;348
53.014;348
55.014;348
57.014;348
59.014;348
61.014;348
63.014;348
65.014;348
67.014;348
69.014;348
71.014;348
73.014;348
75.014;348
77.014;348
79.014;348
81.014;348
83.014;348
85.014;348
87.014;348
89.014;348
91.214;348
93.214;348
95.414;348
97.414;348
99.614;348
101.614;348
103.614;348
105.614;348
107.614;348
109.614;348
111.614;348
113.614;348
115.614;348
117.814;348
119.814;348
121.814;348
123.814;348
125.814;348
127.814;348
129.814;348
131.814;348
133.814;348
135.814;348
137.814;348
140.014;348
142.014;348
144.014;348
146.014;348
148.014;348
150.014;348
152.014;348
154.014;348
156.014;348
158.014;348
160.014;348
162.014;348
164.014;348
166.214;840
168.214;840
170.214;840
172.414;840
174.414;840
176.414;840
178.414;840
180.414;840
182.414;840
184.414;840
186.414;840
188.414;840
190.414;840
192.614;840
194.614;840
196.814;840
198.814;840
200.814;840
202.814;840
204.814;840
206.814;840
209.014;840
211.014;840
213.014;840
215.014;840
217.014;840
219.014;840
221.014;840
223.214;840
225.214;840
227.214;840
229.214;840
231.214;840
233.214;840
235.414;840
237.414;840
239.414;840
241.414;840
243.414;840
245.414;840
247.414;840
249.414;840
251.414;840
253.414;840
255.614;840
257.614;840
259.814;840
261.814;840
263.814;840
265.814;840
268.014;840
270.014;840
272.014;840
274.014;840
276.014;840
278.014;840
280.014;840
282.214;840
284.214;840
286.214;840
288.414;840
290.414;840
292.614;840
294.614;840
296.814;840
298.814;840
300.814;840
302.814;840
304.814;840
306.814;840
309.014;840
311.014;840
313.014;840
315.014;840
317.014;840
319.014;840
321.214;840
323.414;840
325.414;840
327.414;840
329.414;840
331.414;840
333.414;840
335.414;840
337.414;840
339.414;840
341.614;840
343.614;840
345.614;840
347.614;840
349.614;840
351.614;840
353.614;840
355.814;840
357.814;840
359.814;840
361.814;840
363.814;840
366.014;840
368.014;840
370.014;840
372.014;840
374.014;840
376.014;840
378.214;840
380.214;840
382.214;840
384.214;840
386.214;840
388.214;840
390.214;840
392.214;840
394.214;840
396.414;840
398.414;840
400.414;840
402.414;840
404.414;840
406.414;840
408.414;840
410.414;840
412.414;840
414.414;840
416.414;840
418.414;840
420.414;840
422.414;840
424.414;840
426.414;840
428.414;840
430.414;840
432.414;840
434.414;840
436.414;840
438.414;840
440.414;840
442.614;840
444.614;840
446.614;840
448.614;840
450.614;840
452.814;840
454.814;840
456.814;840
458.814;840
460.814;840
462.814;840
464.814;840
466.814;840
469.014;840
471.014;840
473.014;840
475.014;840
477.014;840
479.014;840
481.014;840
483.014;840
485.014;840
487.014;840
489.014;840
491.014;840
493.014;840
495.014;840
497.014;840
499.214;840
501.214;840
503.214;840
505.414;840
507.414;840
509.614;840
511.614;840
513.614;840
515.614;840
517.614;840
519.614;840
521.614;840
523.614;840
525.814;840
527.814;840
529.814;840
531.814;840
533.814;840
536.014;840
538.014;840
540.014;840
542.014;840
544.014;840
546.014;840
548.014;840
550.214;840
552.214;840
554.214;840
556.214;840
558.414;840
560.614;840
562.614;840
564.614;840
566.614;840
568.614;840
570.614;840
572.614;840
574.614;840
576.614;840
578.814;840
581.014;840
583.014;840
585.014;840
587.014;840
589.014;840
591.014;840
593.214;840
595.414;840
597.414;840
599.414;840
601.414;840
603.414;840
605.614;840
607.814;840
609.814;840
611.814;840
613.814;840
616.014;840
618.014;840
620.014;840
622.014;840
624.014;840
626.014;840
628.014;840
630.014;840
632.014;840
634.014;840
636.214;840
638.214;840
640.214;840
642.214;840
644.214;840
646.214;840
648.214;840
650.214;840
652.414;840
654.414;840
656.414;840
658.414;840
660.414;840
662.414;840
664.414;840
666.614;840
668.614;840
670.614;840
672.614;840
674.614;840
676.614;840
678.614;840
680.814;840
682.814;840
685.014;840
687.014;840
689.014;840
691.014;840
693.014;840
695.214;840
697.414;840
699.614;840
701.614;840
703.814;840
705.814;840
707.814;840
710.014;840
712.014;840
714.014;840
716.014;840
718.014;840
720.014;840
722.014;840
724.014;840
726.014;840
728.014;840
730.014;840
732.014;840
734.014;840
736.014;840
738.014;840
740.014;840
742.014;840
744.014;840
746.014;840
748.014;840
750.014;840
752.014;840
754.014;840
756.214;840
758.214;840
760.214;840
762.214;840
764.214;840
766.214;840
768.214;840
770.214;840
772.214;840
774.214;840
776.214;840
778.214;840
780.214;840
782.214;840
784.214;840
786.214;840
788.214;840
790.214;840
792.214;840
794.214;840
796.214;840
798.214;840
800.414;840
802.414;840
804.414;840
806.414;840
808.414;840
810.414;840
812.414;840
814.414;840
816.414;840
818.614;840
820.614;840
822.614;840
824.614;840
826.614;840
828.614;840
830.614;840
832.814;840
834.814;840
836.814;840
839.014;840
841.014;840
843.014;840
845.014;840
847.014;840
849.014;840
851.214;840
853.214;840
855.214;840
857.214;840
859.214;840
861.214;840
863.214;840
865.214;840
867.214;840
869.214;840
871.214;840
873.214;840
875.214;840
877.414;840
879.614;840
881.614;840
883.614;840
885.614;840
887.614;840
889.614;840
891.614;840
893.614;840
895.614;840
897.614;840
899.614;840
901.614;840
903.814;840
905.814;840
907.814;840
909.814;840
911.814;840
913.814;840
915.814;1096
917.814;1096
919.814;1096
921.814;1096
923.814;1096
926.014;1096
928.014;1096
930.014;1096
932.014;1096
934.014;1096
936.014;1096
938.014;1096
940.014;1096
942.014;1096
944.014;1096
946.014;1096
948.014;1096
950.014;1096
952.014;1096
954.014;1096
956.014;1096
958.014;1096
960.014;1096
962.014;1096
964.014;1096
966.214;1096
968.214;1096
970.214;1096
972.214;1096
974.214;1096
976.214;1096
978.214;1096
980.214;1096
982.214;1096
984.214;1096
986.214;1096
988.214;1096
990.214;1096
992.214;1096
994.214;1096
996.214;1096
998.214;1096
1000.41;1096
1002.41;1096
1004.41;1096
1006.41;1096
1008.41;1096
1010.41;1096
1012.41;1096
1014.41;1096
1016.41;1096
1018.41;1096
1020.41;1096
1022.41;1096
1024.41;1096
1026.41;1096
1028.41;1096
1030.41;1096
1032.41;1096
1034.61;1096
1036.61;1096
1038.61;1096
1040.61;1096
1042.61;1096
1044.81;1096
1046.81;1096
1048.81;1096
1050.81;1096
1052.81;1096
1054.81;1096
1056.81;1096
1058.81;1096
1060.81;1096
1062.81;1096
1064.81;1096
1066.81;1096
1068.81;1096
1070.81;1096
1072.81;1096
1074.81;1096
1076.81;1096
1078.81;1096
1080.81;1096
1082.81;1096
1084.81;1096
1086.81;1096
1088.81;1096
1090.81;1096
1092.81;1096
1094.81;1096
1096.81;1096
1099.01;1096
1101.21;1096
1103.21;1096
1105.21;1096
1107.21;1096
1109.21;1096
1111.21;1096
1113.21;1096
1115.21;1096
1117.41;1096
1119.41;1096
1121.41;1096
1123.41;1096
1125.41;1096
1127.61;1096
1129.81;1096
1131.81;1096
1133.81;1096
1135.81;1096
1137.81;1096
1139.81;1096
1141.81;1096
1143.81;1096
1145.81;1096
1147.81;1096
1149.81;1096
1151.81;1096
1154.01;1096
1156.01;1096
1158.01;1096
1160.01;1096
1162.01;1096
1164.01;1096
1166.01;1096
1168.21;1096
1170.21;1096
1172.21;1096
1174.21;1096
1176.21;1096
1178.21;1096
1180.21;1096
1182.21;1096
1184.21;1096
1186.21;1096
1188.21;1096
1190.21;1096
1192.21;1096
1194.41;1096
1196.61;1096
1198.61;1096
1200.61;1096
1202.61;1096
1204.61;1096
1206.61;1096
1208.61;1096
1210.61;1096
1212.61;1096
1214.61;1096
1216.61;1096
1218.61;1096
1220.61;1096
1222.61;1096
1224.81;1096
1227.01;1096
1229.01;1096
1231.01;1096
1233.01;1096
1235.01;1096
1237.01;1096
1239.01;1096
1241.01;1096
1243.01;1096
1245.21;1096
1247.21;1096
1249.21;1096
1251.21;1096
1253.21;1096
1255.21;1096
1257.21;1096
1259.21;1096
1261.21;1096
1263.21;1096
1265.21;1096
1267.21;1096
1269.21;1096
1271.21;1096
1273.21;1096
1275.21;1096
1277.21;1096
1279.21;1096
1281.21;1096
1283.21;1096
1285.21;1096
1287.21;1096
1289.21;1096
1291.21;1096
1293.41;1096
1295.41;1096
1297.41;1096
1299.41;1096
1301.41;1096
1303.61;1096
1305.61;1096
1307.61;1096
1309.61;1096
1311.81;1096
1313.81;1096
1315.81;1096
1318.01;1096
1320.21;1096
1322.21;1096
1324.21;1096
1326.21;1096
1328.21;1096
1330.21;1096
1332.21;1096
1334.21;1096
1336.21;1096
1338.41;1096
1340.41;1096
1342.61;1096
1344.61;1096
1346.61;1096
1348.61;1096
1350.61;1096
1352.61;1096
1354.81;1096
1356.81;1096
1358.81;1096
1360.81;1096
1362.81;1096
1364.81;1096
1367.01;1096
1369.01;1096
1371.01;1096
1373.01;1096
1375.01;1096
1377.01;1096
1379.01;1096
1381.21;1096
1383.21;1096
1385.21;1096
1387.21;1096
1389.21;1096
1391.21;1096
1393.41;1096
1395.41;1096
1397.41;1096
1399.41;1096
1401.41;1096
1403.61;1096
1405.61;1096
1407.81;1096
1410.01;1096
1412.01;1096
1414.01;1096
1416.01;1096
1418.21;1096
1420.21;1096
1422.41;1096
1424.41;1096
1426.41;1096
1428.41;1096
1430.41;1096
1432.41;1096
1434.41;1096
1436.41;1096
1438.61;1096
1440.61;1096
1442.61;1096
1444.81;1096
1447.01;1096
1449.01;1096
1451.01;1096
1453.01;1096
1455.01;1096
1457.01;1096
1459.01;1096
1461.01;1096
1463.01;1096
1465.01;1096
1467.01;1096
1469.01;1096
1471.01;1096
1473.01;1096
1475.01;1096
1477.01;1096
1479.21;1096
1481.21;1096
1483.21;1096
1485.21;1096
1487.21;1096
1489.21;1096
1491.21;1096
1493.21;1096
1495.21;1096
1497.21;1096
1499.21;1096
1501.21;1096
1503.21;1096
1505.21;1096
1507.21;1096
1509.21;1096
1511.21;1096
1513.21;1096
1515.41;1096
1517.61;1096
1519.61;1096
1521.61;1096
1523.81;1096
1525.81;1096
1527.81;1096
1529.81;1096
1531.81;1096
1533.81;1096
1535.81;1096
1538.01;1096
1540.01;1096
1542.01;1096
1544.01;1096
1546.21;1096
1548.41;1096
1550.41;1096
1552.41;1096
1554.41;1096
1556.41;1096
1558.41;1096
1560.41;1096
1562.41;1096
1564.41;1096
1566.61;1096
1568.61;1096
1570.61;1096
1572.61;1096
1574.61;1096
1576.81;1096
1578.81;1096
1581.01;1096
1583.01;1096
1585.01;1096
1587.01;1096
1589.01;1096
1591.01;1096
1593.01;1096
1595.01;1096
1597.01;1096
1599.01;1096
1601.01;1096
1603.01;1096
1605.21;1096
1607.21;1096
1609.21;1096
1611.41;1096
1613.41;1096
1615.41;1096
1617.41;1096
1619.41;1096
1621.41;1096
1623.41;1096
1625.61;1096
1627.61;1096
1629.61;1096
1631.81;1096
1633.81;1096
1635.81;1096
1637.81;1096
1639.81;1096
1641.81;1096
1643.81;1096
1645.81;1096
1647.81;1096
1650.01;1096
1652.01;1096
1654.01;1096
1656.01;1096
1658.01;1096
1660.01;1096
1662.21;1096
1664.21;1096
1666.21;1096
1668.21;1096
1670.21;1096
1672.41;1096
1674.61;1096
1676.61;1096
1678.61;1096
1680.61;1096
1682.61;1096
1684.61;1096
1686.81;1096
1688.81;1096
1691.01;1096
1693.01;1096
1695.01;1096
1697.01;1096
1699.01;1096
1701.21;1096
1703.21;1096
1705.21;1096
1707.21;1096
1709.21;1096
1711.21;1096
1713.21;1096
1715.21;1096
1717.21;1096
1719.21;1096
1721.41;1096
1723.41;1096
1725.41;1096
1727.41;1096
1729.41;1096
1731.41;1096
1733.41;1096
1735.41;1096
1737.41;1096
1739.41;1096
1741.41;1096
1743.41;1096
1745.41;1096
1747.41;1096
1749.41;1096
1751.41;1096
1753.61;1096
1755.61;1096
1757.61;1096
1759.61;1096
1761.61;1096
1763.61;1096
1765.61;1096
1767.61;1096
1769.61;1096
1771.61;1096
1773.61;1096
1775.81;1096
1777.81;1096
1780.01;1096
1782.01;1096
1784.01;1096
1786.01;1096
1788.01;1096
1790.01;1096
1792.01;1096
1794.01;1096
1796.01;1096
