#	X	Y
2.51202;466
4.51201;466
6.51201;466
8.51201;466
10.512;466
12.512;466
14.512;466
16.512;466
18.512;466
20.512;466
22.512;466
24.512;466
26.712;466
28.712;466
30.912;466
32.912;466
34.912;466
36.912;466
39.112;466
41.112;466
43.312;466
45.312;466
47.312;466
49.312;466
51.312;466
53.312;466
55.312;466
57.312;466
59.312;466
61.312;466
63.312;466
65.312;466
67.312;466
69.312;466
71.312;466
73.312;466
75.312;466
77.312;466
79.512;466
81.512;466
83.512;466
85.512;466
87.512;466
89.512;466
91.712;466
93.712;466
95.912;466
97.912;466
99.912;466
101.912;466
103.912;466
105.912;466
107.912;466
109.912;466
111.912;466
113.912;466
115.912;466
117.912;466
119.912;466
121.912;466
123.912;466
125.912;466
127.912;466
129.912;466
131.912;466
133.912;466
135.912;466
137.912;466
139.912;466
141.912;466
143.912;466
145.912;466
147.912;466
150.112;466
152.112;466
154.112;466
156.312;1126
158.312;1126
160.312;1126
162.312;1126
164.312;1126
166.312;1126
168.312;1126
170.312;1126
172.312;1126
174.312;1126
176.312;1126
178.312;1126
180.312;1126
182.512;1126
184.512;1126
186.512;1126
188.512;1126
190.512;1126
192.512;1126
194.512;1126
196.712;1126
198.712;1126
200.912;1126
202.912;1126
205.112;1126
207.112;1126
209.112;1126
211.112;1126
213.112;1126
215.112;1126
217.312;1126
219.312;1126
221.312;1126
223.312;1126
225.312;1126
227.512;1126
229.512;1126
231.512;1126
233.512;1126
235.512;1126
237.512;1126
239.512;1126
241.512;1126
243.512;1126
245.712;1126
247.712;1126
249.712;1126
251.712;1126
253.712;1126
255.712;1126
257.912;1126
259.912;1126
261.912;1126
263.912;1126
265.912;1126
267.912;1126
269.912;1126
271.912;1126
273.912;1126
275.912;1126
277.912;1126
279.912;1126
282.112;1126
284.112;1126
286.112;1126
288.112;1126
290.312;1126
292.312;1126
294.312;1126
296.312;1126
298.512;1126
300.512;1126
302.512;1126
304.512;1126
306.512;1126
308.512;1126
310.712;1126
312.912;1126
314.912;1126
316.912;1126
318.912;1126
320.912;1126
322.912;1126
324.912;1126
326.912;1126
328.912;1126
331.112;1126
333.112;1126
335.112;1126
337.312;1126
339.312;1126
341.512;1126
343.512;1126
345.512;1126
347.712;1126
349.712;1126
351.712;1126
353.712;1126
355.712;1126
357.712;1126
359.712;1126
361.712;1126
363.712;1126
365.712;1126
367.712;1126
369.712;1126
371.712;1126
373.912;1126
375.912;1126
377.912;1126
379.912;1126
381.912;1126
383.912;1126
386.112;1126
388.112;1126
390.312;1126
392.312;1126
394.312;1126
396.312;1126
398.312;1126
400.312;1126
402.312;1126
404.312;1126
406.312;1126
408.312;1126
410.512;1126
412.712;1126
414.712;1126
416.712;1126
418.712;1126
420.712;1126
422.712;1126
424.712;1126
426.712;1126
428.912;1126
430.912;1126
432.912;1126
434.912;1126
436.912;1126
438.912;1126
440.912;1126
442.912;1126
444.912;1126
446.912;1126
448.912;1126
450.912;1126
452.912;1126
454.912;1126
456.912;1126
459.112;1126
461.112;1126
463.112;1126
465.112;1126
467.112;1126
469.112;1126
471.112;1126
473.312;1126
475.312;1126
477.512;1126
479.512;1126
481.512;1126
483.512;1126
485.712;1126
487.712;1126
489.712;1126
491.712;1126
493.712;1126
495.712;1126
497.712;1126
499.712;1126
501.712;1126
503.912;1126
505.912;1126
507.912;1126
509.912;1126
511.912;1126
513.912;1126
515.912;1126
517.912;1126
519.912;1126
521.912;1126
523.912;1126
525.912;1126
527.912;1126
529.912;1126
531.912;1126
534.112;1126
536.112;1126
538.112;1126
540.112;1126
542.112;1126
544.112;1126
546.112;1126
548.112;1126
550.112;1126
552.112;1126
554.112;1126
556.112;1126
558.112;1126
560.112;1126
562.112;1126
564.312;1126
566.312;1126
568.312;1126
570.312;1126
572.312;1126
574.312;1126
576.512;1126
578.512;1126
580.512;1126
582.512;1126
584.512;1126
586.712;1126
588.712;1126
590.712;1126
592.712;1126
594.712;1126
596.912;1126
598.912;1126
600.912;1126
602.912;1126
604.912;1126
606.912;1126
608.912;1126
610.912;1126
612.912;1126
614.912;1126
616.912;1126
618.912;1126
620.912;1126
622.912;1126
624.912;1126
626.912;1126
628.912;1126
630.912;1126
632.912;1126
634.912;1126
636.912;1126
638.912;1126
640.912;1126
643.112;1126
645.112;1126
647.112;1126
649.112;1126
651.112;1126
653.112;1126
655.112;1126
657.112;1126
659.312;1126
661.312;1126
663.312;1126
665.312;1126
667.312;1126
669.312;1126
671.312;1126
673.312;1126
675.312;1126
677.312;1126
679.512;1126
681.512;1126
683.512;1126
685.512;1126
687.512;1126
689.512;1126
691.512;1126
693.512;1126
695.512;1126
697.512;1126
699.512;1126
701.512;1126
703.512;1126
705.712;1126
707.912;1126
709.912;1126
711.912;1126
714.112;1126
716.112;1126
718.112;1126
720.112;1126
722.112;1126
724.312;1126
726.312;1126
728.312;1126
730.512;1126
732.512;1126
734.512;1126
736.512;1126
738.512;1126
740.512;1126
742.512;1126
744.512;1126
746.512;1126
748.512;1126
750.512;1126
752.512;1126
754.712;1126
756.912;1126
758.912;1126
760.912;1126
762.912;1126
764.912;1126
766.912;1126
769.112;1126
771.112;1126
773.112;1126
775.112;1126
777.112;1126
779.112;1126
781.312;1126
783.312;1126
785.312;1126
787.312;1126
789.312;1126
791.312;1126
793.312;1126
795.312;1126
797.312;1126
799.312;1126
801.312;1126
803.312;1126
805.512;1126
807.512;1126
809.512;1126
811.512;1126
813.512;1126
815.512;1126
817.512;1126
819.512;1126
821.512;1126
823.512;1126
825.512;1126
827.512;1126
829.512;1126
831.512;1126
833.512;1126
835.512;1126
837.512;1126
839.512;1126
841.512;1126
843.512;1126
845.512;1126
847.512;1126
849.512;1126
851.512;1126
853.512;1126
855.512;1126
857.512;1126
859.712;1126
861.712;1126
863.712;1126
865.712;1126
867.712;1126
869.712;1126
871.712;1126
873.912;1126
876.112;1126
878.112;1126
880.112;1126
882.112;1126
884.112;1126
886.112;1126
888.112;1126
890.112;1126
892.112;1126
894.112;1126
896.312;1126
898.312;1126
900.312;1126
902.312;1126
904.512;1126
906.512;1126
908.512;1126
910.512;1126
912.512;1126
914.512;897
916.512;897
918.512;897
920.512;897
922.512;897
924.512;897
926.512;897
928.712;897
930.712;897
932.712;897
934.712;897
936.712;897
938.712;897
940.712;897
942.712;897
944.912;897
946.912;897
948.912;897
950.912;897
952.912;897
954.912;897
956.912;897
958.912;897
960.912;897
962.912;897
964.912;897
966.912;897
969.112;897
971.112;897
973.112;897
975.112;897
977.112;897
979.112;897
981.112;897
983.112;897
985.112;897
987.112;897
989.112;897
991.112;897
993.112;897
995.112;897
997.312;897
999.312;897
1001.31;897
1003.51;897
1005.51;897
1007.51;897
1009.51;897
1011.51;897
1013.51;897
1015.51;897
1017.51;897
1019.51;897
1021.51;897
1023.71;897
1025.91;897
1027.91;897
1029.91;897
1032.11;897
1034.11;897
1036.11;897
1038.11;897
1040.11;897
1042.11;897
1044.31;897
1046.31;897
1048.31;897
1050.31;897
1052.31;897
1054.31;897
1056.31;897
1058.51;897
1060.51;897
1062.51;897
1064.51;897
1066.51;897
1068.51;897
1070.71;897
1072.71;897
1074.71;897
1076.71;897
1078.71;897
1080.71;897
1082.71;897
1084.71;897
1086.71;897
1088.91;897
1090.91;897
1092.91;897
1094.91;897
1096.91;897
1098.91;897
1100.91;897
1102.91;897
1104.91;897
1106.91;897
1108.91;897
1111.11;897
1113.11;897
1115.11;897
1117.31;897
1119.31;897
1121.31;897
1123.31;897
1125.51;897
1127.51;897
1129.51;897
1131.51;897
1133.51;897
1135.71;897
1137.71;897
1139.71;897
1141.91;897
1143.91;897
1146.11;897
1148.11;897
1150.31;897
1152.31;897
1154.31;897
1156.31;897
1158.51;897
1160.51;897
1162.51;897
1164.51;897
1166.51;897
1168.51;897
1170.71;897
1172.71;897
1174.71;897
1176.71;897
1178.71;897
1180.71;897
1182.71;897
1184.71;897
1186.71;897
1188.71;897
1190.71;897
1192.91;897
1194.91;897
1196.91;897
1198.91;897
1200.91;897
1202.91;897
1204.91;897
1206.91;897
1208.91;897
1210.91;897
1212.91;897
1214.91;897
1216.91;897
1218.91;897
1220.91;897
1222.91;897
1225.11;897
1227.11;897
1229.11;897
1231.11;897
1233.11;897
1235.11;897
1237.11;897
1239.11;897
1241.11;897
1243.11;897
1245.31;897
1247.31;897
1249.31;897
1251.31;897
1253.31;897
1255.31;897
1257.51;897
1259.51;897
1261.51;897
1263.51;897
1265.51;897
1267.71;897
1269.91;897
1271.91;897
1274.11;897
1276.11;897
1278.11;897
1280.31;897
1282.31;897
1284.31;897
1286.31;897
1288.31;897
1290.31;897
1292.31;897
1294.51;897
1296.51;897
1298.51;897
1300.51;897
1302.51;897
1304.51;897
1306.51;897
1308.51;897
1310.51;897
1312.51;897
1314.51;897
1316.51;897
1318.71;897
1320.71;897
1322.71;897
1324.71;897
1326.71;897
1328.71;897
1330.71;897
1332.91;897
1334.91;897
1336.91;897
1338.91;897
1340.91;897
1342.91;897
1344.91;897
1346.91;897
1349.11;897
1351.11;897
1353.31;897
1355.31;897
1357.31;897
1359.31;897
1361.31;897
1363.31;897
1365.31;897
1367.31;897
1369.31;897
1371.31;897
1373.31;897
1375.31;897
1377.31;897
1379.51;897
1381.51;897
1383.51;897
1385.51;897
1387.51;897
1389.51;897
1391.71;897
1393.71;897
1395.71;897
1397.91;897
1399.91;897
1401.91;897
1403.91;897
1405.91;897
1408.11;897
1410.31;897
1412.51;897
1414.51;897
1416.51;897
1418.51;897
1420.51;897
1422.51;897
1424.51;897
1426.71;897
1428.71;897
1430.71;897
1432.71;897
1434.71;897
1436.71;897
1438.71;897
1440.71;897
1442.71;897
1444.71;897
1446.71;897
1448.71;897
1450.71;897
1452.71;897
1454.71;897
1456.91;897
1458.91;897
1460.91;897
1462.91;897
1464.91;897
1466.91;897
1468.91;897
1470.91;897
1473.11;897
1475.11;897
1477.11;897
1479.31;897
1481.31;897
1483.51;897
1485.51;897
1487.51;897
1489.51;897
1491.51;897
1493.51;897
1495.51;897
1497.71;897
1499.71;897
1501.71;897
1503.71;897
1505.71;897
1507.71;897
1509.91;897
1511.91;897
1513.91;897
1515.91;897
1517.91;897
1519.91;897
1521.91;897
1523.91;897
1525.91;897
1527.91;897
1529.91;897
1531.91;897
1533.91;897
1536.11;897
1538.11;897
1540.31;897
1542.31;897
1544.31;897
1546.31;897
1548.31;897
1550.31;897
1552.31;897
1554.31;897
1556.31;897
1558.31;897
1560.31;897
1562.31;897
1564.31;897
1566.31;897
1568.31;897
1570.31;897
1572.51;897
1574.71;897
1576.71;897
1578.71;897
1580.71;897
1582.71;897
1584.91;897
1587.11;897
1589.11;897
1591.11;897
1593.11;897
1595.11;897
1597.11;897
1599.11;897
1601.11;897
1603.11;897
1605.31;897
1607.31;897
1609.31;897
1611.31;897
1613.31;897
1615.51;897
1617.51;897
1619.51;897
1621.51;897
1623.71;897
1625.71;897
1627.71;897
1629.71;897
1631.71;897
1633.71;897
1635.71;897
1637.71;897
1639.71;897
1641.71;897
1643.71;897
1645.71;897
1647.91;897
1649.91;897
1652.11;897
1654.11;897
1656.11;897
1658.11;897
1660.11;897
1662.11;897
1664.31;897
1666.31;897
1668.31;897
1670.31;897
1672.31;897
1674.31;897
1676.31;897
1678.51;897
1680.51;897
1682.71;897
1684.71;897
1686.71;897
1688.71;897
1690.71;897
1692.71;897
1694.71;897
1696.91;897
1698.91;897
1701.11;897
1703.31;897
1705.31;897
1707.31;897
1709.31;897
1711.31;897
1713.31;897
1715.31;897
1717.31;897
1719.31;897
1721.31;897
1723.51;897
1725.51;897
1727.51;897
1729.51;897
1731.51;897
1733.51;897
1735.51;897
1737.51;897
1739.51;897
1741.51;897
1743.71;897
1745.71;897
1747.71;897
1749.71;897
1751.71;897
1753.71;897
1755.71;897
1757.71;897
1759.71;897
1761.91;897
1763.91;897
1766.11;897
1768.11;897
1770.11;897
1772.11;897
1774.31;897
1776.31;897
1778.31;897
1780.31;897
1782.31;897
1784.31;897
1786.31;897
1788.51;897
1790.51;897
1792.51;897
1794.51;897
1796.51;897
