#	X	Y
2.29402;126
4.29401;126
6.29401;126
8.29401;126
10.294;126
12.294;126
14.294;126
16.294;126
18.494;126
20.494;126
22.494;126
24.494;126
26.494;126
28.494;126
30.494;126
32.694;126
34.894;126
36.894;126
38.894;126
40.894;126
42.894;126
44.894;126
46.894;126
48.894;126
50.894;126
52.894;126
54.894;126
56.894;126
59.094;126
61.094;126
63.094;126
65.094;126
67.094;126
69.094;126
71.094;126
73.094;126
75.094;126
77.094;126
79.094;126
81.094;126
83.294;126
85.294;126
87.494;126
89.494;126
91.494;126
93.494;126
95.494;126
97.494;126
99.494;126
101.494;126
103.494;126
105.494;126
107.494;126
109.494;126
111.494;126
113.494;126
115.494;126
117.494;126
119.494;126
121.694;126
123.694;126
125.894;126
127.894;126
129.894;126
132.094;126
134.094;126
136.094;126
138.094;126
140.094;126
142.094;126
144.094;126
146.094;126
148.094;126
150.094;126
152.094;126
154.094;126
156.094;126
158.294;294
160.294;294
162.294;294
164.294;294
166.294;294
168.294;294
170.294;294
172.294;294
174.294;294
176.294;294
178.294;294
180.294;294
182.294;294
184.294;294
186.294;294
188.294;294
190.294;294
192.494;294
194.694;294
196.694;294
198.694;294
200.694;294
202.694;294
204.694;294
206.694;294
208.694;294
210.694;294
212.694;294
214.894;294
216.894;294
218.894;294
220.894;294
222.894;294
224.894;294
226.894;294
229.094;294
231.094;294
233.094;294
235.294;294
237.294;294
239.294;294
241.294;294
243.294;294
245.294;294
247.294;294
249.294;294
251.294;294
253.294;294
255.294;294
257.294;294
259.294;294
261.494;294
263.494;294
265.494;294
267.494;294
269.494;294
271.494;294
273.494;294
275.494;294
277.494;294
279.494;294
281.494;294
283.494;294
285.494;294
287.694;294
289.694;294
291.694;294
293.894;294
295.894;294
297.894;294
299.894;294
302.094;294
304.094;294
306.094;294
308.094;294
310.094;294
312.294;294
314.294;294
316.494;294
318.494;294
320.494;294
322.494;294
324.494;294
326.694;294
328.694;294
330.694;294
332.694;294
334.694;294
336.694;294
338.694;294
340.694;294
342.894;294
344.894;294
346.894;294
348.894;294
351.094;294
353.094;294
355.094;294
357.094;294
359.094;294
361.094;294
363.094;294
365.094;294
367.094;294
369.094;294
371.094;294
373.294;294
375.294;294
377.494;294
379.694;294
381.694;294
383.694;294
385.894;294
387.894;294
389.894;294
391.894;294
393.894;294
395.894;294
397.894;294
399.894;294
401.894;294
403.894;294
405.894;294
407.894;294
409.894;294
411.894;294
414.094;294
416.094;294
418.094;294
420.094;294
422.094;294
424.094;294
426.094;294
428.094;294
430.094;294
432.094;294
434.094;294
436.094;294
438.094;294
440.294;294
442.494;294
444.494;294
446.494;294
448.494;294
450.494;294
452.494;294
454.494;294
456.494;294
458.494;294
460.494;294
462.494;294
464.494;294
466.494;294
468.494;294
470.494;294
472.494;294
474.494;294
476.494;294
478.694;294
480.694;294
482.894;294
485.094;294
487.094;294
489.294;294
491.294;294
493.294;294
495.494;294
497.494;294
499.494;294
501.494;294
503.494;294
505.494;294
507.494;294
509.494;294
511.494;294
513.494;294
515.694;294
517.894;294
519.894;294
521.894;294
524.094;294
526.094;294
528.294;294
530.294;294
532.294;294
534.294;294
536.294;294
538.294;294
540.294;294
542.294;294
544.294;294
546.494;294
548.494;294
550.494;294
552.494;294
554.494;294
556.694;294
558.694;294
560.894;294
563.094;294
565.094;294
567.094;294
569.094;294
571.094;294
573.094;294
575.094;294
577.094;294
579.094;294
581.094;294
583.094;294
585.294;294
587.294;294
589.294;294
591.294;294
593.294;294
595.294;294
597.294;294
599.294;294
601.294;294
603.294;294
605.494;294
607.494;294
609.494;294
611.494;294
613.494;294
615.494;294
617.494;294
619.494;294
621.494;294
623.494;294
625.494;294
627.494;294
629.694;294
631.894;294
633.894;294
636.094;294
638.294;294
640.294;294
642.294;294
644.294;294
646.294;294
648.294;294
650.294;294
652.294;294
654.294;294
656.294;294
658.294;294
660.294;294
662.294;294
664.294;294
666.294;294
668.294;294
670.294;294
672.294;294
674.294;294
676.294;294
678.294;294
680.294;294
682.294;294
684.294;294
686.294;294
688.294;294
690.294;294
692.294;294
694.294;294
696.294;294
698.494;294
700.494;294
702.494;294
704.494;294
706.494;294
708.494;294
710.694;294
712.694;294
714.694;294
716.694;294
718.894;294
720.894;294
722.894;294
724.894;294
726.894;294
729.094;294
731.094;294
733.094;294
735.094;294
737.094;294
739.094;294
741.094;294
743.094;294
745.094;294
747.094;294
749.094;294
751.094;294
753.094;294
755.094;294
757.094;294
759.094;294
761.094;294
763.094;294
765.294;294
767.294;294
769.294;294
771.294;294
773.294;294
775.294;294
777.494;294
779.694;294
781.694;294
783.894;294
785.894;294
787.894;294
790.094;294
792.094;294
794.094;294
796.094;294
798.094;294
800.094;294
802.094;294
804.294;294
806.294;294
808.294;294
810.294;294
812.294;294
814.294;294
816.294;294
818.294;294
820.294;294
822.294;294
824.294;294
826.294;294
828.294;294
830.294;294
832.494;294
834.694;294
836.694;294
838.694;294
840.694;294
842.694;294
844.694;294
846.694;294
848.694;294
850.694;294
852.694;294
854.694;294
856.694;294
858.694;294
860.694;294
862.694;294
864.694;294
866.894;294
868.894;294
870.894;294
872.894;294
874.894;294
876.894;294
878.894;294
880.894;294
883.094;294
885.294;294
887.494;294
889.494;294
891.494;294
893.494;294
895.494;294
897.494;294
899.694;294
901.694;294
903.694;294
905.894;294
907.894;294
909.894;294
911.894;294
913.894;294
915.894;55
917.894;55
920.094;55
922.094;55
924.094;55
926.094;55
928.094;55
930.094;55
932.094;55
934.094;55
936.094;55
938.094;55
940.094;55
942.094;55
944.294;55
946.294;55
948.294;55
950.294;55
952.294;55
954.294;55
956.294;55
958.494;55
960.494;55
962.494;55
964.694;55
966.694;55
968.694;55
970.694;55
972.694;55
974.894;55
976.894;55
978.894;55
981.094;55
983.094;55
985.094;55
987.294;55
989.294;55
991.494;55
993.494;55
995.694;55
997.694;55
999.694;55
1001.69;55
1003.69;55
1005.69;55
1007.69;55
1009.69;55
1011.69;55
1013.69;55
1015.69;55
1017.69;55
1019.69;55
1021.69;55
1023.69;55
1025.89;55
1027.89;55
1029.89;55
1032.09;55
1034.09;55
1036.09;55
1038.09;55
1040.09;55
1042.09;55
1044.09;55
1046.09;55
1048.09;55
1050.09;55
1052.29;55
1054.29;55
1056.29;55
1058.29;55
1060.29;55
1062.49;55
1064.69;55
1066.69;55
1068.89;55
1070.89;55
1072.89;55
1074.89;55
1076.89;55
1079.09;55
1081.09;55
1083.09;55
1085.09;55
1087.09;55
1089.09;55
1091.29;55
1093.29;55
1095.29;55
1097.29;55
1099.29;55
1101.29;55
1103.49;55
1105.49;55
1107.49;55
1109.49;55
1111.49;55
1113.69;55
1115.69;55
1117.69;55
1119.69;55
1121.69;55
1123.69;55
1125.69;55
1127.69;55
1129.69;55
1131.69;55
1133.69;55
1135.69;55
1137.69;55
1139.69;55
1141.89;55
1143.89;55
1145.89;55
1147.89;55
1149.89;55
1152.09;55
1154.09;55
1156.09;55
1158.09;55
1160.09;55
1162.09;55
1164.09;55
1166.09;55
1168.09;55
1170.09;55
1172.09;55
1174.09;55
1176.09;55
1178.09;55
1180.09;55
1182.09;55
1184.09;55
1186.09;55
1188.09;55
1190.29;55
1192.29;55
1194.29;55
1196.29;55
1198.29;55
1200.29;55
1202.49;55
1204.49;55
1206.49;55
1208.49;55
1210.49;55
1212.49;55
1214.49;55
1216.49;55
1218.49;55
1220.49;55
1222.49;55
1224.69;55
1226.89;55
1229.09;55
1231.09;55
1233.09;55
1235.09;55
1237.09;55
1239.09;55
1241.09;55
1243.09;55
1245.09;55
1247.29;55
1249.29;55
1251.49;55
1253.49;55
1255.49;55
1257.69;55
1259.69;55
1261.69;55
1263.69;55
1265.69;55
1267.69;55
1269.69;55
1271.69;55
1273.69;55
1275.69;55
1277.69;55
1279.69;55
1281.89;55
1283.89;55
1285.89;55
1287.89;55
1289.89;55
1291.89;55
1293.89;55
1295.89;55
1297.89;55
1299.89;55
1301.89;55
1303.89;55
1306.09;55
1308.09;55
1310.09;55
1312.09;55
1314.09;55
1316.09;55
1318.09;55
1320.09;55
1322.29;55
1324.29;55
1326.29;55
1328.29;55
1330.29;55
1332.29;55
1334.29;55
1336.29;55
1338.29;55
1340.29;55
1342.49;55
1344.49;55
1346.49;55
1348.49;55
1350.69;55
1352.69;55
1354.69;55
1356.69;55
1358.69;55
1360.69;55
1362.69;55
1364.69;55
1366.69;55
1368.89;55
1370.89;55
1372.89;55
1374.89;55
1376.89;55
1378.89;55
1380.89;55
1382.89;55
1384.89;55
1386.89;55
1388.89;55
1390.89;55
1392.89;55
1394.89;55
1396.89;55
1399.09;55
1401.29;55
1403.29;55
1405.29;55
1407.29;55
1409.29;55
1411.29;55
1413.29;55
1415.29;55
1417.29;55
1419.29;55
1421.49;55
1423.49;55
1425.49;55
1427.49;55
1429.49;55
1431.69;55
1433.69;55
1435.69;55
1437.69;55
1439.69;55
1441.69;55
1443.89;55
1445.89;55
1447.89;55
1450.09;55
1452.09;55
1454.09;55
1456.09;55
1458.09;55
1460.09;55
1462.09;55
1464.29;55
1466.29;55
1468.29;55
1470.29;55
1472.29;55
1474.29;55
1476.29;55
1478.49;55
1480.49;55
1482.49;55
1484.49;55
1486.49;55
1488.49;55
1490.49;55
1492.49;55
1494.49;55
1496.49;55
1498.49;55
1500.49;55
1502.49;55
1504.49;55
1506.49;55
1508.69;55
1510.69;55
1512.69;55
1514.69;55
1516.69;55
1518.89;55
1520.89;55
1522.89;55
1524.89;55
1526.89;55
1529.09;55
1531.09;55
1533.09;55
1535.09;55
1537.09;55
1539.09;55
1541.09;55
1543.09;55
1545.09;55
1547.09;55
1549.09;55
1551.09;55
1553.09;55
1555.09;55
1557.09;55
1559.09;55
1561.09;55
1563.09;55
1565.09;55
1567.29;55
1569.29;55
1571.29;55
1573.49;55
1575.49;55
1577.49;55
1579.49;55
1581.49;55
1583.49;55
1585.69;55
1587.89;55
1590.09;55
1592.09;55
1594.09;55
1596.09;55
1598.09;55
1600.29;55
1602.29;55
1604.29;55
1606.29;55
1608.29;55
1610.49;55
1612.69;55
1614.89;55
1616.89;55
1618.89;55
1620.89;55
1622.89;55
1624.89;55
1626.89;55
1628.89;55
1630.89;55
1632.89;55
1634.89;55
1636.89;55
1638.89;55
1641.09;55
1643.09;55
1645.09;55
1647.09;55
1649.09;55
1651.29;55
1653.29;55
1655.29;55
1657.29;55
1659.49;55
1661.69;55
1663.69;55
1665.69;55
1667.69;55
1669.69;55
1671.69;55
1673.89;55
1675.89;55
1677.89;55
1679.89;55
1681.89;55
1683.89;55
1685.89;55
1687.89;55
1689.89;55
1692.09;55
1694.09;55
1696.09;55
1698.09;55
1700.29;55
1702.29;55
1704.49;55
1706.49;55
1708.49;55
1710.49;55
1712.69;55
1714.69;55
1716.69;55
1718.69;55
1720.69;55
1722.69;55
1724.89;55
1726.89;55
1728.89;55
1731.09;55
1733.09;55
1735.09;55
1737.09;55
1739.09;55
1741.09;55
1743.29;55
1745.29;55
1747.49;55
1749.49;55
1751.49;55
1753.49;55
1755.49;55
1757.49;55
1759.49;55
1761.49;55
1763.49;55
1765.69;55
1767.69;55
1769.69;55
1771.69;55
1773.69;55
1775.69;55
1777.69;55
1779.69;55
1781.69;55
1783.69;55
1785.69;55
1787.69;55
1789.89;55
1791.89;55
1793.89;55
1795.89;55
1797.89;55
