#	X	Y
2.31802;287
4.31801;287
6.31801;287
8.31801;287
10.518;287
12.518;287
14.518;287
16.518;287
18.518;287
20.518;287
22.718;287
24.718;287
26.718;287
28.718;287
30.918;287
33.118;287
35.118;287
37.118;287
39.118;287
41.118;287
43.118;287
45.118;287
47.118;287
49.318;287
51.318;287
53.318;287
55.318;287
57.318;287
59.318;287
61.318;287
63.318;287
65.318;287
67.318;287
69.318;287
71.318;287
73.318;287
75.318;287
77.318;287
79.318;287
81.318;287
83.318;287
85.318;287
87.318;287
89.318;287
91.318;287
93.318;287
95.318;287
97.318;287
99.318;287
101.318;287
103.318;287
105.318;287
107.318;287
109.318;287
111.518;287
113.518;287
115.518;287
117.518;287
119.518;287
121.518;287
123.518;287
125.718;287
127.718;287
129.718;287
131.718;287
133.718;287
135.718;287
137.918;287
139.918;287
141.918;287
143.918;287
146.118;287
148.118;287
150.118;287
152.118;287
154.118;287
156.118;287
158.118;287
160.318;647
162.318;647
164.318;647
166.318;647
168.318;647
170.318;647
172.518;647
174.518;647
176.518;647
178.518;647
180.718;647
182.718;647
184.918;647
186.918;647
188.918;647
190.918;647
192.918;647
194.918;647
196.918;647
199.118;647
201.118;647
203.118;647
205.118;647
207.118;647
209.118;647
211.118;647
213.118;647
215.318;647
217.318;647
219.318;647
221.318;647
223.318;647
225.318;647
227.318;647
229.318;647
231.318;647
233.318;647
235.318;647
237.318;647
239.518;647
241.518;647
243.718;647
245.718;647
247.718;647
249.718;647
251.918;647
253.918;647
255.918;647
257.918;647
259.918;647
261.918;647
263.918;647
265.918;647
267.918;647
269.918;647
271.918;647
273.918;647
275.918;647
277.918;647
279.918;647
281.918;647
283.918;647
285.918;647
287.918;647
289.918;647
291.918;647
293.918;647
295.918;647
297.918;647
300.118;647
302.118;647
304.118;647
306.118;647
308.318;647
310.318;647
312.318;647
314.518;647
316.518;647
318.518;647
320.518;647
322.518;647
324.518;647
326.518;647
328.518;647
330.518;647
332.518;647
334.518;647
336.518;647
338.518;647
340.518;647
342.518;647
344.518;647
346.518;647
348.718;647
350.718;647
352.718;647
354.718;647
356.718;647
358.718;647
360.718;647
362.718;647
364.718;647
366.918;647
369.118;647
371.118;647
373.118;647
375.318;647
377.318;647
379.318;647
381.318;647
383.518;647
385.518;647
387.518;647
389.518;647
391.518;647
393.518;647
395.518;647
397.518;647
399.518;647
401.718;647
403.718;647
405.718;647
407.718;647
409.718;647
411.718;647
413.718;647
415.718;647
417.718;647
419.718;647
421.718;647
423.718;647
425.718;647
427.718;647
429.718;647
431.718;647
433.918;647
435.918;647
437.918;647
439.918;647
441.918;647
443.918;647
445.918;647
447.918;647
449.918;647
451.918;647
454.118;647
456.118;647
458.118;647
460.118;647
462.118;647
464.118;647
466.318;647
468.318;647
470.318;647
472.318;647
474.318;647
476.318;647
478.318;647
480.318;647
482.318;647
484.518;647
486.718;647
488.918;647
490.918;647
492.918;647
494.918;647
496.918;647
498.918;647
500.918;647
502.918;647
505.118;647
507.118;647
509.118;647
511.118;647
513.118;647
515.118;647
517.318;647
519.318;647
521.318;647
523.318;647
525.518;647
527.518;647
529.518;647
531.518;647
533.518;647
535.518;647
537.518;647
539.518;647
541.518;647
543.518;647
545.518;647
547.518;647
549.518;647
551.718;647
553.718;647
555.718;647
557.718;647
559.718;647
561.718;647
563.718;647
565.718;647
567.918;647
569.918;647
572.118;647
574.118;647
576.318;647
578.518;647
580.718;647
582.718;647
584.718;647
586.718;647
588.718;647
590.718;647
592.718;647
594.718;647
596.718;647
598.718;647
600.718;647
602.718;647
604.718;647
606.718;647
608.718;647
610.718;647
612.718;647
614.718;647
616.718;647
618.718;647
620.718;647
622.718;647
624.718;647
626.718;647
628.718;647
630.718;647
632.718;647
634.718;647
636.718;647
638.718;647
640.718;647
642.718;647
644.918;647
647.118;647
649.318;647
651.318;647
653.318;647
655.318;647
657.318;647
659.518;647
661.518;647
663.518;647
665.718;647
667.718;647
669.718;647
671.718;647
673.718;647
675.718;647
677.718;647
679.718;647
681.718;647
683.718;647
685.718;647
687.718;647
689.918;647
691.918;647
693.918;647
695.918;647
697.918;647
699.918;647
701.918;647
703.918;647
705.918;647
707.918;647
709.918;647
712.118;647
714.318;647
716.318;647
718.318;647
720.318;647
722.518;647
724.718;647
726.918;647
729.118;647
731.118;647
733.118;647
735.118;647
737.118;647
739.118;647
741.118;647
743.118;647
745.118;647
747.118;647
749.118;647
751.318;647
753.318;647
755.318;647
757.318;647
759.318;647
761.318;647
763.318;647
765.518;647
767.518;647
769.518;647
771.518;647
773.518;647
775.518;647
777.518;647
779.518;647
781.518;647
783.518;647
785.518;647
787.518;647
789.518;647
791.518;647
793.518;647
795.518;647
797.518;647
799.518;647
801.518;647
803.518;647
805.718;647
807.718;647
809.718;647
811.718;647
813.718;647
815.718;647
817.718;647
819.718;647
821.718;647
823.718;647
825.718;647
827.918;647
829.918;647
831.918;647
833.918;647
835.918;647
837.918;647
839.918;647
841.918;647
843.918;647
845.918;647
847.918;647
849.918;647
851.918;647
854.118;647
856.118;647
858.118;647
860.118;647
862.118;647
864.318;647
866.318;647
868.318;647
870.318;647
872.318;647
874.318;647
876.318;647
878.518;647
880.518;647
882.518;647
884.718;647
886.718;647
888.718;647
890.718;647
892.718;647
894.718;647
896.718;647
898.718;647
900.718;647
902.718;647
904.718;647
906.718;647
908.918;647
910.918;647
912.918;647
914.918;913
916.918;913
919.118;913
921.118;913
923.118;913
925.318;913
927.318;913
929.318;913
931.518;913
933.518;913
935.718;913
937.718;913
939.918;913
941.918;913
944.118;913
946.118;913
948.118;913
950.118;913
952.118;913
954.118;913
956.118;913
958.118;913
960.318;913
962.318;913
964.318;913
966.518;913
968.518;913
970.518;913
972.518;913
974.518;913
976.518;913
978.518;913
980.518;913
982.518;913
984.718;913
986.918;913
988.918;913
991.118;913
993.118;913
995.118;913
997.118;913
999.118;913
1001.32;913
1003.32;913
1005.32;913
1007.32;913
1009.52;913
1011.52;913
1013.52;913
1015.52;913
1017.52;913
1019.52;913
1021.52;913
1023.52;913
1025.52;913
1027.52;913
1029.52;913
1031.52;913
1033.52;913
1035.52;913
1037.52;913
1039.52;913
1041.52;913
1043.52;913
1045.72;913
1047.72;913
1049.72;913
1051.92;913
1053.92;913
1055.92;913
1057.92;913
1060.12;913
1062.32;913
1064.32;913
1066.32;913
1068.32;913
1070.32;913
1072.32;913
1074.32;913
1076.52;913
1078.52;913
1080.52;913
1082.52;913
1084.52;913
1086.52;913
1088.52;913
1090.52;913
1092.72;913
1094.72;913
1096.72;913
1098.72;913
1100.72;913
1102.72;913
1104.72;913
1106.72;913
1108.72;913
1110.72;913
1112.72;913
1114.72;913
1116.72;913
1118.72;913
1120.72;913
1122.72;913
1124.72;913
1126.72;913
1128.72;913
1130.72;913
1132.72;913
1134.72;913
1136.72;913
1138.72;913
1140.72;913
1142.72;913
1144.72;913
1146.72;913
1148.72;913
1150.72;913
1152.72;913
1154.72;913
1156.92;913
1158.92;913
1160.92;913
1162.92;913
1165.12;913
1167.12;913
1169.12;913
1171.12;913
1173.12;913
1175.12;913
1177.12;913
1179.12;913
1181.12;913
1183.12;913
1185.12;913
1187.12;913
1189.32;913
1191.32;913
1193.32;913
1195.32;913
1197.32;913
1199.32;913
1201.32;913
1203.32;913
1205.32;913
1207.32;913
1209.32;913
1211.32;913
1213.32;913
1215.32;913
1217.32;913
1219.32;913
1221.32;913
1223.52;913
1225.52;913
1227.52;913
1229.52;913
1231.52;913
1233.52;913
1235.72;913
1237.72;913
1239.72;913
1241.72;913
1243.72;913
1245.72;913
1247.72;913
1249.92;913
1252.12;913
1254.12;913
1256.12;913
1258.12;913
1260.12;913
1262.12;913
1264.12;913
1266.32;913
1268.32;913
1270.52;913
1272.52;913
1274.52;913
1276.52;913
1278.52;913
1280.52;913
1282.52;913
1284.52;913
1286.72;913
1288.72;913
1290.72;913
1292.92;913
1294.92;913
1296.92;913
1298.92;913
1300.92;913
1303.12;913
1305.32;913
1307.32;913
1309.32;913
1311.52;913
1313.52;913
1315.52;913
1317.52;913
1319.52;913
1321.52;913
1323.52;913
1325.52;913
1327.52;913
1329.52;913
1331.72;913
1333.72;913
1335.72;913
1337.72;913
1339.72;913
1341.92;913
1343.92;913
1345.92;913
1347.92;913
1349.92;913
1351.92;913
1353.92;913
1355.92;913
1357.92;913
1359.92;913
1361.92;913
1363.92;913
1365.92;913
1367.92;913
1369.92;913
1371.92;913
1373.92;913
1375.92;913
1378.12;913
1380.12;913
1382.12;913
1384.12;913
1386.12;913
1388.12;913
1390.12;913
1392.12;913
1394.12;913
1396.12;913
1398.12;913
1400.12;913
1402.12;913
1404.12;913
1406.12;913
1408.12;913
1410.12;913
1412.12;913
1414.12;913
1416.12;913
1418.12;913
1420.12;913
1422.12;913
1424.12;913
1426.12;913
1428.12;913
1430.12;913
1432.12;913
1434.12;913
1436.32;913
1438.32;913
1440.32;913
1442.32;913
1444.32;913
1446.32;913
1448.52;913
1450.52;913
1452.52;913
1454.52;913
1456.72;913
1458.72;913
1460.72;913
1462.72;913
1464.72;913
1466.72;913
1468.72;913
1470.72;913
1472.92;913
1474.92;913
1476.92;913
1479.12;913
1481.12;913
1483.12;913
1485.12;913
1487.12;913
1489.12;913
1491.12;913
1493.12;913
1495.12;913
1497.12;913
1499.12;913
1501.12;913
1503.12;913
1505.12;913
1507.12;913
1509.12;913
1511.12;913
1513.12;913
1515.12;913
1517.12;913
1519.12;913
1521.12;913
1523.12;913
1525.12;913
1527.12;913
1529.12;913
1531.12;913
1533.12;913
1535.12;913
1537.12;913
1539.12;913
1541.12;913
1543.12;913
1545.12;913
1547.12;913
1549.32;913
1551.32;913
1553.32;913
1555.52;913
1557.52;913
1559.72;913
1561.72;913
1563.72;913
1565.72;913
1567.72;913
1569.72;913
1571.72;913
1573.72;913
1575.72;913
1577.72;913
1579.92;913
1581.92;913
1583.92;913
1585.92;913
1587.92;913
1589.92;913
1591.92;913
1593.92;913
1595.92;913
1597.92;913
1600.12;913
1602.12;913
1604.12;913
1606.12;913
1608.12;913
1610.12;913
1612.12;913
1614.12;913
1616.12;913
1618.32;913
1620.52;913
1622.52;913
1624.52;913
1626.52;913
1628.52;913
1630.72;913
1632.72;913
1634.72;913
1636.72;913
1638.72;913
1640.72;913
1642.72;913
1644.72;913
1646.72;913
1648.72;913
1650.72;913
1652.72;913
1654.72;913
1656.72;913
1658.72;913
1660.72;913
1662.72;913
1664.72;913
1666.72;913
1668.72;913
1670.72;913
1672.72;913
1674.72;913
1676.72;913
1678.72;913
1680.72;913
1682.72;913
1684.92;913
1686.92;913
1688.92;913
1690.92;913
1693.12;913
1695.12;913
1697.12;913
1699.12;913
1701.12;913
1703.12;913
1705.12;913
1707.12;913
1709.12;913
1711.12;913
1713.32;913
1715.32;913
1717.32;913
1719.32;913
1721.32;913
1723.32;913
1725.32;913
1727.32;913
1729.32;913
1731.32;913
1733.52;913
1735.52;913
1737.52;913
1739.52;913
1741.52;913
1743.52;913
1745.52;913
1747.52;913
1749.52;913
1751.52;913
1753.52;913
1755.52;913
1757.52;913
1759.72;913
1761.72;913
1763.72;913
1765.72;913
1767.72;913
1769.92;913
1771.92;913
1773.92;913
1775.92;913
1777.92;913
1779.92;913
1781.92;913
1783.92;913
1785.92;913
1787.92;913
1789.92;913
1791.92;913
1793.92;913
1795.92;913
1797.92;913
