#	X	Y
2.55402;261
4.55401;261
6.55401;261
8.55401;261
10.554;261
12.554;261
14.554;261
16.554;261
18.754;261
20.954;261
22.954;261
24.954;261
26.954;261
29.154;261
31.154;261
33.154;261
35.154;261
37.354;261
39.554;261
41.754;261
43.754;261
45.754;261
47.754;261
49.754;261
51.954;261
53.954;261
56.154;261
58.154;261
60.154;261
62.154;261
64.154;261
66.154;261
68.354;609
70.354;609
72.354;609
74.354;609
76.354;609
78.354;609
80.354;609
82.354;609
84.354;609
86.354;609
88.354;609
90.354;609
92.354;609
94.354;609
96.354;609
98.354;609
100.354;609
102.354;609
104.354;609
106.354;609
108.354;609
110.354;609
112.354;609
114.354;609
116.354;609
118.354;609
120.354;609
122.354;609
124.354;609
126.554;609
128.554;609
130.554;609
132.554;609
134.554;609
136.554;609
138.754;609
140.754;609
142.754;609
144.954;609
147.154;609
149.154;609
151.154;609
153.154;609
155.154;609
157.154;609
159.154;609
161.154;609
163.354;609
165.354;609
167.354;609
169.354;609
171.354;609
173.354;609
175.354;609
177.354;609
179.354;609
181.354;609
183.354;609
185.354;609
187.354;609
189.554;609
191.554;609
193.554;609
195.554;609
197.554;609
199.554;609
201.754;609
203.754;609
205.754;609
207.754;609
209.754;609
211.754;609
213.754;609
215.754;609
217.754;609
219.754;609
221.754;609
223.754;609
225.754;609
227.754;609
229.754;609
231.754;609
233.754;609
235.754;609
237.954;609
239.954;609
241.954;609
243.954;609
245.954;609
247.954;609
249.954;609
251.954;609
253.954;609
255.954;609
257.954;609
259.954;609
261.954;609
263.954;609
265.954;609
267.954;609
269.954;609
271.954;609
273.954;609
275.954;609
277.954;609
279.954;609
281.954;609
284.154;609
286.154;609
288.154;609
290.154;609
292.154;609
294.154;609
296.354;609
298.354;609
300.354;609
302.354;609
304.354;609
306.354;609
308.554;609
310.554;609
312.554;609
314.554;609
316.554;609
318.554;609
320.754;609
322.754;609
324.754;609
326.954;609
328.954;609
330.954;609
332.954;609
335.154;609
337.154;609
339.154;609
341.154;609
343.154;609
345.154;609
347.154;609
349.354;609
351.354;609
353.354;609
355.554;609
357.554;609
359.554;609
361.554;609
363.554;609
365.554;609
367.754;609
369.954;609
371.954;609
373.954;609
375.954;609
377.954;609
380.154;609
382.154;609
384.154;609
386.154;609
388.154;609
390.154;609
392.154;609
394.154;609
396.154;609
398.354;609
400.354;609
402.354;609
404.354;609
406.354;609
408.354;609
410.354;609
412.354;609
414.354;609
416.354;609
418.354;609
420.354;609
422.354;609
424.354;609
426.354;609
428.354;609
430.354;609
432.354;609
434.354;609
436.354;609
438.354;609
440.354;609
442.354;609
444.354;609
446.354;609
448.354;609
450.354;609
452.354;609
454.354;609
456.354;609
458.354;609
460.354;609
462.354;609
464.354;609
466.354;609
468.354;609
470.354;609
472.354;609
474.354;609
476.554;609
478.554;609
480.554;609
482.554;609
484.554;609
486.554;609
488.554;609
490.554;609
492.554;609
494.554;609
496.554;609
498.554;609
500.554;609
502.554;609
504.554;609
506.554;609
508.554;609
510.554;609
512.754;609
514.754;609
516.754;609
518.754;609
520.754;609
522.954;609
524.954;609
526.954;609
528.954;609
530.954;609
533.154;609
535.154;609
537.154;609
539.154;609
541.154;609
543.154;609
545.154;609
547.354;609
549.354;609
551.354;609
553.354;609
555.354;609
557.354;609
559.354;609
561.354;609
563.354;609
565.354;609
567.354;609
569.554;609
571.554;609
573.554;609
575.554;609
577.554;609
579.554;609
581.554;609
583.554;609
585.554;609
587.754;609
589.754;609
591.754;609
593.754;609
595.954;609
597.954;609
600.154;609
602.154;609
604.154;609
606.154;609
608.154;609
610.154;609
612.154;609
614.154;609
616.154;609
618.154;609
620.154;609
622.154;609
624.354;609
626.354;609
628.354;609
630.354;609
632.354;609
634.354;609
636.354;609
638.354;609
640.354;609
642.354;609
644.354;609
646.354;609
648.554;609
650.754;609
652.754;609
654.754;609
656.754;609
658.954;609
660.954;609
663.154;609
665.154;609
667.154;609
669.154;609
671.154;609
673.154;609
675.154;609
677.154;609
679.154;609
681.354;609
683.354;609
685.354;609
687.354;609
689.354;609
691.354;609
693.554;609
695.554;609
697.554;609
699.554;609
701.554;609
703.554;609
705.554;609
707.554;609
709.754;609
711.954;609
713.954;609
715.954;609
717.954;609
719.954;609
721.954;609
724.154;609
726.154;609
728.154;609
730.154;609
732.154;609
734.154;609
736.154;609
738.154;609
740.154;609
742.154;609
744.154;609
746.354;609
748.554;609
750.554;609
752.554;609
754.554;609
756.554;609
758.554;609
760.554;609
762.554;609
764.554;609
766.554;609
768.554;609
770.554;609
772.554;609
774.554;609
776.554;609
778.554;609
780.554;609
782.554;609
784.554;609
786.554;609
788.554;609
790.754;609
792.754;609
794.754;609
796.754;609
798.754;609
800.954;609
802.954;609
804.954;609
806.954;609
808.954;609
810.954;609
812.954;609
814.954;609
816.954;609
818.954;609
820.954;609
822.954;609
824.954;609
826.954;609
828.954;609
830.954;609
832.954;609
834.954;609
836.954;609
838.954;609
840.954;609
842.954;609
844.954;609
847.154;609
849.354;609
851.354;609
853.354;609
855.354;609
857.354;609
859.354;609
861.354;609
863.354;609
865.354;609
867.554;609
869.554;609
871.554;609
873.554;609
875.554;609
877.754;609
879.754;609
881.754;609
883.754;609
885.954;609
888.154;609
890.354;609
892.354;609
894.354;609
896.354;609
898.354;609
900.354;609
902.354;609
904.354;609
906.354;609
908.354;609
910.354;609
912.354;609
914.354;1074
916.354;1074
918.354;1074
920.354;1074
922.354;1074
924.354;1074
926.354;1074
928.354;1074
930.354;1074
932.354;1074
934.554;1074
936.554;1074
938.554;1074
940.554;1074
942.554;1074
944.554;1074
946.554;1074
948.554;1074
950.554;1074
952.754;1074
954.754;1074
956.754;1074
958.754;1074
960.754;1074
962.754;1074
964.754;1074
966.754;1074
968.754;1074
970.754;1074
972.754;1074
974.754;1074
976.754;1074
978.754;1074
980.754;1074
982.754;1074
984.754;1074
986.754;1074
988.754;1074
990.754;1074
992.754;1074
994.754;1074
996.754;1074
998.754;1074
1000.75;1074
1002.75;1074
1004.75;1074
1006.95;1074
1009.15;1074
1011.15;1074
1013.15;1074
1015.15;1074
1017.15;1074
1019.15;1074
1021.15;1074
1023.15;1074
1025.15;1074
1027.15;1074
1029.35;1074
1031.35;1074
1033.35;1074
1035.35;1074
1037.55;1074
1039.55;1074
1041.55;1074
1043.55;1074
1045.55;1074
1047.55;1074
1049.55;1074
1051.55;1074
1053.75;1074
1055.75;1074
1057.75;1074
1059.75;1074
1061.75;1074
1063.95;1074
1066.15;1074
1068.15;1074
1070.15;1074
1072.35;1074
1074.35;1074
1076.35;1074
1078.35;1074
1080.35;1074
1082.35;1074
1084.35;1074
1086.35;1074
1088.35;1074
1090.35;1074
1092.55;1074
1094.75;1074
1096.95;1074
1098.95;1074
1101.15;1074
1103.15;1074
1105.15;1074
1107.15;1074
1109.15;1074
1111.15;1074
1113.15;1074
1115.15;1074
1117.15;1074
1119.15;1074
1121.15;1074
1123.15;1074
1125.15;1074
1127.15;1074
1129.15;1074
1131.15;1074
1133.15;1074
1135.15;1074
1137.15;1074
1139.15;1074
1141.15;1074
1143.35;1074
1145.35;1074
1147.35;1074
1149.35;1074
1151.35;1074
1153.35;1074
1155.35;1074
1157.35;1074
1159.35;1074
1161.35;1074
1163.35;1074
1165.35;1074
1167.55;1074
1169.55;1074
1171.55;1074
1173.55;1074
1175.75;1074
1177.75;1074
1179.75;1074
1181.75;1074
1183.95;1074
1185.95;1074
1187.95;1074
1189.95;1074
1191.95;1074
1193.95;1074
1195.95;1074
1198.15;1074
1200.35;1074
1202.35;1074
1204.35;1074
1206.35;1074
1208.35;1074
1210.35;1074
1212.35;1074
1214.35;1074
1216.55;1074
1218.55;1074
1220.55;1074
1222.55;1074
1224.55;1074
1226.55;1074
1228.55;1074
1230.75;1074
1232.75;1074
1234.95;1074
1236.95;1074
1238.95;1074
1241.15;1074
1243.15;1074
1245.15;1074
1247.15;1074
1249.15;1074
1251.15;1074
1253.15;1074
1255.35;1074
1257.35;1074
1259.35;1074
1261.35;1074
1263.35;1074
1265.55;1074
1267.55;1074
1269.75;1074
1271.75;1074
1273.75;1074
1275.75;1074
1277.75;1074
1279.95;1074
1281.95;1074
1284.15;1074
1286.15;1074
1288.15;1074
1290.15;1074
1292.15;1074
1294.35;1074
1296.35;1074
1298.55;1074
1300.55;1074
1302.55;1074
1304.55;1074
1306.55;1074
1308.55;1074
1310.55;1074
1312.55;1074
1314.55;1074
1316.55;1074
1318.55;1074
1320.75;1074
1322.95;1074
1324.95;1074
1326.95;1074
1328.95;1074
1330.95;1074
1332.95;1074
1334.95;1074
1336.95;1074
1338.95;1074
1340.95;1074
1342.95;1074
1344.95;1074
1346.95;1074
1348.95;1074
1350.95;1074
1353.15;1074
1355.15;1074
1357.15;1074
1359.15;1074
1361.15;1074
1363.15;1074
1365.15;1074
1367.15;1074
1369.35;1074
1371.35;1074
1373.35;1074
1375.35;1074
1377.35;1074
1379.35;1074
1381.35;1074
1383.35;1074
1385.35;1074
1387.55;1074
1389.55;1074
1391.55;1074
1393.55;1074
1395.75;1074
1397.75;1074
1399.75;1074
1401.75;1074
1403.75;1074
1405.75;1074
1407.75;1074
1409.75;1074
1411.75;1074
1413.75;1074
1415.75;1074
1417.75;1074
1419.75;1074
1421.75;1074
1423.75;1074
1425.75;1074
1427.75;1074
1429.75;1074
1431.75;1074
1433.75;1074
1435.75;1074
1437.75;1074
1439.75;1074
1441.75;1074
1443.95;1074
1446.15;1074
1448.15;1074
1450.15;1074
1452.15;1074
1454.15;1074
1456.35;1074
1458.35;1074
1460.35;1074
1462.35;1074
1464.35;1074
1466.55;1074
1468.55;1074
1470.55;1074
1472.55;1074
1474.55;1074
1476.55;1074
1478.55;1074
1480.55;1074
1482.75;1074
1484.75;1074
1486.75;1074
1488.75;1074
1490.75;1074
1492.75;1074
1494.75;1074
1496.75;1074
1498.75;1074
1500.75;1074
1502.75;1074
1504.75;1074
1506.75;1074
1508.75;1074
1510.75;1074
1512.75;1074
1514.75;1074
1516.75;1074
1518.75;1074
1520.75;1074
1522.75;1074
1524.75;1074
1526.95;1074
1528.95;1074
1530.95;1074
1532.95;1074
1534.95;1074
1537.15;1074
1539.15;1074
1541.15;1074
1543.15;1074
1545.15;1074
1547.15;1074
1549.15;1074
1551.15;1074
1553.15;1074
1555.35;1074
1557.55;1074
1559.55;1074
1561.55;1074
1563.55;1074
1565.55;1074
1567.55;1074
1569.55;1074
1571.55;1074
1573.55;1074
1575.55;1074
1577.55;1074
1579.55;1074
1581.75;1074
1583.75;1074
1585.95;1074
1587.95;1074
1589.95;1074
1592.15;1074
1594.35;1074
1596.35;1074
1598.55;1074
1600.55;1074
1602.55;1074
1604.55;1074
1606.75;1074
1608.75;1074
1610.75;1074
1612.75;1074
1614.75;1074
1616.75;1074
1618.95;1074
1620.95;1074
1622.95;1074
1625.15;1074
1627.15;1074
1629.15;1074
1631.15;1074
1633.15;1074
1635.35;1074
1637.35;1074
1639.35;1074
1641.35;1074
1643.35;1074
1645.35;1074
1647.35;1074
1649.35;1074
1651.35;1074
1653.35;1074
1655.35;1074
1657.35;1074
1659.35;1074
1661.35;1074
1663.35;1074
1665.35;1074
1667.35;1074
1669.35;1074
1671.35;1074
1673.35;1074
1675.35;1074
1677.35;1074
1679.35;1074
1681.35;1074
1683.55;1074
1685.55;1074
1687.55;1074
1689.55;1074
1691.75;1074
1693.75;1074
1695.75;1074
1697.95;1074
1699.95;1074
1701.95;1074
1703.95;1074
1705.95;1074
1707.95;1074
1709.95;1074
1711.95;1074
1713.95;1074
1715.95;1074
1718.15;1074
1720.15;1074
1722.15;1074
1724.15;1074
1726.15;1074
1728.15;1074
1730.15;1074
1732.35;1074
1734.35;1074
1736.35;1074
1738.35;1074
1740.55;1074
1742.55;1074
1744.75;1074
1746.75;1074
1748.75;1074
1750.75;1074
1752.75;1074
1754.75;1074
1756.75;1074
1758.75;1074
1760.75;1074
1762.75;1074
1764.95;1074
1766.95;1074
1769.15;1074
1771.15;1074
1773.15;1074
1775.15;1074
1777.35;1074
1779.35;1074
1781.55;1074
1783.75;1074
1785.75;1074
1787.75;1074
1789.75;1074
1791.75;1074
1793.75;1074
1795.75;1074
1797.75;1074
