#	X	Y
0.49802;644
0.566007;644
0.966007;644
1.36601;644
1.76601;644
2.16601;644
2.33202;644
2.56601;644
2.96601;644
3.36601;644
3.78601;644
4.20601;644
4.33201;644
4.62601;644
5.04601;644
5.46601;644
5.88601;644
6.30601;1604
6.33201;644
6.72601;1604
7.16601;1604
7.60601;1604
8.04601;1604
8.48601;1604
8.53201;644
8.92601;1604
9.36601;1604
9.80601;1604
10.246;1604
10.532;644
10.686;1604
11.126;1604
11.566;1604
12.006;1604
12.446;1604
12.532;644
12.886;1604
13.326;1604
13.766;1604
14.206;1604
14.532;644
14.666;1604
15.126;1604
15.586;1604
16.046;1604
16.506;1604
16.532;644
16.966;1604
17.426;1604
17.886;1604
18.366;1604
18.732;644
18.846;1604
19.326;1604
19.806;1604
20.286;1604
20.732;644
20.766;1604
21.246;1604
21.726;1604
22.226;1604
22.726;1604
22.732;644
23.226;1604
23.726;1604
24.226;1604
24.726;1604
24.732;644
25.226;1604
25.726;1604
26.246;1604
26.732;644
26.766;1604
27.286;1604
27.806;1604
28.326;1604
28.732;644
28.846;1604
29.366;1604
29.886;1604
30.386;1604
30.732;644
30.886;1604
31.386;1604
31.886;1604
32.386;1604
32.732;644
32.886;1604
33.386;1604
33.886;1604
34.366;1604
34.732;644
34.846;1604
35.326;1604
35.806;1604
36.286;1604
36.732;644
36.766;1604
37.246;1604
37.726;1604
38.186;1604
38.646;1604
38.732;644
39.106;1604
39.566;1604
40.026;1604
40.486;1604
40.732;644
40.946;1604
41.406;1604
41.846;1604
42.286;1604
42.726;1604
42.732;644
43.166;1604
43.606;1604
44.046;1604
44.486;1604
44.732;644
44.926;1604
45.346;1604
45.766;1604
46.186;1604
46.606;1604
46.732;644
47.026;1604
47.446;1604
47.866;1604
48.286;1604
48.706;1604
48.932;644
49.106;1604
49.506;1604
49.906;1604
50.306;1604
50.706;1604
50.932;644
51.106;1604
51.506;1604
51.906;1604
52.286;1604
52.666;1604
53.046;1604
53.132;644
53.426;1604
53.806;1604
54.186;1604
54.566;1604
54.946;1604
55.132;644
55.326;1604
55.706;1604
56.086;1604
56.466;1604
56.846;1604
57.132;644
57.226;1604
57.606;1604
57.986;1604
58.366;1604
58.726;1604
59.086;1604
59.132;644
59.446;1604
59.806;1604
60.166;1604
60.526;1604
60.886;1604
61.132;644
61.246;1604
61.586;1604
61.926;1604
62.266;1604
62.606;1604
62.946;1604
63.132;644
63.286;1604
63.626;1604
63.966;1604
64.306;1604
64.626;1604
64.946;1604
65.132;644
65.266;1604
65.586;1604
65.906;1604
66.226;1604
66.546;1604
66.866;1604
67.132;644
67.186;1604
67.506;1604
67.826;1604
68.146;1604
68.466;1604
68.786;1604
69.106;1604
69.332;644
69.426;1604
69.746;1604
70.046;1604
70.346;1604
70.646;1604
70.946;1604
71.246;1604
71.532;644
71.546;1604
71.846;1604
72.146;1604
72.446;1604
72.726;1604
73.006;1604
73.286;1604
73.532;644
73.566;1604
73.846;1604
74.126;1604
74.406;1604
74.686;1604
74.966;1604
75.226;1604
75.486;1604
75.532;644
75.746;1604
76.006;1604
76.266;1604
76.526;1604
76.786;1604
77.046;1604
77.306;1604
77.532;644
77.546;1604
77.786;1604
78.026;1604
78.266;1604
78.506;1604
78.746;1604
78.986;1604
79.226;1604
79.466;1604
79.726;1604
79.732;644
79.986;1604
80.246;1604
80.506;1604
80.766;1604
81.026;1604
81.286;1604
81.546;1604
81.732;644
81.806;1604
82.066;1604
82.326;1604
82.586;1604
82.846;1604
83.106;1604
83.366;1604
83.626;1604
83.732;644
83.886;1604
84.166;1604
84.446;1604
84.726;1604
85.006;1604
85.286;1604
85.566;1604
85.732;644
85.846;1604
86.126;1604
86.406;1604
86.706;1604
87.006;1604
87.306;1604
87.606;1604
87.732;644
87.906;1604
88.206;1604
88.506;1604
88.806;1604
89.106;1604
89.426;1604
89.732;644
89.746;1604
90.066;1604
90.386;1604
90.706;1604
91.026;1604
91.346;1604
91.666;1604
91.732;644
91.986;1604
92.306;1604
92.626;1604
92.946;1604
93.266;1604
93.586;1604
93.732;644
93.906;1604
94.226;1604
94.546;1604
94.886;1604
95.226;1604
95.566;1604
95.732;644
95.906;1604
96.246;1604
96.586;1604
96.926;1604
97.266;1604
97.606;1604
97.732;644
97.966;1604
98.326;1604
98.686;1604
99.046;1604
99.406;1604
99.732;644
99.766;1604
100.126;1604
100.486;1604
100.866;1604
101.246;1604
101.626;1604
101.732;644
102.006;1604
102.386;1604
102.766;1604
103.146;1604
103.526;1604
103.732;644
103.906;1604
104.286;1604
104.666;1604
105.046;1604
105.426;1604
105.806;1604
105.932;644
106.186;1604
106.566;1604
106.946;1604
107.346;1604
107.746;1604
107.932;644
108.146;1604
108.546;1604
108.946;1604
109.346;1604
109.746;1604
109.932;644
110.146;1604
110.566;1604
110.986;1604
111.406;1604
111.826;1604
111.932;644
112.246;1604
112.666;1604
113.086;1604
113.506;1604
113.926;1604
113.932;644
114.366;1604
114.806;1604
115.246;1604
115.686;1604
116.126;1604
116.132;644
116.566;1604
117.006;1604
117.446;1604
117.906;1604
118.132;644
118.366;1604
118.826;1604
119.286;1604
119.746;1604
120.132;644
120.206;1604
120.666;1604
121.126;1604
121.606;1604
122.086;1604
122.132;644
122.566;1604
123.046;1604
123.526;1604
124.006;1604
124.132;644
124.486;1604
124.966;1604
125.466;1604
125.966;1604
126.132;644
126.466;1604
126.966;1604
127.466;1604
127.966;1604
128.132;644
128.466;1604
128.966;1604
129.486;1604
130.006;1604
130.132;644
130.526;1604
131.046;1604
131.566;1604
132.086;1604
132.132;644
132.606;1604
133.126;1604
133.626;1604
134.126;1604
134.132;644
134.626;1604
135.126;1604
135.626;1604
136.126;1604
136.132;644
136.626;1604
137.126;1604
137.606;1604
138.086;1604
138.332;1604
138.566;1604
139.046;1604
139.526;1604
140.006;1604
140.332;1604
140.486;1604
140.966;1604
141.426;1604
141.886;1604
142.332;1604
142.346;1604
142.806;1604
143.266;1604
143.726;1604
144.186;1604
144.332;1604
144.646;1604
145.086;1604
145.526;1604
145.966;1604
146.406;1604
146.532;1604
146.846;1604
147.286;1604
147.726;1604
148.166;1604
148.532;1604
148.606;1604
149.046;1604
149.486;1604
149.926;1604
150.366;1604
150.532;1604
150.806;1604
151.246;1604
151.686;1604
152.126;1604
152.532;1604
152.546;1604
152.966;1604
153.386;1604
153.806;1604
154.226;1604
154.532;1604
154.646;1604
155.066;1604
155.486;1604
155.886;1604
156.286;1604
156.532;1604
156.686;1604
157.086;1604
157.486;1604
157.886;1604
158.286;1604
158.686;1604
158.732;1604
159.086;1604
159.486;1604
159.886;1604
160.286;1604
160.686;1604
160.732;1604
161.086;1604
161.486;1604
161.886;1604
162.286;1604
162.666;1604
162.732;1604
163.046;1604
163.426;1604
163.806;1604
164.186;1604
164.566;1604
164.732;1604
164.946;1604
165.326;1604
165.686;1604
166.046;1604
166.406;1604
166.732;1604
166.766;1604
167.126;1604
167.486;1604
167.846;1604
168.206;1604
168.566;1604
168.732;1604
168.906;1604
169.246;1604
169.586;1604
169.926;1604
170.266;1604
170.606;1604
170.732;1604
170.946;1604
171.286;1604
171.646;1604
172.006;1604
172.366;1604
172.726;1604
172.932;1604
173.086;1604
173.446;1604
173.806;1604
174.166;1604
174.526;1604
174.906;1604
174.932;1604
175.286;1604
175.666;1604
176.046;1604
176.426;1604
176.806;1604
176.932;1604
177.186;1604
177.566;1604
177.966;1604
178.366;1604
178.766;1604
178.932;1604
179.166;1604
179.566;1604
179.966;1604
180.366;1604
180.766;1604
180.932;1604
181.166;1604
181.566;1604
181.966;1604
182.366;1604
182.766;1604
182.932;1604
183.166;1604
183.566;1604
183.966;1604
184.366;1604
184.786;1604
184.932;1604
185.206;1604
185.626;1604
186.046;1604
186.466;1604
186.886;1604
186.932;1604
187.306;1604
187.726;1604
188.166;1604
188.606;1604
188.932;1604
189.046;1604
189.486;1604
189.926;1604
190.366;1604
190.806;1604
190.932;1604
191.246;1604
191.706;1604
192.166;1604
192.626;1604
193.086;1604
193.132;1604
193.546;1604
194.006;1604
194.466;1604
194.926;1604
195.132;1604
195.386;1604
195.846;1604
196.306;1604
196.766;1604
197.132;1604
197.226;1604
197.686;1604
198.146;1604
198.606;1604
199.066;1604
199.132;1604
199.546;1604
200.026;1604
200.506;1604
200.986;1604
201.332;1604
201.466;1604
201.946;1604
202.426;1604
202.906;1604
203.332;1604
203.406;1604
203.906;1604
204.406;1604
204.906;1604
205.332;1604
205.406;1604
205.906;1604
206.406;1604
206.906;1604
207.426;1604
207.532;1604
207.946;1604
208.466;1604
208.986;1604
209.506;1604
209.532;1604
210.026;1604
210.546;1604
211.066;1604
211.532;1604
211.566;1604
212.066;1604
212.566;1604
213.066;1604
213.566;1604
213.732;1604
214.066;1604
214.566;1604
215.066;1604
215.546;1604
215.732;1604
216.026;1604
216.506;1604
216.986;1604
217.466;1604
217.732;1604
217.946;1604
218.426;1604
218.906;1604
219.366;1604
219.732;1604
219.826;1604
220.286;1604
220.746;1604
221.206;1604
221.666;1604
221.732;1604
222.126;1604
222.586;1604
223.026;1604
223.466;1604
223.732;1604
223.906;1604
224.346;1604
224.786;1604
225.226;1604
225.666;1604
225.732;1604
226.106;1604
226.526;1604
226.946;1604
227.366;1604
227.732;1604
227.786;1604
228.206;1604
228.626;1604
229.046;1604
229.466;1604
229.732;1604
229.886;1604
230.306;1604
230.726;1604
231.146;1604
231.566;1604
231.732;1604
231.986;1604
232.406;1604
232.826;1604
233.246;1604
233.646;1604
233.732;1604
234.046;1604
234.446;1604
234.846;1604
235.246;1604
235.646;1604
235.732;1604
236.046;1604
236.446;1604
236.826;1604
237.206;1604
237.586;1604
237.732;1604
237.966;1604
238.346;1604
238.726;1604
239.106;1604
239.486;1604
239.732;1604
239.866;1604
240.246;1604
240.626;1604
241.006;1604
241.386;1604
241.732;1604
241.766;1604
242.146;1604
242.526;1604
242.906;1604
243.266;1604
243.626;1604
243.732;1604
243.986;1604
244.346;1604
244.706;1604
245.066;1604
245.426;1604
245.786;1604
245.932;1604
246.146;1604
246.506;1604
246.866;1604
247.226;1604
247.586;1604
247.932;1604
247.946;1604
248.306;1604
248.666;1604
249.026;1604
249.366;1604
249.706;1604
250.046;1604
250.132;1604
250.386;1604
250.726;1604
251.066;1604
251.406;1604
251.746;1604
252.086;1604
252.132;1604
252.446;1604
252.806;1604
253.166;1604
253.526;1604
253.886;1604
254.132;1604
254.246;1604
254.606;1604
254.966;1604
255.346;1604
255.726;1604
256.106;1604
256.132;1604
256.486;1604
256.866;1604
257.246;1604
257.626;1604
258.006;1604
258.132;1604
258.386;1604
258.766;1604
259.146;1604
259.526;1604
259.906;1604
260.132;1604
260.286;1604
260.666;1604
261.046;1604
261.426;1604
261.826;1604
262.132;1604
262.226;1604
262.626;1604
263.026;1604
263.426;1604
263.826;1604
264.132;1604
264.226;1604
264.626;1604
265.046;1604
265.466;1604
265.886;1604
266.132;1604
266.306;1604
266.726;1604
267.146;1604
267.566;1604
267.986;1604
268.132;1604
268.406;1604
268.826;1604
269.246;1604
269.666;1604
270.086;1604
270.332;1604
270.506;1604
270.926;1604
271.346;1604
271.766;1604
272.206;1604
272.332;1604
272.646;1604
273.086;1604
273.526;1604
273.966;1604
274.332;1604
274.406;1604
274.846;1604
275.286;1604
275.746;1604
276.206;1604
276.332;1604
276.666;1604
277.126;1604
277.586;1604
278.046;1604
278.332;1604
278.506;1604
278.966;1604
279.446;1604
279.926;1604
280.332;1604
280.406;1604
280.886;1604
281.366;1604
281.846;1604
282.326;1604
282.332;1604
282.806;1604
283.306;1604
283.806;1604
284.306;1604
284.332;1604
284.806;1604
285.306;1604
285.806;1604
286.306;1604
286.332;1604
286.806;1604
287.326;1604
287.846;1604
288.332;1604
288.366;1604
288.886;1604
289.406;1604
289.926;1604
290.332;1604
290.446;1604
290.966;1604
291.466;1604
291.966;1604
292.332;1604
292.466;1604
292.966;1604
293.466;1604
293.966;1604
294.466;1604
294.532;1604
294.966;1604
295.446;1604
295.926;1604
296.406;1604
296.732;1604
296.886;1604
297.366;1604
297.846;1604
298.326;1604
298.732;1604
298.806;1604
299.266;1604
299.726;1604
300.186;1604
300.646;1604
300.932;1604
301.106;1604
301.566;1604
302.026;1604
302.486;1604
302.946;1604
303.132;1604
303.386;1604
303.826;1604
304.266;1604
304.706;1604
305.132;1604
305.146;1604
305.586;1604
306.026;1604
306.466;1604
306.886;1604
307.132;1604
307.306;1604
307.726;1604
308.146;1604
308.566;1604
308.986;1604
309.132;1604
309.406;1604
309.826;1604
310.226;1604
310.626;1604
311.026;1604
311.132;1604
311.426;1604
311.826;1604
312.226;1604
312.626;1604
313.026;1604
313.132;1604
313.426;1604
313.826;1604
314.226;1604
314.626;1604
315.026;1604
315.132;1604
315.426;1604
315.826;1604
316.226;1604
316.626;1604
317.046;1604
317.132;1604
317.466;1604
317.886;1604
318.306;1604
318.726;1604
319.132;1604
319.146;1604
319.566;1604
319.986;1604
320.426;1604
320.866;1604
321.132;1604
321.306;1604
321.746;1604
322.186;1604
322.626;1604
323.066;1604
323.132;1604
323.506;1604
323.966;1604
324.426;1604
324.886;1604
325.132;1604
325.346;1604
325.806;1604
326.266;1604
326.726;1604
327.132;1604
327.186;1604
327.666;1604
328.146;1604
328.626;1604
329.106;1604
329.132;1604
329.586;1604
330.066;1604
330.546;1604
331.026;1604
331.132;1604
331.506;1604
331.986;1604
332.466;1604
332.946;1604
333.132;1604
333.426;1604
333.906;1604
334.386;1604
334.866;1604
335.132;1604
335.346;1604
335.826;1604
336.306;1604
336.786;1604
337.132;1604
337.266;1604
337.746;1604
338.226;1604
338.706;1604
339.132;1604
339.186;1604
339.666;1604
340.146;1604
340.626;1604
341.106;1604
341.132;1604
341.586;1604
342.066;1604
342.546;1604
343.026;1604
343.132;1604
343.526;1604
344.026;1604
344.526;1604
345.026;1604
345.132;1604
345.526;1604
346.026;1604
346.526;1604
347.026;1604
347.132;1604
347.546;1604
348.066;1604
348.586;1604
349.106;1604
349.132;1604
349.626;1604
350.146;1604
350.666;1604
351.132;1604
351.186;1604
351.706;1604
352.226;1604
352.746;1604
353.132;1604
353.266;1604
353.786;1604
354.306;1604
354.826;1604
355.132;1604
355.346;1604
355.866;1604
356.386;1604
356.906;1604
357.132;1604
357.426;1604
357.946;1604
358.466;1604
358.986;1604
359.332;1604
359.506;1604
360.026;1604
360.546;1604
361.066;1604
361.332;1604
361.586;1604
362.106;1604
362.626;1604
363.146;1604
363.332;1604
363.666;1604
364.186;1604
364.706;1604
365.226;1604
365.332;1604
365.746;1604
366.266;1604
366.786;1604
367.306;1604
367.332;1604
367.826;1604
368.346;1604
368.866;1604
369.332;1604
369.386;1604
369.906;1604
370.426;1604
370.946;1604
371.332;1604
371.466;1604
371.966;1604
372.466;1604
372.966;1604
373.332;1604
373.466;1604
373.966;1604
374.466;1604
374.966;1604
375.332;1604
375.466;1604
375.946;1604
376.426;1604
376.906;1604
377.332;1604
377.386;1604
377.866;1604
378.346;1604
378.826;1604
379.306;1604
379.532;1604
379.786;1604
380.266;1604
380.746;1604
381.226;1604
381.532;1604
381.706;1604
382.186;1604
382.666;1604
383.146;1604
383.532;1604
383.626;1604
384.106;1604
384.586;1604
385.066;1604
385.532;1604
385.546;1604
386.026;1604
386.506;1604
386.986;1604
387.466;1604
387.532;1604
387.966;1604
388.466;1604
388.966;1604
389.466;1604
389.532;1604
389.966;1604
390.466;1604
390.966;1604
391.466;1604
391.732;1604
391.986;1604
392.506;1604
393.026;1604
393.546;1604
393.732;1604
394.066;1604
394.586;1604
395.106;1604
395.626;1604
395.732;1604
396.126;1604
396.626;1604
397.126;1604
397.626;1604
397.732;1604
398.126;1604
398.626;1604
399.126;1604
399.626;1604
399.732;1604
400.106;1604
400.586;1604
401.066;1604
401.546;1604
401.732;1604
402.026;1604
402.506;1604
402.986;1604
403.466;1604
403.732;1604
403.966;1604
404.466;1604
404.966;1604
405.466;1604
405.732;1604
405.966;1604
406.466;1604
406.966;1604
407.466;1604
407.732;1604
407.986;1604
408.506;1604
409.026;1604
409.546;1604
409.932;1604
410.066;1604
410.586;1604
411.106;1604
411.626;1604
411.932;1604
412.126;1604
412.626;1604
413.126;1604
413.626;1604
413.932;1604
414.126;1604
414.626;1604
415.126;1604
415.626;1604
415.932;1604
416.146;1604
416.666;1604
417.186;1604
417.706;1604
417.932;1604
418.226;1604
418.746;1604
419.266;1604
419.786;1604
419.932;1604
420.326;1604
420.866;1604
421.406;1604
421.946;1604
422.132;1604
422.486;1604
423.026;1604
423.566;1604
424.106;1604
424.332;1604
424.666;1604
425.226;1604
425.786;1604
426.332;1604
426.346;1604
426.906;1604
427.466;1604
428.026;1604
428.332;1604
428.586;1604
429.146;1604
429.706;1604
430.266;1604
430.332;1604
430.826;1604
431.386;1604
431.946;1604
432.332;1604
432.506;1604
433.086;1604
433.666;1604
434.246;1604
434.332;1604
434.826;1604
435.406;1604
435.986;1604
436.332;1604
436.566;1604
437.146;1604
437.706;1604
438.266;1604
438.332;1604
438.826;1604
439.386;1604
439.946;1604
440.506;1604
440.532;1604
441.066;1604
441.626;1604
442.206;1604
442.532;1604
442.786;1604
443.366;1604
443.946;1604
444.526;1604
444.532;1604
445.106;1604
445.686;1604
446.266;1604
446.532;1604
446.866;1604
447.466;1604
448.066;1604
448.532;1604
448.666;1604
449.266;1604
449.866;1604
450.466;1604
450.732;1604
451.066;1604
451.666;1604
452.266;1604
452.732;1604
452.866;1604
453.466;1604
454.066;1604
454.666;1604
454.732;1604
455.266;1604
455.886;1604
456.506;1604
456.732;1604
457.126;1604
457.746;1604
458.366;1604
458.732;1604
458.986;1604
459.606;1604
460.226;1604
460.732;1604
460.826;1604
461.426;1604
462.026;1604
462.626;1604
462.732;1604
463.226;1604
463.826;1604
464.426;1604
464.732;1604
465.026;1604
465.626;1604
466.226;1604
466.826;1604
466.932;1604
467.426;1604
468.026;1604
468.626;1604
468.932;1604
469.226;1604
469.846;1604
470.466;1604
470.932;1604
471.086;1604
471.706;1604
472.326;1604
472.932;1604
472.946;1604
473.566;1604
474.186;1604
474.786;1604
474.932;1604
475.386;1604
475.986;1604
476.586;1604
476.932;1604
477.186;1604
477.786;1604
478.386;1604
478.932;1604
478.986;1604
479.586;1604
480.186;1604
480.786;1604
480.932;1604
481.386;1604
481.986;1604
482.586;1604
482.932;1604
483.186;1604
483.806;1604
484.426;1604
484.932;1604
485.046;1604
485.666;1604
486.286;1604
486.906;1604
486.932;1604
487.526;1604
488.146;1604
488.786;1604
488.932;1604
489.426;1604
490.066;1604
490.706;1604
490.932;1604
491.346;1604
491.986;1604
492.626;1604
493.132;1604
493.266;1604
493.906;1604
494.546;1604
495.132;1604
495.186;1604
495.826;1604
496.466;1604
497.106;1604
497.132;1604
497.746;1604
498.406;1604
499.066;1604
499.132;1604
499.726;1604
500.386;1604
501.046;1604
501.132;1604
501.706;1604
502.366;1604
503.026;1604
503.132;1604
503.706;1604
504.386;1604
505.066;1604
505.132;1604
505.746;1604
506.426;1604
507.106;1604
507.132;1604
507.786;1604
508.486;1604
509.132;1604
509.186;1604
509.886;1604
510.586;1604
511.132;1604
511.286;1604
511.986;1604
512.686;1604
513.132;1604
513.386;1604
514.086;1604
514.786;1604
515.132;1604
515.486;1604
516.186;1604
516.886;1604
517.132;1604
517.586;1604
518.286;1604
519.006;1604
519.132;1604
519.726;1604
520.446;1604
521.132;1604
521.166;1604
521.886;1604
522.606;1604
523.132;1604
523.326;1604
524.026;1604
524.726;1604
525.132;1604
525.426;1604
526.126;1604
526.826;1604
527.132;1604
527.526;1604
528.226;1604
528.926;1604
529.132;1604
529.646;1604
530.366;1604
531.086;1604
531.132;1604
531.806;1604
532.526;1604
533.132;1604
533.246;1604
533.966;1604
534.706;1604
535.332;1604
535.446;1604
536.186;1604
536.926;1604
537.332;1604
537.666;1604
538.406;1604
539.146;1604
539.332;1604
539.886;1604
540.626;1604
541.332;1604
541.366;1604
542.106;1604
542.846;1604
543.332;1604
543.586;1604
544.326;1604
545.066;1604
545.332;1604
545.826;1604
546.586;1604
547.332;1604
547.346;1604
548.106;1604
548.866;1604
549.332;1604
549.626;1604
550.386;1604
551.126;1604
551.332;1604
551.866;1604
552.606;1604
553.332;1604
553.346;1604
554.086;1604
554.826;1604
555.332;1604
555.566;1604
556.326;1604
557.086;1604
557.332;1604
557.846;1604
558.606;1604
559.332;1604
559.366;1604
560.126;1604
560.886;1604
561.532;1604
561.646;1604
562.406;1604
563.166;1604
563.532;1604
563.926;1604
564.686;1604
565.446;1604
565.532;1604
566.206;1604
566.966;1604
567.732;1604
567.746;1604
568.526;1604
569.306;1604
569.732;1604
570.086;1604
570.866;1604
571.646;1604
571.732;1604
572.426;1604
573.186;1604
573.732;1604
573.946;1604
574.706;1604
575.466;1604
575.732;1604
576.226;1604
576.986;1604
577.732;1604
577.746;1604
578.526;1604
579.306;1604
579.732;1604
580.086;1604
580.866;1604
581.646;1604
581.732;1604
582.426;1604
583.206;1604
583.732;1604
583.986;1604
584.766;1604
585.546;1604
585.732;1604
586.326;1604
587.106;1604
587.886;1604
587.932;1604
588.666;1604
589.446;1604
589.932;1604
590.246;1604
591.046;1604
591.846;1604
591.932;1604
592.646;1604
593.446;1604
593.932;1604
594.246;1604
595.046;1604
595.826;1604
595.932;1604
596.606;1604
597.386;1604
597.932;1604
598.166;1604
598.946;1604
599.726;1604
599.932;1604
600.506;1604
601.306;1604
601.932;1604
602.106;1604
602.906;1604
603.706;1604
603.932;1604
604.506;1604
605.306;1604
605.932;1604
606.106;1604
606.926;1604
607.746;1604
607.932;1604
608.566;1604
609.386;1604
609.932;1604
610.206;1604
611.026;1604
611.846;1604
611.932;1604
612.666;1604
613.486;1604
613.932;1604
614.306;1604
615.126;1604
615.932;1604
615.946;1604
616.766;1604
617.586;1604
617.932;1604
618.406;1604
619.226;1604
620.046;1604
620.132;1604
620.866;1604
621.686;1604
622.132;1604
622.506;1604
623.326;1604
624.132;1604
624.146;1604
624.966;1604
625.786;1604
626.132;1604
626.606;1604
627.426;1604
628.132;1604
628.246;1604
629.066;1604
629.886;1604
630.132;1604
630.726;1604
631.566;1604
632.132;1604
632.406;1604
633.246;1604
634.086;1604
634.132;1604
634.926;1604
635.766;1604
636.132;1604
636.586;1604
637.406;1604
638.226;1604
638.332;1604
639.046;1604
639.866;1604
640.532;1604
640.686;1604
641.506;1604
642.306;1604
642.532;1604
643.106;1604
643.906;1604
644.532;1604
644.706;1604
645.506;1604
646.306;1604
646.532;1604
647.106;1604
647.886;1604
648.532;1604
648.666;1604
649.446;1604
650.226;1604
650.532;1604
651.006;1604
651.786;1604
652.566;1604
652.732;1604
653.346;1604
654.126;1604
654.732;1604
654.906;1604
655.686;1604
656.466;1604
656.732;1604
657.246;1604
658.026;1604
658.732;1604
658.806;1604
659.586;1604
660.366;1604
660.932;1604
661.146;1604
661.926;1604
662.706;1604
662.932;1604
663.486;1604
664.266;1604
664.932;1604
665.066;1604
665.866;1604
666.666;1604
666.932;1604
667.466;1604
668.266;1604
669.066;1604
669.132;1604
669.866;1604
670.646;1604
671.132;1604
671.426;1604
672.206;1604
672.986;1604
673.132;1604
673.766;1604
674.546;1604
675.326;1604
675.332;1604
676.106;1604
676.886;1604
677.532;1604
677.666;1604
678.446;1604
679.226;1604
679.532;1604
680.006;1604
680.786;1604
681.532;1604
681.566;1604
682.346;1604
683.126;1604
683.532;1604
683.906;1604
684.686;1604
685.466;1604
685.532;1604
686.246;1604
687.026;1604
687.532;1604
687.826;1604
688.626;1604
689.426;1604
689.532;1604
690.226;1604
691.026;1604
691.532;1604
691.826;1604
692.626;1604
693.446;1604
693.532;1604
694.266;1604
695.086;1604
695.532;1604
695.906;1604
696.726;1604
697.532;1604
697.546;1604
698.366;1604
699.206;1604
699.532;1604
700.046;1604
700.886;1604
701.532;1604
701.726;1604
702.566;1604
703.406;1604
703.532;1604
704.246;1604
705.106;1604
705.532;1604
705.966;1604
706.826;1604
707.532;1604
707.686;1604
708.546;1604
709.406;1604
709.532;1604
710.266;1604
711.146;1604
711.532;1604
712.026;1604
712.906;1604
713.532;1604
713.786;1604
714.666;1604
715.532;1604
715.546;1604
716.426;1604
717.326;1604
717.532;1604
718.226;1604
719.126;1604
719.532;1604
720.026;1604
720.926;1604
721.532;1604
721.826;1604
722.726;1604
723.532;1604
723.646;1604
724.566;1604
725.486;1604
725.532;1604
726.406;1604
727.326;1604
727.532;1604
728.246;1604
729.166;1604
729.732;1604
730.106;1604
731.046;1604
731.732;1604
731.986;1604
732.926;1604
733.732;1604
733.866;1604
734.806;1604
735.732;1604
735.746;1604
736.686;1604
737.626;1604
737.732;1604
738.566;1604
739.506;1604
739.932;1604
740.446;1604
741.386;1604
741.932;1604
742.326;1604
743.266;1604
743.932;1604
744.206;1604
745.146;1604
745.932;1604
746.086;1604
747.026;1604
747.932;1604
747.966;1604
748.926;1604
749.886;1604
749.932;1604
750.846;1604
751.806;1604
751.932;1604
752.766;1604
753.726;1604
753.932;1604
754.686;1604
755.626;1604
755.932;1604
756.566;1604
757.506;1604
757.932;1604
758.446;1604
759.386;1604
759.932;1604
760.326;1604
761.266;1604
761.932;1604
762.186;1604
763.106;1604
763.932;1604
764.026;1604
764.946;1604
765.866;1604
765.932;1604
766.786;1604
767.706;1604
767.932;1604
768.646;1604
769.586;1604
769.932;1604
770.526;1604
771.466;1604
771.932;1604
772.406;1604
773.346;1604
774.132;1604
774.286;1604
775.226;1604
776.166;1604
776.332;1604
777.106;1604
778.046;1604
778.332;1604
778.986;1604
779.926;1604
780.332;1604
780.866;1604
781.806;1604
782.332;1604
782.746;1604
783.686;1604
784.332;1604
784.626;1604
785.566;1604
786.332;1604
786.506;1604
787.466;1604
788.332;1604
788.426;1604
789.386;1604
790.346;1604
790.532;1604
791.306;1604
792.266;1604
792.732;1604
793.226;1604
794.166;1604
794.732;1604
795.106;1604
796.046;1604
796.732;1604
796.986;1604
797.926;1604
798.732;1604
798.866;1604
799.806;1604
800.732;1604
800.766;1604
801.726;1604
802.686;1604
802.932;1604
803.646;1604
804.606;1604
805.132;1604
805.566;1604
806.526;1604
807.132;1604
807.506;1604
808.486;1604
809.132;1604
809.466;1604
810.446;1604
811.132;1604
811.426;1604
812.406;1604
813.132;1604
813.386;1604
814.366;1604
815.132;1604
815.346;1604
816.326;1604
817.132;1604
817.306;1604
818.286;1604
819.132;1604
819.266;1604
820.266;1604
821.266;1604
821.332;1604
822.266;1604
823.266;1604
823.332;1604
824.266;1604
825.266;1604
825.332;1604
826.266;1604
827.286;1604
827.332;1604
828.306;1604
829.326;1604
829.332;1604
830.346;1604
831.332;1604
831.366;1604
832.386;1604
833.406;1604
833.532;1604
834.446;1604
835.486;1604
835.532;1604
836.526;1604
837.566;1604
837.732;1604
838.606;1604
839.646;1604
839.732;1604
840.686;1604
841.726;1604
841.932;1604
842.766;1604
843.806;1604
843.932;1604
844.846;1604
845.886;1604
845.932;1604
846.926;1604
847.932;1604
847.986;1604
849.046;1604
849.932;1604
850.106;1604
851.166;1604
851.932;1604
852.226;1604
853.286;1604
853.932;1604
854.346;1604
855.406;1604
855.932;1604
856.466;1604
857.526;1604
857.932;1604
858.586;1604
859.646;1604
859.932;1604
860.706;1604
861.786;1604
862.132;1604
862.866;1604
863.946;1604
864.132;1604
865.026;1604
866.106;1604
866.132;1604
867.186;1604
868.266;1604
868.332;1604
869.366;1604
870.332;1604
870.466;1604
871.566;1604
872.332;1604
872.666;1604
873.766;1604
874.332;1604
874.866;1604
875.986;1604
876.532;1604
877.106;1604
878.226;1604
878.532;1604
879.346;1604
880.466;1604
880.532;1604
881.586;1604
882.706;1604
882.732;1604
883.846;1604
884.932;1604
884.986;1604
886.126;1604
886.932;1604
887.266;1604
888.406;1604
888.932;1604
889.546;1604
890.706;1604
890.932;1604
891.866;1604
893.026;1604
893.132;1604
894.186;1604
895.132;1604
895.346;1604
896.506;1604
897.132;1604
897.666;1604
898.826;1604
899.132;1604
899.986;1604
901.132;1604
901.146;1604
902.306;1604
903.132;1604
903.466;1604
904.626;1604
905.132;1604
905.806;1604
906.986;1604
907.132;1604
908.166;1604
909.132;1604
909.346;1604
910.526;1604
911.332;1604
911.706;1604
912.866;1604
913.332;1604
914.026;1604
915.186;1604
915.332;2147
916.346;1604
917.506;1604
917.532;2147
918.666;1604
919.532;2147
919.826;1604
920.986;1604
921.732;2147
922.146;1604
923.306;1604
923.732;2147
924.466;1604
925.626;1604
925.732;2147
926.786;1604
927.732;2147
927.966;1604
929.146;1604
929.732;2147
930.326;1604
931.506;1604
931.732;2147
932.686;1604
933.732;2147
933.866;1604
935.026;1604
935.732;2147
936.186;1604
937.346;1604
937.732;2147
938.506;1604
939.666;1604
939.732;2147
940.826;1604
941.732;2147
941.986;1604
943.146;1604
943.932;2147
944.306;1604
945.466;1604
945.932;2147
946.626;1604
947.786;1604
948.132;2147
948.946;1604
950.126;1604
950.132;2147
951.306;1604
952.132;2147
952.486;1604
953.666;1604
954.132;2147
954.846;1604
956.026;1604
956.132;2147
957.206;1604
958.132;2147
958.386;1604
959.566;1604
960.132;2147
960.746;1604
961.926;1604
962.132;2147
963.106;1604
964.132;2147
964.286;1604
965.466;1604
966.132;2147
966.646;1604
967.826;1604
968.332;2147
969.006;1604
970.186;1604
970.532;2147
971.366;1604
972.532;2147
972.566;1604
973.766;1604
974.532;2147
974.966;1604
976.166;1604
976.732;2147
977.366;1604
978.566;1604
978.732;2147
979.766;1604
980.732;2147
980.966;1604
982.166;1604
982.732;2147
983.366;1604
984.566;1604
984.732;2147
985.766;1604
986.732;2147
986.966;1604
988.166;1604
988.732;2147
989.366;1604
990.566;1604
990.932;2147
991.766;1604
992.932;2147
992.966;1604
994.166;1604
994.932;2147
995.386;1604
996.606;1604
997.132;2147
997.826;1604
999.046;1604
999.132;2147
1000.27;1604
1001.13;2147
1001.49;1604
1002.69;1604
1003.13;2147
1003.89;1604
1005.09;1604
1005.13;2147
1006.29;1604
1007.13;2147
1007.49;1604
1008.69;1604
1009.13;2147
1009.89;1604
1011.09;1604
1011.13;2147
1012.29;1604
1013.33;2147
1013.49;1604
1014.69;1604
1015.33;2147
1015.89;1604
1017.09;1604
1017.33;2147
1018.31;1604
1019.33;2147
1019.53;1604
1020.75;1604
1021.53;2147
1021.97;1604
1023.19;1604
1023.73;2147
1024.41;1604
1025.61;1604
1025.73;2147
1026.81;1604
1027.73;2147
1028.01;1604
1029.21;1604
1029.73;2147
1030.41;1604
1031.61;1604
1031.93;2147
1032.81;1604
1033.93;2147
1034.01;1604
1035.21;1604
1036.13;2147
1036.41;1604
1037.61;1604
1038.13;2147
1038.81;1604
1040.01;1604
1040.13;2147
1041.23;1604
1042.13;2147
1042.45;1604
1043.67;1604
1044.33;2147
1044.89;1604
1046.11;1604
1046.33;2147
1047.33;1604
1048.33;2147
1048.53;1604
1049.73;1604
1050.33;2147
1050.93;1604
1052.13;1604
1052.33;2147
1053.33;1604
1054.33;2147
1054.53;1604
1055.75;1604
1056.33;2147
1056.97;1604
1058.19;1604
1058.33;2147
1059.41;1604
1060.33;2147
1060.63;1604
1061.85;1604
1062.33;2147
1063.07;1604
1064.29;1604
1064.53;2147
1065.51;1604
1066.53;2147
1066.73;1604
1067.95;1604
1068.53;2147
1069.17;1604
1070.39;1604
1070.53;2147
1071.63;1604
1072.73;2147
1072.87;1604
1074.11;1604
1074.73;2147
1075.35;1604
1076.59;1604
1076.73;2147
1077.83;1604
1078.73;2147
1079.05;1604
1080.27;1604
1080.73;2147
1081.49;1604
1082.71;1604
1082.93;2147
1083.93;1604
1084.93;2147
1085.15;1604
1086.39;1604
1086.93;2147
1087.63;1604
1088.87;1604
1088.93;2147
1090.11;1604
1091.13;2147
1091.35;1604
1092.59;1604
1093.13;2147
1093.83;1604
1095.07;1604
1095.13;2147
1096.31;1604
1097.13;2147
1097.55;1604
1098.79;1604
1099.13;2147
1100.03;1604
1101.13;2147
1101.27;1604
1102.51;1604
1103.13;2147
1103.75;1604
1104.99;1604
1105.33;2147
1106.23;1604
1107.33;2147
1107.47;1604
1108.71;1604
1109.53;2147
1109.97;1604
1111.23;1604
1111.53;2147
1112.49;1604
1113.53;2147
1113.75;1604
1115.01;1604
1115.53;2147
1116.27;1604
1117.51;1604
1117.53;2147
1118.75;1604
1119.73;2147
1119.99;1604
1121.23;1604
1121.73;2147
1122.47;1604
1123.71;1604
1123.93;2147
1124.95;1604
1125.93;2147
1126.19;1604
1127.43;1604
1127.93;2147
1128.67;1604
1129.91;1604
1129.93;2147
1131.15;1604
1131.93;2147
1132.39;1604
1133.63;1604
1134.13;2147
1134.87;1604
1136.11;1604
1136.13;2147
1137.35;1604
1138.13;2147
1138.59;1604
1139.83;1604
1140.13;2147
1141.09;1604
1142.33;2147
1142.35;1604
1143.61;1604
1144.33;2147
1144.87;1604
1146.13;1604
1146.33;2147
1147.39;1604
1148.33;2147
1148.67;1604
1149.95;1604
1150.33;2147
1151.23;1604
1152.33;2147
1152.51;1604
1153.79;1604
1154.33;2147
1155.07;1604
1156.33;2147
1156.37;1604
1157.67;1604
1158.33;2147
1158.97;1604
1160.27;1604
1160.33;2147
1161.57;1604
1162.33;2147
1162.87;1604
1164.19;1604
1164.33;2147
1165.51;1604
1166.33;2147
1166.83;1604
1168.15;1604
1168.33;2147
1169.47;1604
1170.33;2147
1170.79;1604
1172.13;1604
1172.33;2147
1173.47;1604
1174.53;2147
1174.81;1604
1176.15;1604
1176.53;2147
1177.49;1604
1178.53;2147
1178.83;1604
1180.19;1604
1180.53;2147
1181.55;1604
1182.53;2147
1182.91;1604
1184.27;1604
1184.53;2147
1185.63;1604
1186.53;2147
1186.99;1604
1188.37;1604
1188.53;2147
1189.75;1604
1190.53;2147
1191.13;1604
1192.51;1604
1192.53;2147
1193.89;1604
1194.53;2147
1195.27;1604
1196.67;1604
1196.73;2147
1198.07;1604
1198.73;2147
1199.47;1604
1200.73;2147
1200.87;1604
1202.27;1604
1202.93;2147
1203.67;1604
1204.93;2147
1205.09;1604
1206.51;1604
1206.93;2147
1207.93;1604
1208.93;2147
1209.35;1604
1210.77;1604
1210.93;2147
1212.19;1604
1212.93;2147
1213.63;1604
1214.93;2147
1215.07;1604
1216.51;1604
1216.93;2147
1217.95;1604
1218.93;2147
1219.39;1604
1220.83;1604
1220.93;2147
1222.29;1604
1222.93;2147
1223.75;1604
1225.13;2147
1225.21;1604
1226.67;1604
1227.13;2147
1228.13;1604
1229.13;2147
1229.59;1604
1231.05;1604
1231.13;2147
1232.51;1604
1233.13;2147
1233.97;1604
1235.13;2147
1235.43;1604
1236.89;1604
1237.13;2147
1238.35;1604
1239.13;2147
1239.81;1604
1241.13;2147
1241.27;1604
1242.73;1604
1243.13;2147
1244.19;1604
1245.13;2147
1245.65;1604
1247.13;1604
1247.13;2147
1248.61;1604
1249.13;2147
1250.09;1604
1251.13;2147
1251.57;1604
1253.05;1604
1253.13;2147
1254.53;1604
1255.33;2147
1255.99;1604
1257.33;2147
1257.45;1604
1258.91;1604
1259.33;2147
1260.37;1604
1261.33;2147
1261.83;1604
1263.29;1604
1263.33;2147
1264.73;1604
1265.33;2147
1266.17;1604
1267.33;2147
1267.61;1604
1269.05;1604
1269.33;2147
1270.49;1604
1271.33;2147
1271.93;1604
1273.37;1604
1273.53;2147
1274.81;1604
1275.53;2147
1276.25;1604
1277.53;2147
1277.69;1604
1279.13;1604
1279.73;2147
1280.57;1604
1281.73;2147
1282.01;1604
1283.45;1604
1283.73;2147
1284.89;1604
1285.73;2147
1286.33;1604
1287.73;2147
1287.77;1604
1289.23;1604
1289.73;2147
1290.69;1604
1291.93;2147
1292.15;1604
1293.61;1604
1294.13;2147
1295.07;1604
1296.13;2147
1296.53;1604
1297.97;1604
1298.13;2147
1299.41;1604
1300.33;2147
1300.85;1604
1302.29;1604
1302.53;2147
1303.73;1604
1304.53;2147
1305.17;1604
1306.53;2147
1306.59;1604
1308.01;1604
1308.53;2147
1309.43;1604
1310.53;2147
1310.85;1604
1312.27;1604
1312.53;2147
1313.69;1604
1314.53;2147
1315.13;1604
1316.53;2147
1316.57;1604
1318.01;1604
1318.53;2147
1319.45;1604
1320.53;2147
1320.89;1604
1322.33;1604
1322.53;2147
1323.79;1604
1324.53;2147
1325.25;1604
1326.53;2147
1326.71;1604
1328.17;1604
1328.53;2147
1329.63;1604
1330.53;2147
1331.09;1604
1332.53;2147
1332.55;1604
1334.01;1604
1334.53;2147
1335.47;1604
1336.53;2147
1336.93;1604
1338.39;1604
1338.53;2147
1339.85;1604
1340.53;2147
1341.31;1604
1342.53;2147
1342.77;1604
1344.23;1604
1344.73;2147
1345.69;1604
1346.73;2147
1347.15;1604
1348.63;1604
1348.73;2147
1350.11;1604
1350.73;2147
1351.59;1604
1352.73;2147
1353.07;1604
1354.55;1604
1354.73;2147
1356.03;1604
1356.73;2147
1357.49;1604
1358.73;2147
1358.95;1604
1360.41;1604
1360.73;2147
1361.87;1604
1362.93;2147
1363.33;1604
1364.79;1604
1365.13;2147
1366.23;1604
1367.13;2147
1367.67;1604
1369.11;1604
1369.13;2147
1370.55;1604
1371.13;2147
1371.99;1604
1373.33;2147
1373.43;1604
1374.87;1604
1375.33;2147
1376.31;1604
1377.33;2147
1377.75;1604
1379.19;1604
1379.33;2147
1380.63;1604
1381.33;2147
1382.07;1604
1383.33;2147
1383.51;1604
1384.95;1604
1385.33;2147
1386.39;1604
1387.53;2147
1387.83;1604
1389.27;1604
1389.53;2147
1390.71;1604
1391.53;2147
1392.15;1604
1393.53;2147
1393.59;1604
1395.03;1604
1395.53;2147
1396.47;1604
1397.53;2147
1397.91;1604
1399.37;1604
1399.53;2147
1400.83;1604
1401.73;2147
1402.29;1604
1403.73;2147
1403.75;1604
1405.21;1604
1405.73;2147
1406.67;1604
1407.73;2147
1408.11;1604
1409.55;1604
1409.73;2147
1410.99;1604
1411.73;2147
1412.43;1604
1413.73;2147
1413.87;1604
1415.31;1604
1415.73;2147
1416.73;1604
1417.73;2147
1418.15;1604
1419.57;1604
1419.93;2147
1420.99;1604
1422.13;2147
1422.41;1604
1423.83;1604
1424.33;2147
1425.23;1604
1426.33;2147
1426.63;1604
1428.03;1604
1428.33;2147
1429.43;1604
1430.33;2147
1430.83;1604
1432.23;1604
1432.33;2147
1433.65;1604
1434.33;2147
1435.07;1604
1436.33;2147
1436.49;1604
1437.91;1604
1438.33;2147
1439.33;1604
1440.53;2147
1440.75;1604
1442.17;1604
1442.53;2147
1443.59;1604
1444.53;2147
1445.01;1604
1446.43;1604
1446.53;2147
1447.85;1604
1448.73;2147
1449.27;1604
1450.69;1604
1450.93;2147
1452.11;1604
1453.13;2147
1453.53;1604
1454.95;1604
1455.13;2147
1456.37;1604
1457.13;2147
1457.79;1604
1459.13;2147
1459.21;1604
1460.63;1604
1461.33;2147
1462.05;1604
1463.33;2147
1463.47;1604
1464.89;1604
1465.33;2147
1466.31;1604
1467.33;2147
1467.73;1604
1469.15;1604
1469.33;2147
1470.57;1604
1471.33;2147
1471.99;1604
1473.33;2147
1473.41;1604
1474.85;1604
1475.33;2147
1476.29;1604
1477.33;2147
1477.73;1604
1479.17;1604
1479.33;2147
1480.61;1604
1481.33;2147
1482.05;1604
1483.33;2147
1483.47;1604
1484.89;1604
1485.53;2147
1486.31;1604
1487.53;2147
1487.73;1604
1489.15;1604
1489.53;2147
1490.57;1604
1491.53;2147
1491.97;1604
1493.37;1604
1493.53;2147
1494.77;1604
1495.53;2147
1496.17;1604
1497.53;2147
1497.57;1604
1498.97;1604
1499.53;2147
1500.39;1604
1501.53;2147
1501.81;1604
1503.23;1604
1503.53;2147
1504.65;1604
1505.73;2147
1506.07;1604
1507.49;1604
1507.93;2147
1508.93;1604
1509.93;2147
1510.37;1604
1511.81;1604
1511.93;2147
1513.25;1604
1513.93;2147
1514.69;1604
1515.93;2147
1516.13;1604
1517.57;1604
1517.93;2147
1519.01;1604
1519.93;2147
1520.45;1604
1521.89;1604
1521.93;2147
1523.33;1604
1523.93;2147
1524.77;1604
1525.93;2147
1526.21;1604
1527.65;1604
1527.93;2147
1529.09;1604
1529.93;2147
1530.53;1604
1531.93;2147
1531.97;1604
1533.43;1604
1534.13;2147
1534.89;1604
1536.13;2147
1536.35;1604
1537.81;1604
1538.13;2147
1539.27;1604
1540.13;2147
1540.73;1604
1542.13;2147
1542.17;1604
1543.61;1604
1544.13;2147
1545.05;1604
1546.13;2147
1546.49;1604
1547.93;1604
1548.13;2147
1549.37;1604
1550.33;2147
1550.79;1604
1552.21;1604
1552.33;2147
1553.63;1604
1554.33;2147
1555.05;1604
1556.33;2147
1556.47;1604
1557.89;1604
1558.33;2147
1559.33;1604
1560.33;2147
1560.77;1604
1562.21;1604
1562.33;2147
1563.65;1604
1564.33;2147
1565.09;1604
1566.33;2147
1566.53;1604
1567.97;1604
1568.33;2147
1569.41;1604
1570.53;2147
1570.85;1604
1572.29;1604
1572.53;2147
1573.73;1604
1574.53;2147
1575.17;1604
1576.53;2147
1576.61;1604
1578.05;1604
1578.73;2147
1579.49;1604
1580.73;2147
1580.93;1604
1582.37;1604
1582.93;2147
1583.81;1604
1584.93;2147
1585.25;1604
1586.69;1604
1586.93;2147
1588.13;1604
1588.93;2147
1589.57;1604
1590.93;2147
1591.01;1604
1592.47;1604
1592.93;2147
1593.93;1604
1594.93;2147
1595.39;1604
1596.85;1604
1596.93;2147
1598.31;1604
1598.93;2147
1599.77;1604
1600.93;2147
1601.21;1604
1602.65;1604
1602.93;2147
1604.09;1604
1605.13;2147
1605.53;1604
1606.97;1604
1607.13;2147
1608.41;1604
1609.13;2147
1609.83;1604
1611.13;2147
1611.25;1604
1612.67;1604
1613.13;2147
1614.09;1604
1615.13;2147
1615.51;1604
1616.93;1604
1617.13;2147
1618.37;1604
1619.13;2147
1619.81;1604
1621.25;1604
1621.33;2147
1622.69;1604
1623.33;2147
1624.13;1604
1625.53;2147
1625.57;1604
1627.01;1604
1627.53;2147
1628.45;1604
1629.53;2147
1629.89;1604
1631.33;1604
1631.53;2147
1632.77;1604
1633.73;2147
1634.21;1604
1635.65;1604
1635.73;2147
1637.09;1604
1637.73;2147
1638.53;1604
1639.73;2147
1639.97;1604
1641.41;1604
1641.73;2147
1642.85;1604
1643.73;2147
1644.29;1604
1645.73;1604
1645.73;2147
1647.17;1604
1647.73;2147
1648.61;1604
1649.73;2147
1650.05;1604
1651.51;1604
1651.73;2147
1652.97;1604
1653.73;2147
1654.43;1604
1655.73;2147
1655.89;1604
1657.35;1604
1657.73;2147
1658.81;1604
1659.93;2147
1660.25;1604
1661.69;1604
1661.93;2147
1663.13;1604
1664.13;2147
1664.57;1604
1666.01;1604
1666.13;2147
1667.45;1604
1668.13;2147
1668.87;1604
1670.13;2147
1670.29;1604
1671.71;1604
1672.13;2147
1673.13;1604
1674.13;2147
1674.55;1604
1675.97;1604
1676.13;2147
1677.37;1604
1678.13;2147
1678.77;1604
1680.17;1604
1680.33;2147
1681.57;1604
1682.33;2147
1682.97;1604
1684.33;2147
1684.37;1604
1685.77;1604
1686.33;2147
1687.17;1604
1688.33;2147
1688.57;1604
1689.97;1604
1690.53;2147
1691.37;1604
1692.53;2147
1692.77;1604
1694.17;1604
1694.53;2147
1695.57;1604
1696.53;2147
1696.97;1604
1698.37;1604
1698.53;2147
1699.77;1604
1700.53;2147
1701.17;1604
1702.53;2147
1702.57;1604
1703.97;1604
1704.53;2147
1705.37;1604
1706.53;2147
1706.77;1604
1708.17;1604
1708.53;2147
1709.57;1604
1710.53;2147
1710.97;1604
1712.37;1604
1712.53;2147
1713.77;1604
1714.53;2147
1715.17;1604
1716.53;2147
1716.57;1604
1717.99;1604
1718.53;2147
1719.41;1604
1720.73;2147
1720.83;1604
1722.25;1604
1722.73;2147
1723.67;1604
1724.73;2147
1725.09;1604
1726.49;1604
1726.73;2147
1727.89;1604
1728.93;2147
1729.29;1604
1730.69;1604
1730.93;2147
1732.09;1604
1732.93;2147
1733.49;1604
1734.87;1604
1734.93;2147
1736.25;1604
1736.93;2147
1737.63;1604
1738.93;2147
1739.01;1604
1740.39;1604
1741.13;2147
1741.77;1604
1743.13;1604
1743.13;2147
1744.49;1604
1745.13;2147
1745.85;1604
1747.13;2147
1747.21;1604
1748.57;1604
1749.33;2147
1749.93;1604
1751.31;1604
1751.53;2147
1752.69;1604
1753.73;2147
1754.07;1604
1755.45;1604
1755.73;2147
1756.83;1604
1757.73;2147
1758.21;1604
1759.61;1604
1759.73;2147
1761.01;1604
1761.73;2147
1762.41;1604
1763.81;1604
1763.93;2147
1765.21;1604
1765.93;2147
1766.61;1604
1768.03;1604
1768.13;2147
1769.45;1604
1770.13;2147
1770.87;1604
1772.13;2147
1772.29;1604
1773.71;1604
1774.13;2147
1775.13;1604
1776.13;2147
1776.57;1604
1778.01;1604
1778.13;2147
1779.45;1604
1780.13;2147
1780.89;1604
1782.13;2147
1782.33;1604
1783.77;1604
1784.13;2147
1785.23;1604
1786.13;2147
1786.69;1604
1788.13;2147
1788.15;1604
1789.61;1604
1790.13;2147
1791.07;1604
1792.33;2147
1792.53;1604
1793.99;1604
1794.33;2147
1795.45;1604
1796.33;2147
1796.91;1604
1798.33;2147
1798.37;1604
