#	X	Y
2.33602;702
4.33601;702
6.33601;702
8.53601;702
10.736;702
12.736;702
14.736;702
16.736;702
18.936;702
21.136;702
23.136;702
25.136;702
27.136;702
29.136;702
31.136;702
33.136;702
35.136;702
37.136;702
39.136;702
41.136;702
43.136;702
45.136;702
47.136;702
49.136;702
51.136;702
53.136;702
55.136;702
57.136;702
59.136;702
61.136;702
63.136;702
65.136;702
67.136;702
69.136;702
71.136;702
73.136;702
75.336;702
77.536;702
79.536;702
81.536;702
83.536;702
85.536;702
87.536;702
89.536;702
91.536;702
93.536;702
95.536;702
97.536;702
99.536;702
101.536;702
103.736;702
105.736;702
107.736;702
109.936;702
111.936;702
113.936;702
115.936;702
117.936;702
119.936;702
121.936;702
123.936;702
125.936;702
127.936;702
129.936;702
131.936;702
133.936;702
135.936;702
137.936;702
139.936;702
141.936;702
143.936;702
145.936;702
147.936;702
149.936;702
151.936;702
153.936;702
156.136;702
158.136;702
160.136;702
162.136;702
164.136;702
166.136;702
168.136;702
170.336;1794
172.336;1794
174.336;1794
176.536;1794
178.536;1794
180.536;1794
182.736;1794
184.736;1794
186.736;1794
188.736;1794
190.736;1794
192.736;1794
194.736;1794
196.736;1794
198.736;1794
200.736;1794
202.736;1794
204.936;1794
206.936;1794
208.936;1794
210.936;1794
212.936;1794
214.936;1794
216.936;1794
218.936;1794
220.936;1794
222.936;1794
224.936;1794
226.936;1794
228.936;1794
230.936;1794
232.936;1794
235.136;1794
237.136;1794
239.336;1794
241.536;1794
243.536;1794
245.536;1794
247.536;1794
249.536;1794
251.536;1794
253.536;1794
255.536;1794
257.536;1794
259.536;1794
261.736;1794
263.936;1794
265.936;1794
267.936;1794
269.936;1794
271.936;1794
273.936;1794
275.936;1794
277.936;1794
279.936;1794
281.936;1794
283.936;1794
286.136;1794
288.136;1794
290.136;1794
292.336;1794
294.336;1794
296.336;1794
298.336;1794
300.336;1794
302.336;1794
304.336;1794
306.336;1794
308.336;1794
310.536;1794
312.736;1794
314.736;1794
316.936;1794
318.936;1794
320.936;1794
322.936;1794
324.936;1794
327.136;1794
329.136;1794
331.136;1794
333.136;1794
335.136;1794
337.136;1794
339.336;1794
341.336;1794
343.336;1794
345.336;1794
347.336;1794
349.336;1794
351.336;1794
353.336;1794
355.536;1794
357.536;1794
359.536;1794
361.536;1794
363.536;1794
365.536;1794
367.536;1794
369.536;1794
371.536;1794
373.536;1794
375.536;1794
377.736;1794
379.736;1794
381.736;1794
383.736;1794
385.736;1794
387.736;1794
389.736;1794
391.736;1794
393.936;1794
395.936;1794
397.936;1794
399.936;1794
402.136;1794
404.336;1794
406.336;1794
408.336;1794
410.336;1794
412.336;1794
414.336;1794
416.336;1794
418.336;1794
420.336;1794
422.336;1794
424.336;1794
426.336;1794
428.336;1794
430.336;1794
432.536;1794
434.536;1794
436.536;1794
438.736;1794
440.736;1794
442.736;1794
444.736;1794
446.736;1794
448.736;1794
450.936;1794
452.936;1794
454.936;1794
456.936;1794
458.936;1794
460.936;1794
462.936;1794
464.936;1794
466.936;1794
468.936;1794
470.936;1794
473.136;1794
475.136;1794
477.136;1794
479.336;1794
481.336;1794
483.336;1794
485.536;1794
487.536;1794
489.536;1794
491.536;1794
493.536;1794
495.536;1794
497.536;1794
499.536;1794
501.536;1794
503.536;1794
505.536;1794
507.736;1794
509.736;1794
511.736;1794
513.936;1794
515.936;1794
517.936;1794
519.936;1794
521.936;1794
524.136;1794
526.136;1794
528.136;1794
530.136;1794
532.136;1794
534.136;1794
536.136;1794
538.136;1794
540.136;1794
542.136;1794
544.136;1794
546.136;1794
548.136;1794
550.136;1794
552.136;1794
554.136;1794
556.136;1794
558.136;1794
560.136;1794
562.136;1794
564.136;1794
566.136;1794
568.136;1794
570.136;1794
572.136;1794
574.336;1794
576.336;1794
578.336;1794
580.336;1794
582.336;1794
584.336;1794
586.536;1794
588.536;1794
590.536;1794
592.536;1794
594.536;1794
596.536;1794
598.536;1794
600.536;1794
602.536;1794
604.536;1794
606.536;1794
608.536;1794
610.536;1794
612.536;1794
614.536;1794
616.536;1794
618.736;1794
620.736;1794
622.936;1794
624.936;1794
626.936;1794
628.936;1794
630.936;1794
632.936;1794
635.136;1794
637.136;1794
639.136;1794
641.136;1794
643.136;1794
645.136;1794
647.136;1794
649.136;1794
651.136;1794
653.136;1794
655.136;1794
657.136;1794
659.136;1794
661.136;1794
663.136;1794
665.136;1794
667.336;1794
669.336;1794
671.336;1794
673.336;1794
675.336;1794
677.336;1794
679.336;1794
681.336;1794
683.336;1794
685.336;1794
687.336;1794
689.536;1794
691.536;1794
693.536;1794
695.536;1794
697.536;1794
699.536;1794
701.536;1794
703.536;1794
705.536;1794
707.536;1794
709.536;1794
711.536;1794
713.536;1794
715.536;1794
717.536;1794
719.536;1794
721.536;1794
723.536;1794
725.536;1794
727.536;1794
729.536;1794
731.536;1794
733.736;1794
735.736;1794
737.736;1794
739.736;1794
741.736;1794
743.736;1794
745.936;1794
747.936;1794
749.936;1794
751.936;1794
753.936;1794
755.936;1794
757.936;1794
759.936;1794
761.936;1794
763.936;1794
765.936;1794
767.936;1794
769.936;1794
771.936;1794
774.136;1794
776.136;1794
778.136;1794
780.136;1794
782.136;1794
784.136;1794
786.136;1794
788.136;1794
790.136;1794
792.136;1794
794.136;1794
796.136;1794
798.136;1794
800.136;1794
802.136;1794
804.136;1794
806.136;1794
808.136;1794
810.136;1794
812.136;1794
814.136;1794
816.136;1794
818.136;1794
820.136;1794
822.136;1794
824.136;1794
826.136;1794
828.136;1794
830.136;1794
832.136;1794
834.136;1794
836.136;1794
838.136;1794
840.136;1794
842.136;1794
844.136;1794
846.136;1794
848.136;1794
850.136;1794
852.136;1794
854.136;1794
856.136;1794
858.136;1794
860.336;1794
862.336;1794
864.336;1794
866.336;1794
868.336;1794
870.536;1794
872.536;1794
874.536;1794
876.736;1794
878.736;1794
880.936;1794
882.936;1794
885.136;1794
887.136;1794
889.136;1794
891.136;1794
893.136;1794
895.336;1794
897.336;1794
899.536;1794
901.736;1794
903.736;1794
905.736;1794
907.736;1794
909.736;1794
911.736;1794
913.736;2343
915.736;2343
917.736;2343
919.736;2343
921.736;2343
923.736;2343
925.736;2343
927.736;2343
929.736;2343
931.736;2343
933.736;2343
935.736;2343
937.736;2343
939.736;2343
941.736;2343
943.736;2343
945.936;2343
947.936;2343
949.936;2343
951.936;2343
953.936;2343
955.936;2343
957.936;2343
959.936;2343
961.936;2343
964.136;2343
966.136;2343
968.136;2343
970.136;2343
972.136;2343
974.136;2343
976.336;2343
978.336;2343
980.536;2343
982.536;2343
984.536;2343
986.536;2343
988.536;2343
990.536;2343
992.536;2343
994.536;2343
996.536;2343
998.536;2343
1000.54;2343
1002.74;2343
1004.74;2343
1006.74;2343
1008.74;2343
1010.74;2343
1012.74;2343
1014.74;2343
1016.94;2343
1018.94;2343
1021.14;2343
1023.14;2343
1025.34;2343
1027.34;2343
1029.34;2343
1031.34;2343
1033.34;2343
1035.34;2343
1037.34;2343
1039.34;2343
1041.34;2343
1043.34;2343
1045.34;2343
1047.34;2343
1049.34;2343
1051.54;2343
1053.54;2343
1055.74;2343
1057.74;2343
1059.94;2343
1062.14;2343
1064.14;2343
1066.14;2343
1068.14;2343
1070.34;2343
1072.34;2343
1074.34;2343
1076.34;2343
1078.34;2343
1080.34;2343
1082.34;2343
1084.34;2343
1086.34;2343
1088.34;2343
1090.54;2343
1092.54;2343
1094.54;2343
1096.54;2343
1098.54;2343
1100.74;2343
1102.94;2343
1104.94;2343
1106.94;2343
1108.94;2343
1110.94;2343
1112.94;2343
1114.94;2343
1116.94;2343
1118.94;2343
1120.94;2343
1122.94;2343
1124.94;2343
1126.94;2343
1128.94;2343
1130.94;2343
1132.94;2343
1135.14;2343
1137.14;2343
1139.34;2343
1141.34;2343
1143.34;2343
1145.34;2343
1147.34;2343
1149.34;2343
1151.34;2343
1153.34;2343
1155.34;2343
1157.34;2343
1159.54;2343
1161.54;2343
1163.54;2343
1165.54;2343
1167.54;2343
1169.54;2343
1171.74;2343
1173.74;2343
1175.74;2343
1177.74;2343
1179.94;2343
1181.94;2343
1183.94;2343
1185.94;2343
1187.94;2343
1189.94;2343
1191.94;2343
1194.14;2343
1196.14;2343
1198.14;2343
1200.14;2343
1202.14;2343
1204.14;2343
1206.14;2343
1208.14;2343
1210.14;2343
1212.14;2343
1214.34;2343
1216.34;2343
1218.54;2343
1220.54;2343
1222.54;2343
1224.74;2343
1226.94;2343
1228.94;2343
1230.94;2343
1232.94;2343
1234.94;2343
1236.94;2343
1239.14;2343
1241.14;2343
1243.14;2343
1245.14;2343
1247.14;2343
1249.14;2343
1251.14;2343
1253.14;2343
1255.14;2343
1257.14;2343
1259.14;2343
1261.14;2343
1263.34;2343
1265.34;2343
1267.34;2343
1269.34;2343
1271.34;2343
1273.34;2343
1275.54;2343
1277.54;2343
1279.54;2343
1281.54;2343
1283.54;2343
1285.54;2343
1287.54;2343
1289.74;2343
1291.74;2343
1293.74;2343
1295.94;2343
1298.14;2343
1300.34;2343
1302.54;2343
1304.54;2343
1306.54;2343
1308.54;2343
1310.54;2343
1312.54;2343
1314.54;2343
1316.54;2343
1318.54;2343
1320.74;2343
1322.74;2343
1324.74;2343
1326.94;2343
1328.94;2343
1330.94;2343
1333.14;2343
1335.14;2343
1337.14;2343
1339.14;2343
1341.34;2343
1343.34;2343
1345.34;2343
1347.34;2343
1349.34;2343
1351.34;2343
1353.34;2343
1355.54;2343
1357.54;2343
1359.74;2343
1361.74;2343
1363.74;2343
1365.74;2343
1367.74;2343
1369.74;2343
1371.74;2343
1373.74;2343
1375.74;2343
1377.74;2343
1379.94;2343
1381.94;2343
1383.94;2343
1385.94;2343
1387.94;2343
1389.94;2343
1392.14;2343
1394.14;2343
1396.14;2343
1398.14;2343
1400.14;2343
1402.14;2343
1404.14;2343
1406.14;2343
1408.14;2343
1410.14;2343
1412.14;2343
1414.14;2343
1416.14;2343
1418.34;2343
1420.34;2343
1422.34;2343
1424.34;2343
1426.54;2343
1428.54;2343
1430.54;2343
1432.74;2343
1434.94;2343
1437.14;2343
1439.14;2343
1441.14;2343
1443.14;2343
1445.14;2343
1447.14;2343
1449.14;2343
1451.34;2343
1453.34;2343
1455.54;2343
1457.54;2343
1459.54;2343
1461.54;2343
1463.54;2343
1465.54;2343
1467.54;2343
1469.54;2343
1471.54;2343
1473.54;2343
1475.54;2343
1477.54;2343
1479.74;2343
1481.74;2343
1483.74;2343
1485.74;2343
1487.74;2343
1489.74;2343
1491.74;2343
1493.74;2343
1495.74;2343
1497.74;2343
1499.74;2343
1501.74;2343
1503.74;2343
1505.74;2343
1507.74;2343
1509.74;2343
1511.74;2343
1513.74;2343
1515.74;2343
1517.74;2343
1519.74;2343
1521.74;2343
1523.74;2343
1525.74;2343
1527.74;2343
1529.74;2343
1531.74;2343
1533.74;2343
1535.74;2343
1537.94;2343
1539.94;2343
1541.94;2343
1543.94;2343
1545.94;2343
1547.94;2343
1549.94;2343
1551.94;2343
1553.94;2343
1555.94;2343
1557.94;2343
1560.14;2343
1562.14;2343
1564.14;2343
1566.14;2343
1568.14;2343
1570.14;2343
1572.14;2343
1574.14;2343
1576.14;2343
1578.14;2343
1580.14;2343
1582.34;2343
1584.34;2343
1586.34;2343
1588.34;2343
1590.34;2343
1592.34;2343
1594.34;2343
1596.34;2343
1598.34;2343
1600.34;2343
1602.34;2343
1604.34;2343
1606.34;2343
1608.34;2343
1610.34;2343
1612.54;2343
1614.54;2343
1616.54;2343
1618.54;2343
1620.54;2343
1622.54;2343
1624.54;2343
1626.54;2343
1628.54;2343
1630.54;2343
1632.54;2343
1634.54;2343
1636.54;2343
1638.54;2343
1640.54;2343
1642.54;2343
1644.54;2343
1646.54;2343
1648.54;2343
1650.74;2343
1652.74;2343
1654.74;2343
1656.74;2343
1658.74;2343
1660.94;2343
1662.94;2343
1664.94;2343
1666.94;2343
1668.94;2343
1670.94;2343
1672.94;2343
1675.14;2343
1677.14;2343
1679.34;2343
1681.54;2343
1683.54;2343
1685.54;2343
1687.54;2343
1689.74;2343
1691.74;2343
1693.74;2343
1695.74;2343
1697.74;2343
1699.74;2343
1701.74;2343
1703.74;2343
1705.74;2343
1707.74;2343
1709.74;2343
1711.74;2343
1713.74;2343
1715.74;2343
1717.74;2343
1719.94;2343
1721.94;2343
1723.94;2343
1725.94;2343
1727.94;2343
1729.94;2343
1731.94;2343
1733.94;2343
1735.94;2343
1737.94;2343
1739.94;2343
1741.94;2343
1743.94;2343
1745.94;2343
1747.94;2343
1749.94;2343
1751.94;2343
1753.94;2343
1755.94;2343
1757.94;2343
1760.14;2343
1762.14;2343
1764.14;2343
1766.14;2343
1768.14;2343
1770.14;2343
1772.14;2343
1774.14;2343
1776.14;2343
1778.14;2343
1780.14;2343
1782.34;2343
1784.34;2343
1786.34;2343
1788.34;2343
1790.34;2343
1792.54;2343
1794.54;2343
1796.54;2343
