#	X	Y
2.42402;386
4.42401;386
6.42401;386
8.62401;386
10.824;386
12.824;386
14.824;386
16.824;386
18.824;386
20.824;386
22.824;386
25.024;386
27.024;386
29.224;386
31.224;386
33.224;386
35.224;386
37.224;386
39.224;386
41.224;386
43.224;386
45.224;386
47.224;386
49.224;386
51.224;386
53.224;386
55.224;386
57.424;386
59.424;386
61.424;386
63.424;386
65.424;386
67.424;386
69.624;386
71.624;386
73.624;386
75.624;386
77.624;386
79.624;386
81.624;386
83.624;386
85.824;386
87.824;386
89.824;386
92.024;386
94.224;902
96.224;902
98.224;902
100.224;902
102.224;902
104.224;902
106.224;902
108.424;902
110.424;902
112.424;902
114.424;902
116.424;902
118.424;902
120.424;902
122.424;902
124.424;902
126.424;902
128.624;902
130.624;902
132.624;902
134.624;902
136.624;902
138.624;902
140.624;902
142.624;902
144.624;902
146.624;902
148.624;902
150.624;902
152.624;902
154.624;902
156.624;902
158.824;902
160.824;902
163.024;902
165.024;902
167.024;902
169.024;902
171.024;902
173.024;902
175.024;902
177.024;902
179.024;902
181.224;902
183.224;902
185.224;902
187.224;902
189.424;902
191.424;902
193.424;902
195.424;902
197.624;902
199.624;902
201.624;902
203.824;902
205.824;902
207.824;902
209.824;902
211.824;902
213.824;902
215.824;902
217.824;902
219.824;902
221.824;902
223.824;902
225.824;902
227.824;902
229.824;902
231.824;902
233.824;902
235.824;902
237.824;902
239.824;902
241.824;902
243.824;902
245.824;902
247.824;902
249.824;902
251.824;902
253.824;902
255.824;902
257.824;902
259.824;902
261.824;902
263.824;902
266.024;902
268.024;902
270.024;902
272.024;902
274.224;902
276.224;902
278.224;902
280.424;902
282.424;902
284.424;902
286.424;902
288.424;902
290.624;902
292.624;902
294.624;902
296.624;902
298.624;902
300.624;902
302.624;902
304.624;902
306.624;902
308.624;902
310.824;902
313.024;902
315.024;902
317.024;902
319.024;902
321.024;902
323.024;902
325.024;902
327.224;902
329.424;902
331.424;902
333.424;902
335.424;902
337.424;902
339.424;902
341.424;902
343.424;902
345.424;902
347.624;902
349.624;902
351.824;902
354.024;902
356.024;902
358.024;902
360.024;902
362.224;902
364.424;902
366.424;902
368.424;902
370.424;902
372.624;902
374.824;902
377.024;902
379.024;902
381.224;902
383.424;902
385.424;902
387.424;902
389.424;902
391.424;902
393.424;902
395.424;902
397.424;902
399.424;902
401.424;902
403.424;902
405.424;902
407.424;902
409.424;902
411.424;902
413.424;902
415.624;902
417.624;902
419.624;902
421.624;902
423.624;902
425.624;902
427.824;902
429.824;902
432.024;902
434.024;902
436.024;902
438.024;902
440.024;902
442.024;902
444.024;902
446.024;902
448.024;902
450.024;902
452.024;902
454.224;902
456.224;902
458.224;902
460.224;902
462.224;902
464.224;902
466.224;902
468.224;902
470.224;902
472.424;902
474.624;902
476.824;902
479.024;902
481.224;902
483.224;902
485.224;902
487.224;902
489.224;902
491.224;902
493.224;902
495.224;902
497.224;902
499.224;902
501.224;902
503.224;902
505.224;902
507.224;902
509.224;902
511.224;902
513.224;902
515.224;902
517.224;902
519.224;902
521.224;902
523.224;902
525.224;902
527.224;902
529.224;902
531.224;902
533.224;902
535.424;902
537.424;902
539.424;902
541.424;902
543.424;902
545.424;902
547.424;902
549.424;902
551.424;902
553.424;902
555.424;902
557.424;902
559.424;902
561.424;902
563.424;902
565.424;902
567.424;902
569.424;902
571.424;902
573.424;902
575.424;902
577.424;902
579.424;902
581.624;902
583.824;902
586.024;902
588.024;902
590.024;902
592.024;902
594.024;902
596.224;902
598.224;902
600.424;902
602.424;902
604.424;902
606.424;902
608.424;902
610.424;902
612.424;902
614.424;902
616.424;902
618.624;902
620.624;902
622.624;902
624.624;902
626.624;902
628.624;902
630.824;902
632.824;902
634.824;902
636.824;902
638.824;902
640.824;902
642.824;902
644.824;902
646.824;902
648.824;902
650.824;902
652.824;902
654.824;902
656.824;902
658.824;902
661.024;902
663.024;902
665.024;902
667.224;902
669.224;902
671.224;902
673.224;902
675.224;902
677.224;902
679.224;902
681.224;902
683.224;902
685.224;902
687.224;902
689.224;902
691.224;902
693.424;902
695.424;902
697.424;902
699.424;902
701.424;902
703.424;902
705.424;902
707.424;902
709.424;902
711.624;902
713.624;902
715.624;902
717.624;902
719.624;902
721.824;902
723.824;902
725.824;902
727.824;902
730.024;902
732.024;902
734.224;902
736.224;902
738.224;902
740.224;902
742.224;902
744.224;902
746.224;902
748.224;902
750.424;902
752.624;902
754.624;902
756.624;902
758.624;902
760.624;902
762.624;902
764.624;902
766.624;902
768.624;902
770.624;902
772.824;902
774.824;902
776.824;902
778.824;902
780.824;902
782.824;902
784.824;902
786.824;902
788.824;902
790.824;902
792.824;902
794.824;902
796.824;902
798.824;902
800.824;902
803.024;902
805.224;902
807.224;902
809.224;902
811.224;902
813.224;902
815.224;902
817.224;902
819.224;902
821.224;902
823.224;902
825.224;902
827.224;902
829.424;902
831.624;902
833.624;902
835.624;902
837.624;902
839.624;902
841.624;902
843.624;902
845.824;902
847.824;902
849.824;902
851.824;902
853.824;902
855.824;902
857.824;902
859.824;902
861.824;902
864.024;902
866.024;902
868.024;902
870.024;902
872.024;902
874.024;902
876.024;902
878.224;902
880.224;902
882.224;902
884.224;902
886.224;902
888.424;902
890.424;902
892.424;902
894.424;902
896.424;902
898.424;902
900.424;902
902.624;902
904.624;902
906.624;902
908.824;902
910.824;902
912.824;902
914.824;902
917.024;645
919.024;645
921.024;645
923.024;645
925.024;645
927.024;645
929.024;645
931.224;645
933.224;645
935.224;645
937.224;645
939.224;645
941.224;645
943.224;645
945.224;645
947.224;645
949.424;645
951.424;645
953.424;645
955.424;645
957.424;645
959.424;645
961.424;645
963.424;645
965.424;645
967.424;645
969.424;645
971.424;645
973.424;645
975.424;645
977.424;645
979.424;645
981.624;645
983.624;645
985.624;645
987.624;645
989.624;645
991.824;645
993.824;645
996.024;645
998.024;645
1000.02;645
1002.02;645
1004.02;645
1006.02;645
1008.02;645
1010.02;645
1012.02;645
1014.02;645
1016.02;645
1018.22;645
1020.22;645
1022.22;645
1024.22;645
1026.22;645
1028.22;645
1030.42;645
1032.42;645
1034.42;645
1036.42;645
1038.42;645
1040.62;645
1042.62;645
1044.62;645
1046.62;645
1048.82;645
1050.82;645
1052.82;645
1054.82;645
1056.82;645
1058.82;645
1060.82;645
1062.82;645
1064.82;645
1066.82;645
1068.82;645
1070.82;645
1072.82;645
1074.82;645
1076.82;645
1078.82;645
1080.82;645
1082.82;645
1084.82;645
1086.82;645
1088.82;645
1090.82;645
1092.82;645
1094.82;645
1096.82;645
1098.82;645
1100.82;645
1102.82;645
1104.82;645
1106.82;645
1108.82;645
1110.82;645
1112.82;645
1114.82;645
1116.82;645
1118.82;645
1121.02;645
1123.22;645
1125.22;645
1127.22;645
1129.22;645
1131.22;645
1133.22;645
1135.22;645
1137.22;645
1139.22;645
1141.42;645
1143.42;645
1145.42;645
1147.42;645
1149.42;645
1151.62;645
1153.62;645
1155.62;645
1157.62;645
1159.62;645
1161.82;645
1163.82;645
1165.82;645
1167.82;645
1169.82;645
1172.02;645
1174.02;645
1176.22;645
1178.22;645
1180.22;645
1182.42;645
1184.42;645
1186.42;645
1188.42;645
1190.62;645
1192.82;645
1194.82;645
1196.82;645
1199.02;645
1201.02;645
1203.02;645
1205.02;645
1207.02;645
1209.02;645
1211.02;645
1213.22;645
1215.42;645
1217.42;645
1219.42;645
1221.42;645
1223.42;645
1225.42;645
1227.42;645
1229.42;645
1231.42;645
1233.42;645
1235.42;645
1237.42;645
1239.42;645
1241.62;645
1243.62;645
1245.62;645
1247.82;645
1249.82;645
1251.82;645
1253.82;645
1255.82;645
1257.82;645
1259.82;645
1261.82;645
1263.82;645
1266.02;645
1268.02;645
1270.02;645
1272.02;645
1274.02;645
1276.02;645
1278.02;645
1280.02;645
1282.02;645
1284.02;645
1286.02;645
1288.02;645
1290.02;645
1292.02;645
1294.02;645
1296.02;645
1298.02;645
1300.02;645
1302.02;645
1304.02;645
1306.02;645
1308.02;645
1310.22;645
1312.22;645
1314.22;645
1316.22;645
1318.42;645
1320.42;645
1322.42;645
1324.42;645
1326.42;645
1328.42;645
1330.62;645
1332.62;645
1334.62;645
1336.62;645
1338.62;645
1340.62;645
1342.82;645
1344.82;645
1346.82;645
1348.82;645
1350.82;645
1353.02;645
1355.02;645
1357.02;645
1359.02;645
1361.02;645
1363.22;645
1365.42;645
1367.42;645
1369.42;645
1371.42;645
1373.62;645
1375.62;645
1377.62;645
1379.62;645
1381.62;645
1383.62;645
1385.62;645
1387.62;645
1389.62;645
1391.62;645
1393.62;645
1395.62;645
1397.62;645
1399.62;645
1401.62;645
1403.62;645
1405.62;645
1407.62;645
1409.82;645
1411.82;645
1413.82;645
1415.82;645
1417.82;645
1419.82;645
1421.82;645
1423.82;645
1425.82;645
1427.82;645
1429.82;645
1431.82;645
1433.82;645
1435.82;645
1437.82;645
1439.82;645
1441.82;645
1443.82;645
1446.02;645
1448.02;645
1450.22;645
1452.42;645
1454.62;645
1456.82;645
1458.82;645
1460.82;645
1462.82;645
1464.82;645
1466.82;645
1468.82;645
1470.82;645
1472.82;645
1474.82;645
1476.82;645
1478.82;645
1480.82;645
1483.02;645
1485.02;645
1487.02;645
1489.22;645
1491.42;645
1493.42;645
1495.42;645
1497.42;645
1499.62;645
1501.62;645
1503.62;645
1505.62;645
1507.62;645
1509.62;645
1511.82;645
1514.02;645
1516.02;645
1518.02;645
1520.22;645
1522.22;645
1524.22;645
1526.42;645
1528.42;645
1530.42;645
1532.42;645
1534.42;645
1536.42;645
1538.42;645
1540.42;645
1542.42;645
1544.42;645
1546.42;645
1548.42;645
1550.42;645
1552.42;645
1554.42;645
1556.42;645
1558.42;645
1560.42;645
1562.42;645
1564.42;645
1566.42;645
1568.42;645
1570.42;645
1572.42;645
1574.42;645
1576.42;645
1578.42;645
1580.62;645
1582.62;645
1584.62;645
1586.62;645
1588.82;645
1590.82;645
1592.82;645
1594.82;645
1596.82;645
1598.82;645
1600.82;645
1602.82;645
1604.82;645
1607.02;645
1609.02;645
1611.02;645
1613.02;645
1615.22;645
1617.22;645
1619.22;645
1621.22;645
1623.22;645
1625.22;645
1627.42;645
1629.42;645
1631.42;645
1633.42;645
1635.62;645
1637.62;645
1639.82;645
1642.02;645
1644.22;645
1646.22;645
1648.22;645
1650.42;645
1652.42;645
1654.62;645
1656.82;645
1658.82;645
1660.82;645
1663.02;645
1665.02;645
1667.22;645
1669.22;645
1671.22;645
1673.22;645
1675.22;645
1677.22;645
1679.22;645
1681.22;645
1683.22;645
1685.22;645
1687.22;645
1689.22;645
1691.22;645
1693.22;645
1695.22;645
1697.22;645
1699.22;645
1701.42;645
1703.42;645
1705.42;645
1707.42;645
1709.42;645
1711.42;645
1713.42;645
1715.62;645
1717.62;645
1719.62;645
1721.62;645
1723.82;645
1725.82;645
1727.82;645
1729.82;645
1731.82;645
1733.82;645
1735.82;645
1738.02;645
1740.02;645
1742.02;645
1744.02;645
1746.02;645
1748.02;645
1750.02;645
1752.02;645
1754.02;645
1756.02;645
1758.02;645
1760.22;645
1762.22;645
1764.22;645
1766.22;645
1768.42;645
1770.42;645
1772.42;645
1774.42;645
1776.42;645
1778.42;645
1780.42;645
1782.62;645
1784.62;645
1786.82;645
1788.82;645
1790.82;645
1792.82;645
1794.82;645
1796.82;645
