#	X	Y
2.18802;236
4.18801;236
6.18801;236
8.18801;236
10.188;236
12.188;236
14.188;236
16.188;236
18.388;236
20.388;236
22.388;236
24.388;236
26.388;236
28.388;236
30.388;236
32.588;236
34.788;236
36.788;236
38.788;236
40.788;236
42.788;236
44.788;236
46.788;236
48.788;236
50.788;236
52.788;236
54.788;236
56.788;236
58.988;236
60.988;236
62.988;236
64.988;236
66.988;236
68.988;236
70.988;236
72.988;236
74.988;236
76.988;236
78.988;236
80.988;236
83.188;236
85.188;236
87.388;236
89.388;236
91.388;236
93.388;236
95.388;236
97.388;236
99.388;236
101.388;236
103.388;236
105.388;236
107.388;236
109.388;236
111.388;236
113.388;236
115.388;236
117.388;236
119.388;236
121.588;236
123.588;236
125.788;236
127.788;236
129.788;236
131.988;236
133.988;236
135.988;236
137.988;236
139.988;236
141.988;236
143.988;236
145.988;236
147.988;236
149.988;236
151.988;236
153.988;236
155.988;236
158.188;566
160.188;566
162.188;566
164.188;566
166.188;566
168.188;566
170.188;566
172.188;566
174.188;566
176.188;566
178.188;566
180.188;566
182.188;566
184.188;566
186.188;566
188.188;566
190.188;566
192.388;566
194.588;566
196.588;566
198.588;566
200.588;566
202.588;566
204.588;566
206.588;566
208.588;566
210.588;566
212.588;566
214.788;566
216.788;566
218.788;566
220.788;566
222.788;566
224.788;566
226.788;566
228.988;566
230.988;566
232.988;566
235.188;566
237.188;566
239.188;566
241.188;566
243.188;566
245.188;566
247.188;566
249.188;566
251.188;566
253.188;566
255.188;566
257.188;566
259.188;566
261.388;566
263.388;566
265.388;566
267.388;566
269.388;566
271.388;566
273.388;566
275.388;566
277.388;566
279.388;566
281.388;566
283.388;566
285.388;566
287.588;566
289.588;566
291.588;566
293.788;566
295.788;566
297.788;566
299.788;566
301.988;566
303.988;566
305.988;566
307.988;566
309.988;566
312.188;566
314.188;566
316.388;566
318.388;566
320.388;566
322.388;566
324.388;566
326.588;566
328.588;566
330.588;566
332.588;566
334.588;566
336.588;566
338.588;566
340.588;566
342.788;566
344.788;566
346.788;566
348.788;566
350.988;566
352.988;566
354.988;566
356.988;566
358.988;566
360.988;566
362.988;566
364.988;566
366.988;566
368.988;566
370.988;566
373.188;566
375.188;566
377.388;566
379.588;566
381.588;566
383.588;566
385.788;566
387.788;566
389.788;566
391.788;566
393.788;566
395.788;566
397.788;566
399.788;566
401.788;566
403.788;566
405.788;566
407.788;566
409.788;566
411.788;566
413.988;566
415.988;566
417.988;566
419.988;566
421.988;566
423.988;566
425.988;566
427.988;566
429.988;566
431.988;566
433.988;566
435.988;566
437.988;566
440.188;566
442.388;566
444.388;566
446.388;566
448.388;566
450.388;566
452.388;566
454.388;566
456.388;566
458.388;566
460.388;566
462.388;566
464.388;566
466.388;566
468.388;566
470.388;566
472.388;566
474.388;566
476.388;566
478.588;566
480.588;566
482.788;566
484.988;566
486.988;566
489.188;566
491.188;566
493.188;566
495.388;566
497.388;566
499.388;566
501.388;566
503.388;566
505.388;566
507.388;566
509.388;566
511.388;566
513.388;566
515.588;566
517.788;566
519.788;566
521.788;566
523.988;566
525.988;566
528.188;566
530.188;566
532.188;566
534.188;566
536.188;566
538.188;566
540.188;566
542.188;566
544.188;566
546.388;566
548.388;566
550.388;566
552.388;566
554.388;566
556.588;566
558.588;566
560.788;566
562.988;566
564.988;566
566.988;566
568.988;566
570.988;566
572.988;566
574.988;566
576.988;566
578.988;566
580.988;566
582.988;566
585.188;566
587.188;566
589.188;566
591.188;566
593.188;566
595.188;566
597.188;566
599.188;566
601.188;566
603.188;566
605.388;566
607.388;566
609.388;566
611.388;566
613.388;566
615.388;566
617.388;566
619.388;566
621.388;566
623.388;566
625.388;566
627.388;566
629.588;566
631.788;566
633.788;566
635.988;566
638.188;566
640.188;566
642.188;566
644.188;566
646.188;566
648.188;566
650.188;566
652.188;566
654.188;566
656.188;566
658.188;566
660.188;566
662.188;566
664.188;566
666.188;566
668.188;566
670.188;566
672.188;566
674.188;566
676.188;566
678.188;566
680.188;566
682.188;566
684.188;566
686.188;566
688.188;566
690.188;566
692.188;566
694.188;566
696.188;566
698.388;566
700.388;566
702.388;566
704.388;566
706.388;566
708.388;566
710.588;566
712.588;566
714.588;566
716.588;566
718.788;566
720.788;566
722.788;566
724.788;566
726.788;566
728.988;566
730.988;566
732.988;566
734.988;566
736.988;566
738.988;566
740.988;566
742.988;566
744.988;566
746.988;566
748.988;566
750.988;566
752.988;566
754.988;566
756.988;566
758.988;566
760.988;566
762.988;566
765.188;566
767.188;566
769.188;566
771.188;566
773.188;566
775.188;566
777.388;566
779.588;566
781.588;566
783.788;566
785.788;566
787.788;566
789.988;566
791.988;566
793.988;566
795.988;566
797.988;566
799.988;566
801.988;566
804.188;566
806.188;566
808.188;566
810.188;566
812.188;566
814.188;566
816.188;566
818.188;566
820.188;566
822.188;566
824.188;566
826.188;566
828.188;566
830.188;566
832.388;566
834.588;566
836.588;566
838.588;566
840.588;566
842.588;566
844.588;566
846.588;566
848.588;566
850.588;566
852.588;566
854.588;566
856.588;566
858.588;566
860.588;566
862.588;566
864.588;566
866.788;566
868.788;566
870.788;566
872.788;566
874.788;566
876.788;566
878.788;566
880.788;566
882.988;566
885.188;566
887.388;566
889.388;566
891.388;566
893.388;566
895.388;566
897.388;566
899.588;566
901.588;566
903.588;566
905.788;566
907.788;566
909.788;566
911.788;566
913.788;566
915.788;567
917.788;567
919.988;567
921.988;567
923.988;567
925.988;567
927.988;567
929.988;567
931.988;567
933.988;567
935.988;567
937.988;567
939.988;567
941.988;567
944.188;567
946.188;567
948.188;567
950.188;567
952.188;567
954.188;567
956.188;567
958.388;567
960.388;567
962.388;567
964.588;567
966.588;567
968.588;567
970.588;567
972.588;567
974.788;567
976.788;567
978.788;567
980.988;567
982.988;567
984.988;567
987.188;567
989.188;567
991.388;567
993.388;567
995.588;567
997.588;567
999.588;567
1001.59;567
1003.59;567
1005.59;567
1007.59;567
1009.59;567
1011.59;567
1013.59;567
1015.59;567
1017.59;567
1019.59;567
1021.59;567
1023.59;567
1025.79;567
1027.79;567
1029.79;567
1031.99;567
1033.99;567
1035.99;567
1037.99;567
1039.99;567
1041.99;567
1043.99;567
1045.99;567
1047.99;567
1049.99;567
1052.19;567
1054.19;567
1056.19;567
1058.19;567
1060.19;567
1062.39;567
1064.59;567
1066.59;567
1068.79;567
1070.79;567
1072.79;567
1074.79;567
1076.79;567
1078.99;567
1080.99;567
1082.99;567
1084.99;567
1086.99;567
1088.99;567
1091.19;567
1093.19;567
1095.19;567
1097.19;567
1099.19;567
1101.19;567
1103.39;567
1105.39;567
1107.39;567
1109.39;567
1111.39;567
1113.59;567
1115.59;567
1117.59;567
1119.59;567
1121.59;567
1123.59;567
1125.59;567
1127.59;567
1129.59;567
1131.59;567
1133.59;567
1135.59;567
1137.59;567
1139.59;567
1141.79;567
1143.79;567
1145.79;567
1147.79;567
1149.79;567
1151.99;567
1153.99;567
1155.99;567
1157.99;567
1159.99;567
1161.99;567
1163.99;567
1165.99;567
1167.99;567
1169.99;567
1171.99;567
1173.99;567
1175.99;567
1177.99;567
1179.99;567
1181.99;567
1183.99;567
1185.99;567
1187.99;567
1190.19;567
1192.19;567
1194.19;567
1196.19;567
1198.19;567
1200.19;567
1202.39;567
1204.39;567
1206.39;567
1208.39;567
1210.39;567
1212.39;567
1214.39;567
1216.39;567
1218.39;567
1220.39;567
1222.39;567
1224.59;567
1226.79;567
1228.99;567
1230.99;567
1232.99;567
1234.99;567
1236.99;567
1238.99;567
1240.99;567
1242.99;567
1244.99;567
1247.19;567
1249.19;567
1251.39;567
1253.39;567
1255.39;567
1257.59;567
1259.59;567
1261.59;567
1263.59;567
1265.59;567
1267.59;567
1269.59;567
1271.59;567
1273.59;567
1275.59;567
1277.59;567
1279.59;567
1281.79;567
1283.79;567
1285.79;567
1287.79;567
1289.79;567
1291.79;567
1293.79;567
1295.79;567
1297.79;567
1299.79;567
1301.79;567
1303.79;567
1305.99;567
1307.99;567
1309.99;567
1311.99;567
1313.99;567
1315.99;567
1317.99;567
1319.99;567
1322.19;567
1324.19;567
1326.19;567
1328.19;567
1330.19;567
1332.19;567
1334.19;567
1336.19;567
1338.19;567
1340.19;567
1342.39;567
1344.39;567
1346.39;567
1348.39;567
1350.59;567
1352.59;567
1354.59;567
1356.59;567
1358.59;567
1360.59;567
1362.59;567
1364.59;567
1366.59;567
1368.79;567
1370.79;567
1372.79;567
1374.79;567
1376.79;567
1378.79;567
1380.79;567
1382.79;567
1384.79;567
1386.79;567
1388.79;567
1390.79;567
1392.79;567
1394.79;567
1396.79;567
1398.99;567
1401.19;567
1403.19;567
1405.19;567
1407.19;567
1409.19;567
1411.19;567
1413.19;567
1415.19;567
1417.19;567
1419.19;567
1421.39;567
1423.39;567
1425.39;567
1427.39;567
1429.39;567
1431.59;567
1433.59;567
1435.59;567
1437.59;567
1439.59;567
1441.59;567
1443.79;567
1445.79;567
1447.79;567
1449.99;567
1451.99;567
1453.99;567
1455.99;567
1457.99;567
1459.99;567
1461.99;567
1464.19;567
1466.19;567
1468.19;567
1470.19;567
1472.19;567
1474.19;567
1476.19;567
1478.39;567
1480.39;567
1482.39;567
1484.39;567
1486.39;567
1488.39;567
1490.39;567
1492.39;567
1494.39;567
1496.39;567
1498.39;567
1500.39;567
1502.39;567
1504.39;567
1506.39;567
1508.59;567
1510.59;567
1512.59;567
1514.59;567
1516.59;567
1518.79;567
1520.79;567
1522.79;567
1524.79;567
1526.79;567
1528.99;567
1530.99;567
1532.99;567
1534.99;567
1536.99;567
1538.99;567
1540.99;567
1542.99;567
1544.99;567
1546.99;567
1548.99;567
1550.99;567
1552.99;567
1554.99;567
1556.99;567
1558.99;567
1560.99;567
1562.99;567
1564.99;567
1567.19;567
1569.19;567
1571.19;567
1573.39;567
1575.39;567
1577.39;567
1579.39;567
1581.39;567
1583.39;567
1585.59;567
1587.79;567
1589.99;567
1591.99;567
1593.99;567
1595.99;567
1597.99;567
1600.19;567
1602.19;567
1604.19;567
1606.19;567
1608.19;567
1610.39;567
1612.59;567
1614.79;567
1616.79;567
1618.79;567
1620.79;567
1622.79;567
1624.79;567
1626.79;567
1628.79;567
1630.79;567
1632.79;567
1634.79;567
1636.79;567
1638.79;567
1640.99;567
1642.99;567
1644.99;567
1646.99;567
1648.99;567
1651.19;567
1653.19;567
1655.19;567
1657.19;567
1659.39;567
1661.59;567
1663.59;567
1665.59;567
1667.59;567
1669.59;567
1671.59;567
1673.79;567
1675.79;567
1677.79;567
1679.79;567
1681.79;567
1683.79;567
1685.79;567
1687.79;567
1689.79;567
1691.99;567
1693.99;567
1695.99;567
1697.99;567
1700.19;567
1702.19;567
1704.39;567
1706.39;567
1708.39;567
1710.39;567
1712.59;567
1714.59;567
1716.59;567
1718.59;567
1720.59;567
1722.59;567
1724.79;567
1726.79;567
1728.79;567
1730.99;567
1732.99;567
1734.99;567
1736.99;567
1738.99;567
1740.99;567
1743.19;567
1745.19;567
1747.39;567
1749.39;567
1751.39;567
1753.39;567
1755.39;567
1757.39;567
1759.39;567
1761.39;567
1763.39;567
1765.59;567
1767.59;567
1769.59;567
1771.59;567
1773.59;567
1775.59;567
1777.59;567
1779.59;567
1781.59;567
1783.59;567
1785.59;567
1787.59;567
1789.79;567
1791.79;567
1793.79;567
1795.79;567
1797.79;567
