#	X	Y
2.30202;257
4.30201;257
6.50201;257
8.50201;257
10.502;257
12.702;257
14.702;257
16.702;257
18.702;257
20.702;257
22.702;257
24.702;257
26.902;257
28.902;257
30.902;257
32.902;257
35.102;257
37.102;257
39.102;257
41.102;257
43.102;257
45.102;257
47.102;257
49.102;257
51.102;257
53.302;257
55.302;257
57.302;257
59.302;257
61.302;257
63.302;257
65.502;257
67.702;257
69.702;257
71.902;257
74.102;257
76.102;257
78.102;257
80.302;599
82.302;599
84.302;599
86.302;599
88.302;599
90.302;599
92.302;599
94.502;599
96.502;599
98.702;599
100.902;599
102.902;599
104.902;599
106.902;599
108.902;599
110.902;599
112.902;599
114.902;599
116.902;599
118.902;599
120.902;599
122.902;599
124.902;599
126.902;599
128.902;599
130.902;599
132.902;599
135.102;599
137.102;599
139.302;599
141.302;599
143.502;599
145.502;599
147.502;599
149.502;599
151.502;599
153.502;599
155.502;599
157.502;599
159.502;599
161.502;599
163.502;599
165.502;599
167.702;599
169.702;599
171.702;599
173.702;599
175.702;599
177.702;599
179.702;599
181.702;599
183.702;599
185.702;599
187.702;599
189.702;599
191.702;599
193.702;599
195.902;599
197.902;599
199.902;599
201.902;599
203.902;599
205.902;599
207.902;599
209.902;599
211.902;599
213.902;599
216.102;599
218.102;599
220.102;599
222.102;599
224.102;599
226.102;599
228.102;599
230.102;599
232.302;599
234.502;599
236.502;599
238.702;599
240.702;599
242.902;599
244.902;599
246.902;599
248.902;599
251.102;599
253.102;599
255.102;599
257.102;599
259.102;599
261.102;599
263.102;599
265.102;599
267.102;599
269.102;599
271.102;599
273.102;599
275.102;599
277.302;599
279.302;599
281.302;599
283.302;599
285.302;599
287.302;599
289.302;599
291.302;599
293.302;599
295.302;599
297.302;599
299.302;599
301.302;599
303.302;599
305.302;599
307.302;599
309.302;599
311.502;599
313.502;599
315.502;599
317.502;599
319.502;599
321.502;599
323.502;599
325.702;599
327.702;599
329.702;599
331.702;599
333.902;599
335.902;599
337.902;599
339.902;599
341.902;599
344.102;599
346.102;599
348.102;599
350.102;599
352.102;599
354.102;599
356.102;599
358.102;599
360.102;599
362.102;599
364.102;599
366.102;599
368.102;599
370.102;599
372.102;599
374.102;599
376.102;599
378.102;599
380.302;599
382.302;599
384.302;599
386.302;599
388.502;599
390.702;599
392.702;599
394.702;599
396.902;599
398.902;599
400.902;599
402.902;599
404.902;599
406.902;599
408.902;599
410.902;599
412.902;599
414.902;599
417.102;599
419.102;599
421.102;599
423.102;599
425.102;599
427.102;599
429.302;599
431.302;599
433.302;599
435.502;599
437.502;599
439.502;599
441.502;599
443.502;599
445.502;599
447.502;599
449.502;599
451.702;599
453.902;599
455.902;599
457.902;599
459.902;599
461.902;599
463.902;599
465.902;599
467.902;599
469.902;599
471.902;599
473.902;599
475.902;599
477.902;599
479.902;599
482.102;599
484.102;599
486.102;599
488.102;599
490.102;599
492.302;599
494.302;599
496.302;599
498.302;599
500.302;599
502.302;599
504.302;599
506.302;599
508.302;599
510.302;599
512.302;599
514.502;599
516.502;599
518.502;599
520.502;599
522.702;599
524.702;599
526.702;599
528.702;599
530.702;599
532.702;599
534.702;599
536.702;599
538.702;599
540.702;599
542.902;599
544.902;599
546.902;599
549.102;599
551.102;599
553.102;599
555.102;599
557.102;599
559.102;599
561.102;599
563.102;599
565.302;599
567.302;599
569.502;599
571.502;599
573.502;599
575.702;599
577.702;599
579.902;599
581.902;599
583.902;599
585.902;599
587.902;599
589.902;599
592.102;599
594.102;599
596.102;599
598.102;599
600.102;599
602.102;599
604.102;599
606.102;599
608.102;599
610.302;599
612.302;599
614.302;599
616.302;599
618.302;599
620.302;599
622.302;599
624.302;599
626.302;599
628.302;599
630.302;599
632.502;599
634.502;599
636.502;599
638.502;599
640.502;599
642.502;599
644.702;599
646.702;599
648.702;599
650.702;599
652.902;599
655.102;599
657.102;599
659.102;599
661.102;599
663.302;599
665.302;599
667.302;599
669.302;599
671.302;599
673.302;599
675.302;599
677.302;599
679.302;599
681.502;599
683.502;599
685.502;599
687.502;599
689.702;599
691.702;599
693.702;599
695.702;599
697.702;599
699.702;599
701.702;599
703.702;599
705.702;599
707.702;599
709.702;599
711.702;599
713.702;599
715.702;599
717.902;599
719.902;599
722.102;599
724.102;599
726.302;599
728.502;599
730.502;599
732.502;599
734.702;599
736.702;599
738.702;599
740.702;599
742.702;599
744.702;599
746.702;599
748.902;599
750.902;599
753.102;599
755.302;599
757.302;599
759.302;599
761.302;599
763.302;599
765.302;599
767.302;599
769.302;599
771.302;599
773.302;599
775.302;599
777.302;599
779.302;599
781.302;599
783.302;599
785.502;599
787.502;599
789.702;599
791.702;599
793.702;599
795.902;599
797.902;599
799.902;599
801.902;599
803.902;599
805.902;599
807.902;599
809.902;599
811.902;599
814.102;599
816.302;599
818.502;599
820.502;599
822.502;599
824.502;599
826.502;599
828.502;599
830.502;599
832.502;599
834.502;599
836.502;599
838.502;599
840.702;599
842.702;599
844.702;599
846.702;599
848.702;599
850.702;599
852.702;599
854.702;599
856.702;599
858.702;599
860.902;599
862.902;599
864.902;599
866.902;599
868.902;599
870.902;599
872.902;599
875.102;599
877.102;599
879.102;599
881.102;599
883.102;599
885.102;599
887.102;599
889.102;599
891.102;599
893.102;599
895.102;599
897.302;599
899.302;599
901.302;599
903.302;599
905.302;599
907.302;599
909.302;599
911.302;599
913.302;599
915.302;599
917.302;389
919.302;389
921.302;389
923.302;389
925.302;389
927.502;389
929.702;389
931.702;389
933.702;389
935.702;389
937.702;389
939.902;389
942.102;389
944.302;389
946.302;389
948.302;389
950.302;389
952.502;389
954.502;389
956.502;389
958.502;389
960.702;389
962.702;389
964.702;389
966.702;389
968.702;389
970.702;389
972.902;389
974.902;389
976.902;389
978.902;389
980.902;389
982.902;389
985.102;389
987.102;389
989.102;389
991.302;389
993.302;389
995.502;389
997.502;389
999.502;389
1001.5;389
1003.5;389
1005.5;389
1007.5;389
1009.5;389
1011.7;389
1013.7;389
1015.7;389
1017.7;389
1019.7;389
1021.7;389
1023.7;389
1025.7;389
1027.7;389
1029.9;389
1031.9;389
1034.1;389
1036.3;389
1038.5;389
1040.5;389
1042.5;389
1044.5;389
1046.7;389
1048.7;389
1050.7;389
1052.7;389
1054.9;389
1056.9;389
1058.9;389
1060.9;389
1062.9;389
1064.9;389
1066.9;389
1068.9;389
1070.9;389
1072.9;389
1075.1;389
1077.1;389
1079.1;389
1081.3;389
1083.3;389
1085.3;389
1087.5;389
1089.5;389
1091.5;389
1093.5;389
1095.5;389
1097.5;389
1099.7;389
1101.7;389
1103.7;389
1105.7;389
1107.7;389
1109.7;389
1111.7;389
1113.7;389
1115.7;389
1117.7;389
1119.7;389
1121.7;389
1123.7;389
1125.7;389
1127.7;389
1129.7;389
1131.9;389
1133.9;389
1135.9;389
1137.9;389
1139.9;389
1141.9;389
1143.9;389
1146.1;389
1148.1;389
1150.1;389
1152.1;389
1154.1;389
1156.1;389
1158.1;389
1160.1;389
1162.3;389
1164.3;389
1166.3;389
1168.3;389
1170.3;389
1172.3;389
1174.3;389
1176.3;389
1178.3;389
1180.3;389
1182.3;389
1184.3;389
1186.3;389
1188.3;389
1190.3;389
1192.5;389
1194.5;389
1196.5;389
1198.5;389
1200.5;389
1202.5;389
1204.5;389
1206.5;389
1208.7;389
1210.7;389
1212.7;389
1214.7;389
1216.9;389
1218.9;389
1220.9;389
1222.9;389
1224.9;389
1226.9;389
1228.9;389
1231.1;389
1233.1;389
1235.1;389
1237.1;389
1239.1;389
1241.1;389
1243.1;389
1245.1;389
1247.1;389
1249.3;389
1251.3;389
1253.3;389
1255.3;389
1257.5;389
1259.5;389
1261.5;389
1263.5;389
1265.5;389
1267.5;389
1269.5;389
1271.5;389
1273.5;389
1275.5;389
1277.5;389
1279.5;389
1281.5;389
1283.5;389
1285.5;389
1287.5;389
1289.5;389
1291.5;389
1293.7;389
1295.7;389
1297.9;389
1299.9;389
1301.9;389
1303.9;389
1305.9;389
1307.9;389
1309.9;389
1311.9;389
1313.9;389
1315.9;389
1317.9;389
1319.9;389
1321.9;389
1323.9;389
1326.1;389
1328.3;389
1330.5;389
1332.5;389
1334.5;389
1336.5;389
1338.5;389
1340.5;389
1342.5;389
1344.5;389
1346.5;389
1348.5;389
1350.7;389
1352.7;389
1354.7;389
1356.7;389
1358.7;389
1360.9;389
1363.1;389
1365.3;389
1367.3;389
1369.3;389
1371.3;389
1373.3;389
1375.5;389
1377.5;389
1379.7;389
1381.7;389
1383.7;389
1385.9;389
1387.9;389
1389.9;389
1391.9;389
1394.1;389
1396.1;389
1398.1;389
1400.1;389
1402.1;389
1404.1;389
1406.1;389
1408.3;389
1410.3;389
1412.5;389
1414.7;389
1416.7;389
1418.7;389
1420.7;389
1422.9;389
1424.9;389
1427.1;389
1429.3;389
1431.3;389
1433.3;389
1435.5;389
1437.5;389
1439.5;389
1441.5;389
1443.5;389
1445.5;389
1447.5;389
1449.5;389
1451.5;389
1453.5;389
1455.5;389
1457.5;389
1459.5;389
1461.7;389
1463.7;389
1465.7;389
1467.7;389
1469.7;389
1471.7;389
1473.7;389
1475.7;389
1477.7;389
1479.7;389
1481.9;389
1483.9;389
1485.9;389
1487.9;389
1490.1;389
1492.1;389
1494.1;389
1496.1;389
1498.1;389
1500.1;389
1502.1;389
1504.3;389
1506.5;389
1508.5;389
1510.5;389
1512.5;389
1514.5;389
1516.5;389
1518.5;389
1520.5;389
1522.5;389
1524.5;389
1526.5;389
1528.5;389
1530.5;389
1532.5;389
1534.5;389
1536.5;389
1538.5;389
1540.5;389
1542.7;389
1544.7;389
1546.7;389
1548.7;389
1550.7;389
1552.7;389
1554.7;389
1556.7;389
1558.7;389
1560.7;389
1562.7;389
1564.7;389
1566.7;389
1568.7;389
1570.9;389
1572.9;389
1574.9;389
1576.9;389
1578.9;389
1580.9;389
1582.9;389
1584.9;389
1587.1;389
1589.1;389
1591.1;389
1593.1;389
1595.1;389
1597.1;389
1599.1;389
1601.3;389
1603.5;389
1605.5;389
1607.5;389
1609.5;389
1611.5;389
1613.5;389
1615.5;389
1617.5;389
1619.5;389
1621.5;389
1623.7;389
1625.7;389
1627.7;389
1629.7;389
1631.7;389
1633.7;389
1635.7;389
1637.7;389
1639.7;389
1641.7;389
1643.7;389
1645.7;389
1647.7;389
1649.9;389
1651.9;389
1653.9;389
1655.9;389
1657.9;389
1659.9;389
1661.9;389
1663.9;389
1665.9;389
1667.9;389
1670.1;389
1672.3;389
1674.3;389
1676.3;389
1678.3;389
1680.3;389
1682.5;389
1684.7;389
1686.9;389
1688.9;389
1690.9;389
1692.9;389
1694.9;389
1697.1;389
1699.1;389
1701.1;389
1703.1;389
1705.1;389
1707.1;389
1709.1;389
1711.1;389
1713.3;389
1715.3;389
1717.3;389
1719.3;389
1721.3;389
1723.5;389
1725.5;389
1727.5;389
1729.5;389
1731.5;389
1733.5;389
1735.5;389
1737.5;389
1739.5;389
1741.5;389
1743.7;389
1745.9;389
1747.9;389
1749.9;389
1751.9;389
1753.9;389
1756.1;389
1758.3;389
1760.3;389
1762.3;389
1764.3;389
1766.3;389
1768.3;389
1770.3;389
1772.5;389
1774.5;389
1776.5;389
1778.7;389
1780.7;389
1782.7;389
1784.7;389
1786.7;389
1788.7;389
1790.7;389
1792.7;389
1794.9;389
1796.9;389
