#	X	Y
2.19802;111
4.19801;111
6.19801;111
8.19801;111
10.398;111
12.398;111
14.398;111
16.398;111
18.398;111
20.598;111
22.598;111
24.598;111
26.598;111
28.798;111
30.798;111
32.798;111
34.798;111
36.798;111
38.798;111
40.798;111
42.798;111
44.798;111
46.798;111
48.798;111
50.798;111
52.998;111
54.998;111
56.998;111
58.998;111
60.998;111
62.998;111
64.998;111
67.198;111
69.198;111
71.198;111
73.198;111
75.198;111
77.198;111
79.198;111
81.198;111
83.198;111
85.198;111
87.198;111
89.198;111
91.398;111
93.398;111
95.598;111
97.598;111
99.598;111
101.798;111
103.798;111
105.798;111
107.798;111
109.798;111
111.998;111
113.998;111
115.998;111
117.998;111
119.998;111
121.998;111
123.998;111
125.998;111
127.998;111
129.998;111
131.998;111
133.998;111
135.998;111
137.998;111
139.998;111
141.998;111
143.998;111
145.998;111
147.998;111
149.998;111
151.998;111
153.998;111
155.998;111
158.198;273
160.198;273
162.198;273
164.198;273
166.198;273
168.198;273
170.198;273
172.198;273
174.198;273
176.198;273
178.198;273
180.198;273
182.198;273
184.398;273
186.398;273
188.398;273
190.398;273
192.398;273
194.398;273
196.398;273
198.398;273
200.598;273
202.598;273
204.598;273
206.598;273
208.598;273
210.598;273
212.598;273
214.598;273
216.598;273
218.798;273
220.798;273
222.798;273
224.798;273
226.998;273
228.998;273
230.998;273
232.998;273
235.198;273
237.198;273
239.198;273
241.198;273
243.198;273
245.198;273
247.198;273
249.198;273
251.198;273
253.398;273
255.398;273
257.398;273
259.598;273
261.798;273
263.798;273
265.798;273
267.998;273
269.998;273
271.998;273
273.998;273
275.998;273
277.998;273
280.198;273
282.198;273
284.198;273
286.198;273
288.198;273
290.198;273
292.198;273
294.198;273
296.198;273
298.198;273
300.198;273
302.198;273
304.198;273
306.198;273
308.198;273
310.198;273
312.198;273
314.198;273
316.198;273
318.198;273
320.198;273
322.198;273
324.398;273
326.398;273
328.398;273
330.398;273
332.398;273
334.398;273
336.398;273
338.398;273
340.398;273
342.398;273
344.398;273
346.398;273
348.398;273
350.398;273
352.398;273
354.598;273
356.598;273
358.598;273
360.598;273
362.598;273
364.598;273
366.598;273
368.598;273
370.598;273
372.598;273
374.598;273
376.798;273
378.798;273
380.798;273
382.998;273
384.998;273
386.998;273
388.998;273
390.998;273
392.998;273
394.998;273
396.998;273
398.998;273
400.998;273
402.998;273
405.198;273
407.198;273
409.198;273
411.198;273
413.198;273
415.198;273
417.198;273
419.198;273
421.198;273
423.198;273
425.198;273
427.198;273
429.198;273
431.398;273
433.398;273
435.398;273
437.398;273
439.598;273
441.598;273
443.598;273
445.598;273
447.798;273
449.998;273
451.998;273
453.998;273
455.998;273
457.998;273
459.998;273
461.998;273
463.998;273
465.998;273
467.998;273
469.998;273
471.998;273
473.998;273
475.998;273
477.998;273
480.198;273
482.198;273
484.198;273
486.398;273
488.398;273
490.398;273
492.398;273
494.398;273
496.398;273
498.398;273
500.598;273
502.598;273
504.598;273
506.598;273
508.598;273
510.798;273
512.798;273
514.798;273
516.798;273
518.798;273
520.798;273
522.798;273
524.798;273
526.998;273
528.998;273
531.198;273
533.198;273
535.198;273
537.198;273
539.198;273
541.198;273
543.398;273
545.398;273
547.398;273
549.398;273
551.398;273
553.398;273
555.398;273
557.598;273
559.598;273
561.798;273
563.798;273
565.798;273
567.998;273
569.998;273
571.998;273
574.198;273
576.398;273
578.398;273
580.398;273
582.598;273
584.598;273
586.598;273
588.598;273
590.598;273
592.598;273
594.598;273
596.598;273
598.598;273
600.598;273
602.598;273
604.598;273
606.598;273
608.598;273
610.598;273
612.598;273
614.598;273
616.598;273
618.598;273
620.598;273
622.598;273
624.798;273
626.798;273
628.798;273
630.798;273
632.798;273
634.798;273
636.798;273
638.798;273
640.798;273
642.798;273
644.798;273
646.798;273
648.798;273
650.998;273
652.998;273
654.998;273
656.998;273
658.998;273
660.998;273
663.198;273
665.198;273
667.198;273
669.198;273
671.198;273
673.198;273
675.198;273
677.198;273
679.198;273
681.198;273
683.198;273
685.198;273
687.198;273
689.198;273
691.198;273
693.198;273
695.398;273
697.398;273
699.398;273
701.398;273
703.398;273
705.398;273
707.598;273
709.598;273
711.798;273
713.798;273
715.798;273
717.798;273
719.798;273
721.798;273
723.798;273
725.798;273
727.798;273
729.798;273
731.798;273
733.798;273
735.798;273
737.798;273
739.798;273
741.798;273
743.798;273
745.798;273
747.798;273
749.798;273
751.798;273
753.798;273
755.798;273
757.798;273
759.798;273
761.798;273
763.798;273
765.998;273
767.998;273
769.998;273
771.998;273
773.998;273
775.998;273
777.998;273
779.998;273
781.998;273
784.198;273
786.198;273
788.198;273
790.198;273
792.198;273
794.198;273
796.198;273
798.198;273
800.198;273
802.198;273
804.398;273
806.398;273
808.398;273
810.398;273
812.398;273
814.398;273
816.398;273
818.398;273
820.598;273
822.598;273
824.598;273
826.598;273
828.598;273
830.598;273
832.598;273
834.598;273
836.598;273
838.598;273
840.598;273
842.598;273
844.598;273
846.598;273
848.598;273
850.598;273
852.798;273
854.798;273
856.798;273
858.798;273
860.798;273
862.798;273
864.998;273
866.998;273
868.998;273
870.998;273
872.998;273
874.998;273
876.998;273
878.998;273
880.998;273
882.998;273
884.998;273
886.998;273
889.198;273
891.398;273
893.598;273
895.798;273
897.998;273
899.998;273
902.198;273
904.198;273
906.198;273
908.198;273
910.198;273
912.398;273
914.598;120
916.598;120
918.598;120
920.598;120
922.598;120
924.598;120
926.598;120
928.798;120
930.798;120
932.998;120
934.998;120
936.998;120
938.998;120
940.998;120
942.998;120
944.998;120
946.998;120
948.998;120
951.198;120
953.198;120
955.198;120
957.198;120
959.198;120
961.398;120
963.398;120
965.398;120
967.398;120
969.398;120
971.398;120
973.398;120
975.398;120
977.398;120
979.398;120
981.398;120
983.598;120
985.598;120
987.598;120
989.598;120
991.598;120
993.598;120
995.598;120
997.598;120
999.598;120
1001.6;120
1003.6;120
1005.6;120
1007.6;120
1009.6;120
1011.8;120
1013.8;120
1015.8;120
1017.8;120
1019.8;120
1021.8;120
1023.8;120
1025.8;120
1027.8;120
1029.8;120
1031.8;120
1033.8;120
1036;120
1038;120
1040;120
1042;120
1044;120
1046.2;120
1048.2;120
1050.2;120
1052.2;120
1054.2;120
1056.2;120
1058.2;120
1060.2;120
1062.4;120
1064.4;120
1066.4;120
1068.4;120
1070.4;120
1072.4;120
1074.4;120
1076.6;120
1078.6;120
1080.6;120
1082.6;120
1084.6;120
1086.6;120
1088.6;120
1090.8;120
1092.8;120
1094.8;120
1096.8;120
1098.8;120
1100.8;120
1102.8;120
1105;120
1107;120
1109;120
1111;120
1113;120
1115;120
1117;120
1119;120
1121;120
1123;120
1125;120
1127;120
1129;120
1131;120
1133;120
1135;120
1137;120
1139;120
1141;120
1143;120
1145;120
1147;120
1149.2;120
1151.2;120
1153.2;120
1155.2;120
1157.4;120
1159.4;120
1161.4;120
1163.4;120
1165.4;120
1167.6;120
1169.8;120
1171.8;120
1173.8;120
1176;120
1178;120
1180;120
1182;120
1184.2;120
1186.2;120
1188.2;120
1190.2;120
1192.2;120
1194.2;120
1196.2;120
1198.2;120
1200.2;120
1202.2;120
1204.2;120
1206.2;120
1208.2;120
1210.2;120
1212.2;120
1214.2;120
1216.4;120
1218.4;120
1220.4;120
1222.6;120
1224.8;120
1226.8;120
1228.8;120
1230.8;120
1232.8;120
1234.8;120
1237;120
1239;120
1241;120
1243;120
1245;120
1247;120
1249;120
1251;120
1253;120
1255;120
1257;120
1259;120
1261;120
1263;120
1265;120
1267;120
1269;120
1271.2;120
1273.2;120
1275.2;120
1277.2;120
1279.2;120
1281.2;120
1283.2;120
1285.2;120
1287.4;120
1289.4;120
1291.4;120
1293.6;120
1295.6;120
1297.6;120
1299.8;120
1301.8;120
1303.8;120
1305.8;120
1307.8;120
1309.8;120
1311.8;120
1313.8;120
1315.8;120
1317.8;120
1319.8;120
1321.8;120
1323.8;120
1325.8;120
1327.8;120
1329.8;120
1331.8;120
1333.8;120
1335.8;120
1337.8;120
1339.8;120
1341.8;120
1343.8;120
1345.8;120
1347.8;120
1349.8;120
1352;120
1354;120
1356;120
1358;120
1360;120
1362;120
1364.2;120
1366.2;120
1368.2;120
1370.2;120
1372.2;120
1374.2;120
1376.4;120
1378.4;120
1380.4;120
1382.6;120
1384.6;120
1386.6;120
1388.6;120
1390.6;120
1392.6;120
1394.6;120
1396.6;120
1398.6;120
1400.8;120
1402.8;120
1404.8;120
1406.8;120
1409;120
1411;120
1413.2;120
1415.2;120
1417.2;120
1419.2;120
1421.2;120
1423.2;120
1425.4;120
1427.4;120
1429.4;120
1431.4;120
1433.4;120
1435.4;120
1437.4;120
1439.6;120
1441.6;120
1443.6;120
1445.6;120
1447.8;120
1449.8;120
1451.8;120
1454;120
1456;120
1458;120
1460;120
1462;120
1464.2;120
1466.4;120
1468.4;120
1470.4;120
1472.4;120
1474.4;120
1476.4;120
1478.4;120
1480.4;120
1482.4;120
1484.4;120
1486.4;120
1488.6;120
1490.6;120
1492.6;120
1494.6;120
1496.6;120
1498.6;120
1500.6;120
1502.6;120
1504.6;120
1506.6;120
1508.6;120
1510.6;120
1512.6;120
1514.6;120
1516.6;120
1518.8;120
1520.8;120
1522.8;120
1524.8;120
1526.8;120
1529;120
1531;120
1533;120
1535;120
1537;120
1539;120
1541;120
1543.2;120
1545.2;120
1547.2;120
1549.2;120
1551.4;120
1553.4;120
1555.4;120
1557.4;120
1559.4;120
1561.6;120
1563.6;120
1565.6;120
1567.6;120
1569.6;120
1571.6;120
1573.6;120
1575.6;120
1577.6;120
1579.6;120
1581.6;120
1583.6;120
1585.6;120
1587.8;120
1589.8;120
1591.8;120
1593.8;120
1595.8;120
1597.8;120
1599.8;120
1601.8;120
1603.8;120
1605.8;120
1607.8;120
1609.8;120
1611.8;120
1614;120
1616;120
1618;120
1620;120
1622;120
1624.2;120
1626.4;120
1628.4;120
1630.4;120
1632.6;120
1634.6;120
1636.6;120
1638.6;120
1640.6;120
1642.6;120
1644.6;120
1646.6;120
1648.6;120
1650.6;120
1652.6;120
1654.6;120
1656.6;120
1658.6;120
1660.6;120
1662.8;120
1664.8;120
1666.8;120
1668.8;120
1670.8;120
1673;120
1675;120
1677;120
1679;120
1681;120
1683.2;120
1685.2;120
1687.2;120
1689.2;120
1691.2;120
1693.2;120
1695.2;120
1697.2;120
1699.2;120
1701.2;120
1703.2;120
1705.2;120
1707.2;120
1709.2;120
1711.4;120
1713.4;120
1715.4;120
1717.4;120
1719.4;120
1721.4;120
1723.4;120
1725.4;120
1727.6;120
1729.6;120
1731.6;120
1733.6;120
1735.6;120
1737.6;120
1739.6;120
1741.6;120
1743.6;120
1745.6;120
1747.6;120
1749.6;120
1751.6;120
1753.6;120
1755.8;120
1758;120
1760;120
1762;120
1764;120
1766;120
1768;120
1770;120
1772;120
1774;120
1776;120
1778.2;120
1780.2;120
1782.2;120
1784.4;120
1786.4;120
1788.4;120
1790.4;120
1792.4;120
1794.4;120
1796.4;120
1798.4;120
1800.4;120
1802.4;120
1804.4;120
1806.4;120
1808.4;120
1810.4;120
1812.4;120
1814.4;120
1816.4;120
1818.4;120
1820.6;120
1822.8;120
1824.8;120
1826.8;568
1828.8;568
1830.8;568
1832.8;568
1834.8;568
1836.8;568
1838.8;568
1840.8;568
1842.8;568
1844.8;568
1846.8;568
1848.8;568
1850.8;568
1852.8;568
1854.8;568
1856.8;568
1858.8;568
1860.8;568
1862.8;568
1864.8;568
1866.8;568
1868.8;568
1870.8;568
1872.8;568
1874.8;568
1876.8;568
1879;568
1881.2;568
1883.2;568
1885.2;568
1887.2;568
1889.2;568
1891.2;568
1893.2;568
1895.2;568
1897.2;568
1899.2;568
1901.2;568
1903.2;568
1905.2;568
1907.2;568
1909.2;568
1911.2;568
1913.2;568
1915.2;568
1917.2;568
1919.4;568
1921.4;568
1923.4;568
1925.4;568
1927.4;568
1929.4;568
1931.4;568
1933.4;568
1935.4;568
1937.4;568
1939.4;568
1941.4;568
1943.4;568
1945.4;568
1947.4;568
1949.4;568
1951.4;568
1953.4;568
1955.6;568
1957.6;568
1959.6;568
1961.6;568
1963.6;568
1965.6;568
1967.6;568
1969.8;568
1971.8;568
1973.8;568
1975.8;568
1977.8;568
1979.8;568
1981.8;568
1983.8;568
1986;568
1988.2;568
1990.2;568
1992.2;568
1994.2;568
1996.2;568
1998.2;568
2000.2;568
2002.2;568
2004.2;568
2006.2;568
2008.4;568
2010.4;568
2012.6;568
2014.6;568
2016.6;568
2018.6;568
2020.6;568
2022.6;568
2024.6;568
2026.6;568
2028.6;568
2030.6;568
2032.6;568
2034.6;568
2036.6;568
2038.6;568
2040.6;568
2042.6;568
2044.6;568
2046.6;568
2048.6;568
2050.6;568
2052.8;568
2055;568
2057.2;568
2059.2;568
2061.2;568
2063.2;568
2065.4;568
2067.4;568
2069.4;568
2071.4;568
2073.4;568
2075.4;568
2077.6;568
2079.6;568
2081.6;568
2083.8;568
2085.8;568
2087.8;568
2089.8;568
2091.8;568
2093.8;568
2095.8;568
2097.8;568
2099.8;568
2101.8;568
2103.8;568
2105.8;568
2107.8;568
2109.8;568
2111.8;568
2113.8;568
2115.8;568
2117.8;568
2119.8;568
2121.8;568
2123.8;568
2125.8;568
2127.8;568
2130;568
2132;568
2134;568
2136;568
2138.2;568
2140.2;568
2142.2;568
2144.2;568
2146.2;568
2148.2;568
2150.2;568
2152.2;568
2154.2;568
2156.2;568
2158.2;568
2160.2;568
2162.4;568
2164.4;568
2166.4;568
2168.4;568
2170.4;568
2172.4;568
2174.4;568
2176.4;568
2178.4;568
2180.4;568
2182.4;568
2184.4;568
2186.4;568
2188.4;568
2190.6;568
2192.6;568
2194.8;568
2196.8;568
2198.8;568
2200.8;568
2203;568
2205;568
2207;568
2209.2;568
2211.4;568
2213.4;568
2215.4;568
2217.4;568
2219.4;568
2221.4;568
2223.4;568
2225.4;568
2227.4;568
2229.4;568
2231.4;568
2233.4;568
2235.4;568
2237.6;568
2239.6;568
2241.6;568
2243.6;568
2245.6;568
2247.6;568
2249.6;568
2251.6;568
2253.6;568
2255.6;568
2257.6;568
2259.6;568
2261.8;568
2263.8;568
2265.8;568
2267.8;568
2269.8;568
2271.8;568
2273.8;568
2275.8;568
2278;568
2280;568
2282;568
2284.2;568
2286.2;568
2288.2;568
2290.2;568
2292.4;568
2294.4;568
2296.4;568
2298.4;568
2300.4;568
2302.4;568
2304.4;568
2306.4;568
2308.4;568
2310.4;568
2312.4;568
2314.4;568
2316.6;568
2318.6;568
2320.6;568
2322.6;568
2324.6;568
2326.6;568
2328.6;568
2330.6;568
2332.6;568
2334.6;568
2336.6;568
2338.8;568
2340.8;568
2342.8;568
2344.8;568
2346.8;568
2349;568
2351;568
2353;568
2355;568
2357;568
2359;568
2361;568
2363.2;568
2365.2;568
2367.2;568
2369.2;568
2371.2;568
2373.2;568
2375.2;568
2377.2;568
2379.2;568
2381.2;568
2383.2;568
2385.2;568
2387.2;568
2389.2;568
2391.2;568
2393.2;568
2395.4;568
2397.4;568
2399.4;568
2401.4;568
2403.4;568
2405.4;568
2407.4;568
2409.6;568
2411.6;568
2413.6;568
2415.6;568
2417.8;568
2420;568
2422;568
2424;568
2426;568
2428;568
2430;568
2432.2;568
2434.2;568
2436.2;568
2438.2;568
2440.4;568
2442.4;568
2444.4;568
2446.6;568
2448.6;568
2450.8;568
2452.8;568
2454.8;568
2457;568
2459.2;568
2461.2;568
2463.2;568
2465.2;568
2467.2;568
2469.2;568
2471.2;568
2473.2;568
2475.4;568
2477.4;568
2479.4;568
2481.6;568
2483.6;568
2485.6;568
2487.6;568
2489.6;568
2491.6;568
2493.8;568
2495.8;568
2497.8;568
2500;568
2502;568
2504;568
2506;568
2508;568
2510;568
2512.2;568
2514.2;568
2516.2;568
2518.2;568
2520.2;568
2522.2;568
2524.4;568
2526.4;568
2528.4;568
2530.4;568
2532.4;568
2534.6;568
2536.6;568
2538.6;568
2540.6;568
2542.6;568
2544.6;568
2546.6;568
2548.6;568
2550.8;568
2553;568
2555.2;568
2557.2;568
2559.2;568
2561.2;568
2563.2;568
2565.2;568
2567.2;568
2569.2;568
2571.2;568
2573.2;568
2575.2;568
2577.2;568
2579.2;568
2581.2;568
2583.2;568
2585.2;568
2587.4;568
2589.4;568
2591.4;568
2593.4;568
2595.4;568
2597.4;568
2599.4;568
2601.4;568
2603.4;568
2605.4;568
2607.6;568
2609.6;568
2611.6;568
2613.6;568
2615.6;568
2617.6;568
2619.8;568
2621.8;568
2623.8;568
2625.8;568
2628;568
2630;568
2632.2;568
2634.2;568
2636.2;568
2638.2;568
2640.2;568
2642.2;568
2644.2;568
2646.2;568
2648.2;568
2650.2;568
2652.4;568
2654.6;568
2656.6;568
2658.6;568
2660.6;568
2662.6;568
2664.6;568
2666.6;568
2668.6;568
2670.6;568
2672.6;568
2674.8;568
2676.8;568
2678.8;568
2680.8;568
2682.8;568
2685;568
2687.2;568
2689.2;568
2691.4;568
2693.6;568
2695.8;568
2697.8;568
2699.8;568
2701.8;568
2703.8;568
2705.8;568
2707.8;568
2709.8;568
2711.8;568
2713.8;568
2715.8;568
2717.8;568
2719.8;568
2722;568
2724;568
2726;568
2728;568
2730;568
2732.2;568
2734.2;568
2736.2;568
2738.2;568
2740.4;567
2742.4;567
2744.4;567
2746.4;567
2748.4;567
2750.4;567
2752.4;567
2754.4;567
2756.4;567
2758.4;567
2760.4;567
2762.6;567
2764.6;567
2766.6;567
2768.6;567
2770.6;567
2772.6;567
2774.6;567
2776.6;567
2778.8;567
2780.8;567
2782.8;567
2784.8;567
2786.8;567
2788.8;567
2790.8;567
2792.8;567
2794.8;567
2796.8;567
2798.8;567
2800.8;567
2802.8;567
2805;567
2807.2;567
2809.2;567
2811.2;567
2813.2;567
2815.2;567
2817.2;567
2819.2;567
2821.2;567
2823.2;567
2825.2;567
2827.2;567
2829.2;567
2831.2;567
2833.2;567
2835.2;567
2837.2;567
2839.2;567
2841.2;567
2843.2;567
2845.2;567
2847.2;567
2849.2;567
2851.4;567
2853.4;567
2855.4;567
2857.4;567
2859.4;567
2861.4;567
2863.4;567
2865.4;567
2867.6;567
2869.6;567
2871.6;567
2873.6;567
2875.8;567
2878;567
2880;567
2882;567
2884;567
2886;567
2888;567
2890;567
2892;567
2894;567
2896;567
2898;567
2900;567
2902;567
2904;567
2906;567
2908;567
2910;567
2912;567
2914;567
2916;567
2918;567
2920;567
2922;567
2924;567
2926;567
2928;567
2930;567
2932;567
2934;567
2936;567
2938;567
2940;567
2942;567
2944;567
2946.2;567
2948.2;567
2950.2;567
2952.2;567
2954.2;567
2956.2;567
2958.2;567
2960.4;567
2962.4;567
2964.4;567
2966.6;567
2968.6;567
2970.8;567
2973;567
2975;567
2977;567
2979;567
2981;567
2983;567
2985;567
2987;567
2989;567
2991;567
2993.2;567
2995.2;567
2997.2;567
2999.2;567
3001.2;567
3003.4;567
3005.4;567
3007.4;567
3009.4;567
3011.4;567
3013.4;567
3015.4;567
3017.4;567
3019.4;567
3021.4;567
3023.4;567
3025.4;567
3027.4;567
3029.6;567
3031.6;567
3033.8;567
3035.8;567
3037.8;567
3039.8;567
3041.8;567
3043.8;567
3045.8;567
3047.8;567
3050;567
3052;567
3054;567
3056;567
3058.2;567
3060.2;567
3062.2;567
3064.2;567
3066.2;567
3068.2;567
3070.2;567
3072.2;567
3074.2;567
3076.2;567
3078.2;567
3080.2;567
3082.2;567
3084.2;567
3086.2;567
3088.2;567
3090.4;567
3092.6;567
3094.6;567
3096.8;567
3099;567
3101.2;567
3103.2;567
3105.4;567
3107.4;567
3109.4;567
3111.6;567
3113.6;567
3115.6;567
3117.8;567
3119.8;567
3121.8;567
3123.8;567
3125.8;567
3127.8;567
3129.8;567
3131.8;567
3133.8;567
3135.8;567
3137.8;567
3139.8;567
3141.8;567
3143.8;567
3145.8;567
3147.8;567
3149.8;567
3151.8;567
3153.8;567
3155.8;567
3157.8;567
3159.8;567
3162;567
3164;567
3166;567
3168.2;567
3170.2;567
3172.4;567
3174.4;567
3176.4;567
3178.4;567
3180.4;567
3182.4;567
3184.4;567
3186.6;567
3188.6;567
3190.6;567
3192.6;567
3194.6;567
3196.6;567
3198.6;567
3200.6;567
3202.6;567
3204.6;567
3206.6;567
3208.6;567
3210.6;567
3212.6;567
3214.6;567
3216.6;567
3218.6;567
3220.6;567
3222.6;567
3224.6;567
3226.6;567
3228.6;567
3230.6;567
3232.6;567
3234.6;567
3236.6;567
3238.6;567
3240.6;567
3242.6;567
3244.6;567
3246.6;567
3248.6;567
3250.6;567
3252.6;567
3254.6;567
3256.8;567
3258.8;567
3261;567
3263;567
3265;567
3267;567
3269;567
3271;567
3273;567
3275;567
3277;567
3279;567
3281;567
3283;567
3285;567
3287;567
3289;567
3291;567
3293;567
3295;567
3297;567
3299;567
3301.2;567
3303.2;567
3305.2;567
3307.2;567
3309.4;567
3311.4;567
3313.4;567
3315.4;567
3317.4;567
3319.4;567
3321.4;567
3323.4;567
3325.6;567
3327.6;567
3329.6;567
3331.6;567
3333.6;567
3335.8;567
3337.8;567
3339.8;567
3341.8;567
3343.8;567
3345.8;567
3347.8;567
3349.8;567
3351.8;567
3353.8;567
3355.8;567
3357.8;567
3360;567
3362;567
3364;567
3366;567
3368.2;567
3370.2;567
3372.4;567
3374.4;567
3376.4;567
3378.6;567
3380.6;567
3382.6;567
3384.6;567
3386.8;567
3389;567
3391.2;567
3393.2;567
3395.2;567
3397.2;567
3399.2;567
3401.2;567
3403.4;567
3405.4;567
3407.4;567
3409.4;567
3411.4;567
3413.4;567
3415.4;567
3417.4;567
3419.4;567
3421.4;567
3423.4;567
3425.4;567
3427.6;567
3429.6;567
3431.6;567
3433.6;567
3435.6;567
3437.6;567
3439.8;567
3441.8;567
3443.8;567
3445.8;567
3448;567
3450;567
3452;567
3454.2;567
3456.2;567
3458.2;567
3460.2;567
3462.2;567
3464.2;567
3466.2;567
3468.2;567
3470.4;567
3472.4;567
3474.4;567
3476.4;567
3478.6;567
3480.6;567
3482.6;567
3484.6;567
3486.6;567
3488.6;567
3490.6;567
3492.6;567
3494.6;567
3496.6;567
3498.6;567
3500.6;567
3502.6;567
3504.6;567
3506.6;567
3508.8;567
3510.8;567
3512.8;567
3515;567
3517;567
3519;567
3521.2;567
3523.2;567
3525.2;567
3527.2;567
3529.2;567
3531.2;567
3533.4;567
3535.4;567
3537.4;567
3539.4;567
3541.4;567
3543.4;567
3545.4;567
3547.4;567
3549.4;567
3551.4;567
3553.4;567
3555.4;567
3557.4;567
3559.4;567
3561.6;567
3563.6;567
3565.6;567
3567.6;567
3569.6;567
3571.6;567
3573.6;567
3575.6;567
3577.6;567
3579.6;567
3581.6;567
3583.6;567
3585.8;567
3587.8;567
3590;567
3592;567
3594;567
3596;567
3598;567
3600;567
3602;567
3604;567
3606;567
3608;567
3610;567
3612.2;567
3614.2;567
3616.2;567
3618.4;567
3620.4;567
3622.4;567
3624.4;567
3626.6;567
3628.6;567
3630.8;567
3632.8;567
3635;567
3637;567
3639;567
3641;567
3643;567
3645;567
3647;567
3649;567
3651;567
3653;393
3655;393
3657;393
3659;393
3661;393
3663;393
3665.2;393
3667.2;393
3669.2;393
3671.2;393
3673.2;393
3675.2;393
3677.4;393
3679.4;393
3681.4;393
3683.6;393
3685.6;393
3687.6;393
3689.6;393
3691.6;393
3693.6;393
3695.6;393
3697.6;393
3699.6;393
3701.6;393
3703.8;393
3705.8;393
3707.8;393
3710;393
3712;393
3714;393
3716;393
3718;393
3720;393
3722;393
3724;393
3726;393
3728;393
3730;393
3732;393
3734.2;393
3736.4;393
3738.4;393
3740.4;393
3742.6;393
3744.6;393
3746.6;393
3748.8;393
3750.8;393
3753;393
3755;393
3757;393
3759.2;393
3761.4;393
3763.4;393
3765.4;393
3767.4;393
3769.4;393
3771.4;393
3773.4;393
3775.4;393
3777.4;393
3779.4;393
3781.4;393
3783.4;393
3785.4;393
3787.4;393
3789.4;393
3791.4;393
3793.4;393
3795.4;393
3797.4;393
3799.4;393
3801.4;393
3803.4;393
3805.6;393
3807.6;393
3809.6;393
3811.6;393
3813.6;393
3815.6;393
3817.6;393
3819.6;393
3821.6;393
3823.6;393
3825.6;393
3827.6;393
3829.6;393
3831.6;393
3833.6;393
3835.6;393
3837.8;393
3840;393
3842;393
3844.2;393
3846.2;393
3848.2;393
3850.2;393
3852.2;393
3854.2;393
3856.2;393
3858.2;393
3860.2;393
3862.2;393
3864.4;393
3866.4;393
3868.6;393
3870.6;393
3872.8;393
3874.8;393
3876.8;393
3878.8;393
3880.8;393
3882.8;393
3884.8;393
3886.8;393
3888.8;393
3890.8;393
3892.8;393
3894.8;393
3896.8;393
3898.8;393
3900.8;393
3902.8;393
3904.8;393
3907;393
3909;393
3911;393
3913;393
3915;393
3917;393
3919;393
3921;393
3923;393
3925;393
3927;393
3929.2;393
3931.2;393
3933.2;393
3935.2;393
3937.2;393
3939.2;393
3941.2;393
3943.2;393
3945.2;393
3947.2;393
3949.2;393
3951.2;393
3953.2;393
3955.2;393
3957.2;393
3959.4;393
3961.4;393
3963.4;393
3965.4;393
3967.4;393
3969.4;393
3971.4;393
3973.4;393
3975.4;393
3977.4;393
3979.6;393
3981.6;393
3983.6;393
3985.8;393
3987.8;393
3989.8;393
3991.8;393
3993.8;393
3995.8;393
3997.8;393
3999.8;393
4001.8;393
4003.8;393
4005.8;393
4007.8;393
4009.8;393
4011.8;393
4013.8;393
4015.8;393
4017.8;393
4019.8;393
4021.8;393
4023.8;393
4025.8;393
4027.8;393
4030;393
4032;393
4034.2;393
4036.4;393
4038.6;393
4040.6;393
4042.6;393
4044.8;393
4046.8;393
4048.8;393
4050.8;393
4052.8;393
4054.8;393
4056.8;393
4059;393
4061;393
4063.2;393
4065.2;393
4067.4;393
4069.4;393
4071.4;393
4073.4;393
4075.4;393
4077.4;393
4079.6;393
4081.6;393
4083.6;393
4085.6;393
4087.6;393
4089.6;393
4091.6;393
4093.6;393
4095.6;393
4097.8;393
4099.8;393
4101.8;393
4103.8;393
4105.8;393
4107.8;393
4109.8;393
4111.8;393
4113.8;393
4115.8;393
4117.8;393
4119.8;393
4121.8;393
4123.8;393
4126;393
4128;393
4130;393
4132;393
4134;393
4136;393
4138;393
4140;393
4142;393
4144;393
4146;393
4148.2;393
4150.2;393
4152.2;393
4154.2;393
4156.2;393
4158.2;393
4160.2;393
4162.4;393
4164.4;393
4166.4;393
4168.6;393
4170.8;393
4172.8;393
4174.8;393
4176.8;393
4178.8;393
4180.8;393
4182.8;393
4184.8;393
4187;393
4189;393
4191;393
4193;393
4195.2;393
4197.2;393
4199.2;393
4201.4;393
4203.6;393
4205.6;393
4207.6;393
4209.8;393
4211.8;393
4213.8;393
4216;393
4218.2;393
4220.4;393
4222.6;393
4224.6;393
4226.6;393
4228.8;393
4230.8;393
4232.8;393
4234.8;393
4236.8;393
4238.8;393
4240.8;393
4242.8;393
4244.8;393
4247;393
4249;393
4251.2;393
4253.2;393
4255.2;393
4257.2;393
4259.2;393
4261.2;393
4263.2;393
4265.2;393
4267.2;393
4269.2;393
4271.4;393
4273.4;393
4275.4;393
4277.4;393
4279.4;393
4281.4;393
4283.4;393
4285.4;393
4287.4;393
4289.4;393
4291.6;393
4293.6;393
4295.6;393
4297.6;393
4299.6;393
4301.8;393
4303.8;393
4305.8;393
4307.8;393
4309.8;393
4311.8;393
4313.8;393
4315.8;393
4317.8;393
4319.8;393
4321.8;393
4323.8;393
4325.8;393
4327.8;393
4329.8;393
4332;393
4334;393
4336;393
4338.2;393
4340.2;393
4342.2;393
4344.2;393
4346.2;393
4348.2;393
4350.2;393
4352.2;393
4354.4;393
4356.4;393
4358.4;393
4360.4;393
4362.4;393
4364.4;393
4366.4;393
4368.4;393
4370.6;393
4372.6;393
4374.6;393
4376.6;393
4378.6;393
4380.6;393
4382.6;393
4384.6;393
4386.6;393
4388.6;393
4390.6;393
4392.8;393
4394.8;393
4396.8;393
4398.8;393
4400.8;393
4403;393
4405;393
4407;393
4409;393
4411;393
4413;393
4415;393
4417;393
4419;393
4421;393
4423;393
4425;393
4427;393
4429;393
4431;393
4433;393
4435;393
4437;393
4439;393
4441;393
4443;393
4445;393
4447;393
4449;393
4451;393
4453;393
4455;393
4457.2;393
4459.2;393
4461.2;393
4463.2;393
4465.2;393
4467.2;393
4469.4;393
4471.6;393
4473.6;393
4475.6;393
4477.6;393
4479.6;393
4481.6;393
4483.6;393
4485.6;393
4487.6;393
4489.6;393
4491.6;393
4493.6;393
4495.6;393
4497.6;393
4499.6;393
4501.6;393
4503.6;393
4505.6;393
4507.6;393
4509.6;393
4511.6;393
4513.6;393
4515.6;393
4517.6;393
4519.6;393
4521.6;393
4523.6;393
4525.6;393
4527.6;393
4529.8;393
4531.8;393
4533.8;393
4535.8;393
4537.8;393
4539.8;393
4541.8;393
4544;393
4546;393
4548;393
4550;393
4552;393
4554;393
4556;393
4558;393
4560;393
4562;393
4564;393
4566;391
4568;391
4570;391
4572;391
4574;391
4576;391
4578;391
4580;391
4582.2;391
4584.2;391
4586.2;391
4588.4;391
4590.6;391
4592.6;391
4594.6;391
4596.8;391
4598.8;391
4600.8;391
4602.8;391
4604.8;391
4607;391
4609;391
4611;391
4613;391
4615;391
4617;391
4619;391
4621;391
4623;391
4625;391
4627;391
4629;391
4631;391
4633;391
4635;391
4637;391
4639;391
4641;391
4643;391
4645.2;391
4647.2;391
4649.2;391
4651.2;391
4653.4;391
4655.6;391
4657.6;391
4659.6;391
4661.6;391
4663.6;391
4665.6;391
4667.8;391
4669.8;391
4671.8;391
4673.8;391
4675.8;391
4677.8;391
4679.8;391
4681.8;391
4684;391
4686;391
4688;391
4690;391
4692;391
4694;391
4696.2;391
4698.2;391
4700.2;391
4702.2;391
4704.2;391
4706.2;391
4708.2;391
4710.2;391
4712.2;391
4714.2;391
4716.2;391
4718.2;391
4720.2;391
4722.2;391
4724.2;391
4726.2;391
4728.2;391
4730.4;391
4732.4;391
4734.4;391
4736.4;391
4738.4;391
4740.4;391
4742.4;391
4744.4;391
4746.4;391
4748.4;391
4750.4;391
4752.4;391
4754.4;391
4756.4;391
4758.4;391
4760.4;391
4762.4;391
4764.4;391
4766.4;391
4768.4;391
4770.4;391
4772.4;391
4774.4;391
4776.4;391
4778.6;391
4780.8;391
4783;391
4785;391
4787;391
4789;391
4791;391
4793;391
4795;391
4797;391
4799;391
4801;391
4803;391
4805.2;391
4807.2;391
4809.2;391
4811.2;391
4813.2;391
4815.2;391
4817.2;391
4819.2;391
4821.2;391
4823.2;391
4825.4;391
4827.4;391
4829.4;391
4831.4;391
4833.4;391
4835.4;391
4837.4;391
4839.4;391
4841.4;391
4843.4;391
4845.4;391
4847.4;391
4849.6;391
4851.6;391
4853.6;391
4855.6;391
4857.6;391
4859.6;391
4861.6;391
4863.6;391
4865.6;391
4867.6;391
4869.6;391
4871.6;391
4873.8;391
4875.8;391
4877.8;391
4880;391
4882;391
4884.2;391
4886.2;391
4888.2;391
4890.2;391
4892.2;391
4894.4;391
4896.4;391
4898.4;391
4900.6;391
4902.6;391
4904.6;391
4906.6;391
4908.6;391
4910.6;391
4912.6;391
4914.6;391
4916.6;391
4918.6;391
4920.6;391
4922.6;391
4924.6;391
4926.6;391
4928.6;391
4930.8;391
4932.8;391
4934.8;391
4936.8;391
4938.8;391
4940.8;391
4942.8;391
4944.8;391
4947;391
4949;391
4951;391
4953;391
4955;391
4957;391
4959;391
4961;391
4963;391
4965;391
4967;391
4969;391
4971;391
4973.2;391
4975.2;391
4977.2;391
4979.2;391
4981.2;391
4983.2;391
4985.2;391
4987.2;391
4989.4;391
4991.4;391
4993.4;391
4995.4;391
4997.4;391
4999.6;391
5001.8;391
5003.8;391
5005.8;391
5007.8;391
5009.8;391
5011.8;391
5013.8;391
5015.8;391
5017.8;391
5019.8;391
5021.8;391
5023.8;391
5025.8;391
5027.8;391
5030;391
5032;391
5034;391
5036;391
5038;391
5040;391
5042;391
5044.2;391
5046.2;391
5048.2;391
5050.4;391
5052.4;391
5054.4;391
5056.6;391
5058.6;391
5060.6;391
5062.6;391
5064.6;391
5066.6;391
5068.6;391
5070.6;391
5072.6;391
5074.6;391
5076.6;391
5078.6;391
5080.6;391
5082.8;391
5084.8;391
5086.8;391
5088.8;391
5090.8;391
5092.8;391
5094.8;391
5096.8;391
5098.8;391
5100.8;391
5102.8;391
5104.8;391
5106.8;391
5108.8;391
5111;391
5113;391
5115;391
5117;391
5119.2;391
5121.4;391
5123.6;391
5125.6;391
5127.6;391
5129.6;391
5131.6;391
5133.6;391
5135.6;391
5137.8;391
5139.8;391
5141.8;391
5143.8;391
5145.8;391
5147.8;391
5149.8;391
5151.8;391
5153.8;391
5155.8;391
5157.8;391
5160;391
5162;391
5164;391
5166;391
5168.2;391
5170.2;391
5172.2;391
5174.2;391
5176.2;391
5178.2;391
5180.2;391
5182.2;391
5184.2;391
5186.2;391
5188.2;391
5190.2;391
5192.4;391
5194.4;391
5196.4;391
5198.4;391
5200.4;391
5202.4;391
5204.4;391
5206.4;391
5208.4;391
5210.4;391
5212.4;391
5214.4;391
5216.4;391
5218.4;391
5220.4;391
5222.4;391
5224.4;391
5226.4;391
5228.6;391
5230.8;391
5232.8;391
5234.8;391
5236.8;391
5238.8;391
5241;391
5243;391
5245.2;391
5247.2;391
5249.2;391
5251.2;391
5253.2;391
5255.2;391
5257.4;391
5259.4;391
5261.4;391
5263.4;391
5265.6;391
5267.6;391
5269.6;391
5271.6;391
5273.6;391
5275.8;391
5277.8;391
5279.8;391
5281.8;391
5283.8;391
5285.8;391
5287.8;391
5289.8;391
5291.8;391
5293.8;391
5295.8;391
5297.8;391
5300;391
5302;391
5304;391
5306.2;391
5308.2;391
5310.2;391
5312.2;391
5314.2;391
5316.2;391
5318.2;391
5320.4;391
5322.4;391
5324.4;391
5326.4;391
5328.4;391
5330.4;391
5332.4;391
5334.4;391
5336.4;391
5338.4;391
5340.4;391
5342.4;391
5344.4;391
5346.6;391
5348.6;391
5350.6;391
5352.6;391
5354.6;391
5356.6;391
5358.6;391
5360.6;391
5362.6;391
5364.6;391
5366.8;391
5369;391
5371;391
5373;391
5375;391
5377;391
5379;391
5381;391
5383;391
5385;391
5387.2;391
5389.2;391
5391.2;391
5393.2;391
5395.2;391
5397.2;391
5399.2;391
5401.2;391
5403.4;391
5405.4;391
5407.4;391
5409.4;391
5411.4;391
5413.4;391
5415.6;391
5417.6;391
5419.6;391
5421.6;391
5423.6;391
5425.8;391
5428;391
5430;391
5432;391
5434;391
5436;391
5438;391
5440;391
5442;391
5444;391
5446.2;391
5448.2;391
5450.2;391
5452.2;391
5454.2;391
5456.2;391
5458.2;391
5460.2;391
5462.4;391
5464.4;391
5466.4;391
5468.4;391
5470.4;391
5472.4;391
5474.4;391
5476.4;391
5478.4;385
5480.4;385
5482.6;385
5484.8;385
5486.8;385
5488.8;385
5490.8;385
5492.8;385
5494.8;385
5496.8;385
5498.8;385
5500.8;385
5502.8;385
5504.8;385
5506.8;385
5508.8;385
5510.8;385
5512.8;385
5514.8;385
5516.8;385
5518.8;385
5520.8;385
5522.8;385
5524.8;385
5526.8;385
5529;385
5531;385
5533.2;385
5535.2;385
5537.2;385
5539.2;385
5541.2;385
5543.2;385
5545.2;385
5547.2;385
5549.2;385
5551.4;385
5553.4;385
5555.4;385
5557.6;385
5559.8;385
5561.8;385
5563.8;385
5566;385
5568;385
5570;385
5572.2;385
5574.4;385
5576.6;385
5578.6;385
5580.6;385
5582.6;385
5584.6;385
5586.6;385
5588.6;385
5590.6;385
5592.6;385
5594.6;385
5596.6;385
5598.8;385
5600.8;385
5602.8;385
5604.8;385
5606.8;385
5608.8;385
5610.8;385
5612.8;385
5614.8;385
5616.8;385
5619;385
5621;385
5623.2;385
5625.4;385
5627.4;385
5629.4;385
5631.4;385
5633.4;385
5635.4;385
5637.4;385
5639.4;385
5641.4;385
5643.4;385
5645.4;385
5647.4;385
5649.4;385
5651.4;385
5653.4;385
5655.4;385
5657.6;385
5659.6;385
5661.6;385
5663.6;385
5665.6;385
5667.8;385
5669.8;385
5671.8;385
5673.8;385
5675.8;385
5677.8;385
5679.8;385
5682;385
5684;385
5686;385
5688;385
5690;385
5692;385
5694;385
5696;385
5698;385
5700;385
5702;385
5704;385
5706;385
5708.2;385
5710.2;385
5712.4;385
5714.4;385
5716.4;385
5718.4;385
5720.4;385
5722.4;385
5724.4;385
5726.4;385
5728.4;385
5730.4;385
5732.4;385
5734.4;385
5736.4;385
5738.4;385
5740.4;385
5742.4;385
5744.6;385
5746.6;385
5748.6;385
5750.6;385
5752.8;385
5754.8;385
5756.8;385
5758.8;385
5760.8;385
5762.8;385
5764.8;385
5766.8;385
5769;385
5771;385
5773.2;385
5775.2;385
5777.2;385
5779.2;385
5781.2;385
5783.2;385
5785.2;385
5787.2;385
5789.4;385
5791.4;385
5793.4;385
5795.4;385
5797.4;385
5799.4;385
5801.4;385
5803.4;385
5805.6;385
5807.6;385
5809.8;385
5811.8;385
5813.8;385
5815.8;385
5818;385
5820;385
5822;385
5824.2;385
5826.2;385
5828.2;385
5830.2;385
5832.2;385
5834.2;385
5836.2;385
5838.2;385
5840.2;385
5842.2;385
5844.4;385
5846.4;385
5848.6;385
5850.6;385
5852.6;385
5854.6;385
5856.6;385
5858.8;385
5860.8;385
5862.8;385
5864.8;385
5867;385
5869;385
5871.2;385
5873.4;385
5875.4;385
5877.4;385
5879.4;385
5881.4;385
5883.4;385
5885.4;385
5887.4;385
5889.4;385
5891.4;385
5893.6;385
5895.6;385
5897.6;385
5899.6;385
5901.8;385
5903.8;385
5905.8;385
5907.8;385
5909.8;385
5911.8;385
5913.8;385
5916;385
5918;385
5920;385
5922.2;385
5924.2;385
5926.4;385
5928.6;385
5930.6;385
5932.6;385
5934.8;385
5936.8;385
5938.8;385
5940.8;385
5943;385
5945;385
5947;385
5949;385
5951.2;385
5953.2;385
5955.2;385
5957.4;385
5959.4;385
5961.4;385
5963.4;385
5965.4;385
5967.4;385
5969.4;385
5971.4;385
5973.4;385
5975.4;385
5977.4;385
5979.4;385
5981.4;385
5983.4;385
5985.6;385
5987.6;385
5989.6;385
5991.6;385
5993.6;385
5995.6;385
5997.6;385
5999.8;385
6001.8;385
6003.8;385
6005.8;385
6007.8;385
6009.8;385
6011.8;385
6013.8;385
6016;385
6018;385
6020;385
6022;385
6024;385
6026;385
6028;385
6030;385
6032;385
6034.2;385
6036.2;385
6038.2;385
6040.2;385
6042.4;385
6044.4;385
6046.4;385
6048.4;385
6050.4;385
6052.4;385
6054.4;385
6056.4;385
6058.4;385
6060.4;385
6062.4;385
6064.4;385
6066.4;385
6068.4;385
6070.6;385
6072.6;385
6074.6;385
6076.8;385
6078.8;385
6080.8;385
6082.8;385
6084.8;385
6086.8;385
6088.8;385
6091;385
6093;385
6095.2;385
6097.2;385
6099.4;385
6101.4;385
6103.4;385
6105.6;385
6107.6;385
6109.6;385
6111.6;385
6113.6;385
6115.6;385
6117.6;385
6119.6;385
6121.8;385
6124;385
6126;385
6128;385
6130.2;385
6132.2;385
6134.2;385
6136.2;385
6138.2;385
6140.4;385
6142.4;385
6144.4;385
6146.4;385
6148.4;385
6150.4;385
6152.6;385
6154.6;385
6156.6;385
6158.6;385
6160.6;385
6162.6;385
6164.6;385
6166.6;385
6168.6;385
6170.6;385
6172.6;385
6174.6;385
6176.6;385
6178.8;385
6180.8;385
6182.8;385
6184.8;385
6186.8;385
6188.8;385
6191;385
6193;385
6195;385
6197.2;385
6199.2;385
6201.2;385
6203.2;385
6205.2;385
6207.2;385
6209.2;385
6211.2;385
6213.2;385
6215.2;385
6217.2;385
6219.2;385
6221.2;385
6223.2;385
6225.2;385
6227.2;385
6229.2;385
6231.2;385
6233.2;385
6235.2;385
6237.2;385
6239.2;385
6241.2;385
6243.4;385
6245.4;385
6247.4;385
6249.4;385
6251.4;385
6253.4;385
6255.4;385
6257.4;385
6259.4;385
6261.4;385
6263.4;385
6265.4;385
6267.4;385
6269.4;385
6271.4;385
6273.4;385
6275.4;385
6277.4;385
6279.4;385
6281.4;385
6283.4;385
6285.4;385
6287.4;385
6289.4;385
6291.4;385
6293.4;385
6295.4;385
6297.4;385
6299.4;385
6301.4;385
6303.4;385
6305.4;385
6307.4;385
6309.6;385
6311.6;385
6313.8;385
6316;385
6318;385
6320;385
6322;385
6324;385
6326;385
6328;385
6330;385
6332;385
6334;385
6336;385
6338;385
6340;385
6342;385
6344;385
6346;385
6348;385
6350;385
6352;385
6354;385
6356.2;385
6358.2;385
6360.2;385
6362.2;385
6364.2;385
6366.2;385
6368.4;385
6370.4;385
6372.4;385
6374.4;385
6376.4;385
6378.4;385
6380.6;385
6382.6;385
6384.6;385
6386.8;385
6388.8;385
6390.8;385
6392.8;788
6394.8;788
6397;788
6399.2;788
6401.2;788
6403.2;788
6405.2;788
6407.2;788
6409.4;788
6411.4;788
6413.4;788
6415.6;788
6417.8;788
6419.8;788
6421.8;788
6423.8;788
6425.8;788
6428;788
6430;788
6432;788
6434;788
6436;788
6438;788
6440.2;788
6442.2;788
6444.2;788
6446.2;788
6448.2;788
6450.2;788
6452.4;788
6454.4;788
6456.4;788
6458.4;788
6460.4;788
6462.4;788
6464.4;788
6466.4;788
6468.6;788
6470.6;788
6472.6;788
6474.8;788
6476.8;788
6478.8;788
6480.8;788
6483;788
6485;788
6487;788
6489;788
6491;788
6493;788
6495;788
6497.2;788
6499.2;788
6501.2;788
6503.2;788
6505.2;788
6507.2;788
6509.2;788
6511.2;788
6513.2;788
6515.2;788
6517.4;788
6519.4;788
6521.4;788
6523.4;788
6525.4;788
6527.4;788
6529.4;788
6531.4;788
6533.6;788
6535.6;788
6537.8;788
6539.8;788
6541.8;788
6543.8;788
6546;788
6548;788
6550;788
6552;788
6554;788
6556;788
6558;788
6560;788
6562;788
6564;788
6566.2;788
6568.2;788
6570.2;788
6572.4;788
6574.4;788
6576.4;788
6578.4;788
6580.4;788
6582.6;788
6584.6;788
6586.6;788
6588.6;788
6590.6;788
6592.6;788
6594.6;788
6596.6;788
6598.6;788
6600.6;788
6602.6;788
6604.6;788
6606.8;788
6608.8;788
6610.8;788
6612.8;788
6614.8;788
6616.8;788
6618.8;788
6620.8;788
6622.8;788
6624.8;788
6626.8;788
6628.8;788
6630.8;788
6632.8;788
6635;788
6637;788
6639.2;788
6641.2;788
6643.2;788
6645.4;788
6647.4;788
6649.4;788
6651.4;788
6653.4;788
6655.4;788
6657.4;788
6659.6;788
6661.8;788
6663.8;788
6665.8;788
6667.8;788
6670;788
6672;788
6674;788
6676;788
6678;788
6680;788
6682;788
6684;788
6686;788
6688;788
6690;788
6692.2;788
6694.2;788
6696.2;788
6698.2;788
6700.2;788
6702.4;788
6704.6;788
6706.6;788
6708.6;788
6710.6;788
6712.6;788
6714.6;788
6716.6;788
6718.6;788
6720.6;788
6722.6;788
6724.6;788
6726.6;788
6728.6;788
6730.8;788
6733;788
6735;788
6737;788
6739;788
6741.2;788
6743.2;788
6745.2;788
6747.2;788
6749.2;788
6751.2;788
6753.4;788
6755.4;788
6757.4;788
6759.4;788
6761.4;788
6763.4;788
6765.4;788
6767.4;788
6769.4;788
6771.4;788
6773.4;788
6775.4;788
6777.4;788
6779.4;788
6781.4;788
6783.4;788
6785.6;788
6787.6;788
6789.6;788
6791.6;788
6793.6;788
6795.6;788
6797.6;788
6799.6;788
6801.8;788
6803.8;788
6805.8;788
6807.8;788
6809.8;788
6812;788
6814.2;788
6816.4;788
6818.4;788
6820.6;788
6822.6;788
6824.6;788
6826.6;788
6828.6;788
6830.8;788
6833;788
6835.2;788
6837.2;788
6839.2;788
6841.2;788
6843.2;788
6845.4;788
6847.6;788
6849.6;788
6851.8;788
6853.8;788
6856;788
6858;788
6860.2;788
6862.2;788
6864.2;788
6866.2;788
6868.2;788
6870.2;788
6872.2;788
6874.2;788
6876.2;788
6878.2;788
6880.2;788
6882.2;788
6884.2;788
6886.4;788
6888.4;788
6890.4;788
6892.4;788
6894.4;788
6896.4;788
6898.4;788
6900.4;788
6902.6;788
6904.6;788
6906.6;788
6908.6;788
6910.6;788
6912.6;788
6914.6;788
6916.6;788
6918.6;788
6920.6;788
6922.6;788
6924.6;788
6926.6;788
6928.6;788
6930.6;788
6932.6;788
6934.8;788
6936.8;788
6939;788
6941.2;788
6943.4;788
6945.6;788
6947.6;788
6949.6;788
6951.8;788
6953.8;788
6955.8;788
6957.8;788
6959.8;788
6961.8;788
6963.8;788
6965.8;788
6967.8;788
6969.8;788
6971.8;788
6973.8;788
6975.8;788
6977.8;788
6979.8;788
6981.8;788
6983.8;788
6985.8;788
6988;788
6990.2;788
6992.2;788
6994.2;788
6996.2;788
6998.2;788
7000.2;788
7002.2;788
7004.2;788
7006.4;788
7008.4;788
7010.4;788
7012.4;788
7014.4;788
7016.6;788
7018.6;788
7020.8;788
7022.8;788
7024.8;788
7026.8;788
7028.8;788
7031;788
7033;788
7035;788
7037;788
7039;788
7041.2;788
7043.2;788
7045.2;788
7047.2;788
7049.4;788
7051.4;788
7053.4;788
7055.4;788
7057.4;788
7059.4;788
7061.4;788
7063.4;788
7065.4;788
7067.4;788
7069.4;788
7071.4;788
7073.4;788
7075.4;788
7077.4;788
7079.4;788
7081.4;788
7083.6;788
7085.6;788
7087.6;788
7089.6;788
7091.6;788
7093.6;788
7095.6;788
7097.6;788
7099.6;788
7101.6;788
7103.6;788
7105.6;788
7107.6;788
7109.6;788
7111.6;788
7113.6;788
7115.6;788
7117.6;788
7119.6;788
7121.6;788
7123.6;788
7125.6;788
7127.6;788
7129.6;788
7131.6;788
7133.6;788
7135.8;788
7137.8;788
7139.8;788
7141.8;788
7144;788
7146;788
7148;788
7150;788
7152.2;788
7154.4;788
7156.4;788
7158.6;788
7160.8;788
7162.8;788
7164.8;788
7167;788
7169;788
7171;788
7173;788
7175;788
7177;788
7179;788
7181;788
7183.2;788
7185.2;788
7187.4;788
7189.4;788
7191.4;788
7193.4;788
7195.4;788
7197.4;788
7199.4;788
7201.4;788
7203.6;788
7205.6;788
7207.6;788
7209.6;788
7211.8;788
7213.8;788
7215.8;788
7217.8;788
7219.8;788
7221.8;788
7224;788
7226;788
7228.2;788
7230.4;788
7232.4;788
7234.4;788
7236.4;788
7238.6;788
7240.8;788
7242.8;788
7244.8;788
7246.8;788
7248.8;788
7251;788
7253.2;788
7255.2;788
7257.2;788
7259.2;788
7261.2;788
7263.2;788
7265.2;788
7267.2;788
7269.2;788
7271.2;788
7273.2;788
7275.2;788
7277.2;788
7279.2;788
7281.2;788
7283.2;788
7285.2;788
7287.4;788
7289.6;788
7291.6;788
7293.6;788
7295.6;788
7297.6;788
7299.6;788
7301.6;788
7303.6;788
7305.6;788
7307.6;788
7309.6;566
7311.6;566
7313.8;566
7315.8;566
7317.8;566
7319.8;566
7321.8;566
7324;566
7326.2;566
7328.2;566
7330.2;566
7332.4;566
7334.4;566
7336.4;566
7338.4;566
7340.6;566
7342.8;566
7344.8;566
7346.8;566
7348.8;566
7350.8;566
7352.8;566
7354.8;566
7356.8;566
7358.8;566
7360.8;566
7362.8;566
7364.8;566
7366.8;566
7369;566
7371;566
7373;566
7375;566
7377;566
7379;566
7381;566
7383;566
7385.2;566
7387.2;566
7389.4;566
7391.4;566
7393.6;566
7395.6;566
7397.6;566
7399.6;566
7401.6;566
7403.6;566
7405.6;566
7407.6;566
7409.6;566
7411.8;566
7413.8;566
7415.8;566
7417.8;566
7419.8;566
7422;566
7424;566
7426;566
7428;566
7430.2;566
7432.2;566
7434.4;566
7436.4;566
7438.4;566
7440.4;566
7442.4;566
7444.6;566
7446.6;566
7448.6;566
7450.6;566
7452.6;566
7454.6;566
7456.6;566
7458.6;566
7460.6;566
7462.6;566
7464.6;566
7466.6;566
7468.6;566
7470.6;566
7472.6;566
7474.6;566
7476.6;566
7478.6;566
7480.8;566
7482.8;566
7484.8;566
7486.8;566
7488.8;566
7490.8;566
7492.8;566
7494.8;566
7496.8;566
7498.8;566
7500.8;566
7502.8;566
7505;566
7507;566
7509;566
7511.2;566
7513.2;566
7515.2;566
7517.2;566
7519.2;566
7521.2;566
7523.2;566
7525.2;566
7527.2;566
7529.2;566
7531.2;566
7533.2;566
7535.2;566
7537.2;566
7539.2;566
7541.2;566
7543.4;566
7545.4;566
7547.6;566
7549.6;566
7551.6;566
7553.6;566
7555.8;566
7557.8;566
7560;566
7562;566
7564;566
7566;566
7568.2;566
7570.2;566
7572.2;566
7574.2;566
7576.2;566
7578.2;566
7580.4;566
7582.6;566
7584.6;566
7586.6;566
7588.6;566
7590.8;566
7592.8;566
7594.8;566
7596.8;566
7599;566
7601;566
7603;566
7605;566
7607;566
7609;566
7611.2;566
7613.2;566
7615.2;566
7617.2;566
7619.2;566
7621.2;566
7623.2;566
7625.4;566
7627.4;566
7629.4;566
7631.4;566
7633.4;566
7635.4;566
7637.4;566
7639.4;566
7641.4;566
7643.6;566
7645.6;566
7647.6;566
7649.6;566
7651.6;566
7653.6;566
7655.6;566
7657.6;566
7659.8;566
7661.8;566
7663.8;566
7666;566
7668;566
7670;566
7672;566
7674;566
7676;566
7678;566
7680;566
7682;566
7684;566
7686;566
7688;566
7690;566
7692;566
7694.2;566
7696.2;566
7698.4;566
7700.4;566
7702.4;566
7704.6;566
7706.6;566
7708.6;566
7710.6;566
7712.6;566
7714.6;566
7716.6;566
7718.8;566
7720.8;566
7722.8;566
7724.8;566
7726.8;566
7728.8;566
7730.8;566
7732.8;566
7735;566
7737;566
7739;566
7741.2;566
7743.2;566
7745.2;566
7747.2;566
7749.2;566
7751.2;566
7753.2;566
7755.2;566
7757.2;566
7759.2;566
7761.2;566
7763.2;566
7765.4;566
7767.4;566
7769.4;566
7771.4;566
7773.4;566
7775.4;566
7777.4;566
7779.4;566
7781.4;566
7783.6;566
7785.6;566
7787.6;566
7789.8;566
7791.8;566
7794;566
7796;566
7798;566
7800;566
7802;566
7804;566
7806;566
7808.2;566
7810.2;566
7812.2;566
7814.2;566
7816.2;566
7818.2;566
7820.2;566
7822.4;566
7824.4;566
7826.4;566
7828.4;566
7830.4;566
7832.4;566
7834.4;566
7836.4;566
7838.4;566
7840.4;566
7842.4;566
7844.4;566
7846.4;566
7848.4;566
7850.4;566
7852.6;566
7854.6;566
7856.6;566
7858.6;566
7860.6;566
7862.6;566
7864.6;566
7866.6;566
7868.6;566
7870.6;566
7872.6;566
7874.6;566
7876.8;566
7878.8;566
7880.8;566
7883;566
7885.2;566
7887.4;566
7889.4;566
7891.4;566
7893.4;566
7895.4;566
7897.6;566
7899.6;566
7901.8;566
7903.8;566
7905.8;566
7908;566
7910;566
7912;566
7914;566
7916;566
7918;566
7920;566
7922;566
7924;566
7926.2;566
7928.2;566
7930.2;566
7932.2;566
7934.4;566
7936.4;566
7938.6;566
7940.6;566
7942.6;566
7944.6;566
7946.8;566
7948.8;566
7950.8;566
7952.8;566
7954.8;566
7956.8;566
7958.8;566
7960.8;566
7962.8;566
7964.8;566
7966.8;566
7968.8;566
7970.8;566
7972.8;566
7974.8;566
7976.8;566
7978.8;566
7980.8;566
7982.8;566
7985;566
7987;566
7989.2;566
7991.2;566
7993.2;566
7995.4;566
7997.6;566
7999.8;566
8002;566
8004;566
8006;566
8008;566
8010;566
8012.2;566
8014.2;566
8016.2;566
8018.2;566
8020.2;566
8022.2;566
8024.2;566
8026.2;566
8028.2;566
8030.2;566
8032.2;566
8034.2;566
8036.2;566
8038.2;566
8040.2;566
8042.2;566
8044.2;566
8046.2;566
8048.2;566
8050.2;566
8052.2;566
8054.2;566
8056.2;566
8058.2;566
8060.2;566
8062.2;566
8064.2;566
8066.2;566
8068.2;566
8070.2;566
8072.2;566
8074.2;566
8076.2;566
8078.2;566
8080.2;566
8082.2;566
8084.2;566
8086.2;566
8088.2;566
8090.2;566
8092.4;566
8094.4;566
8096.4;566
8098.4;566
8100.4;566
8102.6;566
8104.6;566
8106.6;566
8108.6;566
8110.6;566
8112.6;566
8114.6;566
8116.6;566
8118.6;566
8120.6;566
8122.6;566
8124.6;566
8126.8;566
8128.8;566
8130.8;566
8132.8;566
8134.8;566
8136.8;566
8138.8;566
8141;566
8143;566
8145.2;566
8147.2;566
8149.4;566
8151.4;566
8153.4;566
8155.4;566
8157.4;566
8159.4;566
8161.6;566
8163.6;566
8165.6;566
8167.6;566
8169.6;566
8171.6;566
8173.8;566
8176;566
8178;566
8180;566
8182;566
8184;566
8186;566
8188;566
8190;566
8192;566
8194.2;566
8196.2;566
8198.2;566
8200.2;566
8202.2;566
8204.4;566
8206.4;566
8208.6;566
8210.8;566
8212.8;566
8214.8;566
8216.8;566
8218.8;566
8220.8;566
8222.8;566
8225;336
8227;336
8229;336
8231;336
8233.2;336
8235.2;336
8237.4;336
8239.4;336
8241.6;336
8243.6;336
8245.6;336
8247.8;336
8249.8;336
8251.8;336
8253.8;336
8256;336
8258;336
8260;336
8262;336
8264;336
8266;336
8268;336
8270;336
8272;336
8274;336
8276.2;336
8278.2;336
8280.2;336
8282.2;336
8284.2;336
8286.2;336
8288.2;336
8290.4;336
8292.4;336
8294.4;336
8296.4;336
8298.6;336
8300.6;336
8302.6;336
8304.8;336
8307;336
8309;336
8311;336
8313;336
8315;336
8317.2;336
8319.2;336
8321.2;336
8323.4;336
8325.6;336
8327.6;336
8329.6;336
8331.6;336
8333.6;336
8335.6;336
8337.8;336
8339.8;336
8341.8;336
8343.8;336
8345.8;336
8347.8;336
8349.8;336
8352;336
8354;336
8356;336
8358;336
8360;336
8362;336
8364;336
8366.2;336
8368.2;336
8370.4;336
8372.4;336
8374.4;336
8376.4;336
8378.4;336
8380.4;336
8382.6;336
8384.6;336
8386.6;336
8388.6;336
8390.8;336
8392.8;336
8394.8;336
8396.8;336
8398.8;336
8400.8;336
8402.8;336
8404.8;336
8407;336
8409;336
8411;336
8413.2;336
8415.2;336
8417.2;336
8419.2;336
8421.2;336
8423.4;336
8425.4;336
8427.4;336
8429.4;336
8431.4;336
8433.4;336
8435.6;336
8437.6;336
8439.6;336
8441.6;336
8443.6;336
8445.6;336
8447.6;336
8449.6;336
8451.8;336
8453.8;336
8455.8;336
8457.8;336
8459.8;336
8462;336
8464;336
8466.2;336
8468.2;336
8470.2;336
8472.2;336
8474.2;336
8476.2;336
8478.2;336
8480.2;336
8482.4;336
8484.4;336
8486.4;336
8488.4;336
8490.4;336
8492.4;336
8494.4;336
8496.4;336
8498.4;336
8500.4;336
8502.4;336
8504.6;336
8506.6;336
8508.6;336
8510.8;336
8513;336
8515;336
8517;336
8519;336
8521;336
8523;336
8525;336
8527;336
8529;336
8531;336
8533;336
8535;336
8537;336
8539;336
8541;336
8543.2;336
8545.2;336
8547.2;336
8549.2;336
8551.2;336
8553.2;336
8555.4;336
8557.4;336
8559.4;336
8561.4;336
8563.4;336
8565.4;336
8567.4;336
8569.4;336
8571.4;336
8573.4;336
8575.4;336
8577.6;336
8579.6;336
8581.6;336
8583.6;336
8585.6;336
8587.8;336
8590;336
8592;336
8594;336
8596;336
8598;336
8600.2;336
8602.4;336
8604.6;336
8606.6;336
8608.6;336
8610.6;336
8612.6;336
8614.6;336
8616.6;336
8618.6;336
8620.6;336
8622.6;336
8624.6;336
8626.6;336
8628.6;336
8630.6;336
8632.6;336
8634.6;336
8636.6;336
8638.6;336
8640.6;336
8642.6;336
8644.8;336
8646.8;336
8648.8;336
8650.8;336
8652.8;336
8654.8;336
8656.8;336
8658.8;336
8660.8;336
8663;336
8665.2;336
8667.2;336
8669.4;336
8671.4;336
8673.4;336
8675.6;336
8677.8;336
8679.8;336
8682;336
8684;336
8686;336
8688;336
8690;336
8692;336
8694;336
8696;336
8698;336
8700;336
8702;336
8704;336
8706;336
8708;336
8710;336
8712;336
8714;336
8716;336
8718;336
8720;336
8722;336
8724.2;336
8726.2;336
8728.2;336
8730.2;336
8732.2;336
8734.2;336
8736.2;336
8738.2;336
8740.4;336
8742.4;336
8744.4;336
8746.4;336
8748.4;336
8750.4;336
8752.4;336
8754.4;336
8756.4;336
8758.4;336
8760.4;336
8762.4;336
8764.4;336
8766.4;336
8768.4;336
8770.4;336
8772.4;336
8774.4;336
8776.4;336
8778.4;336
8780.4;336
8782.4;336
8784.4;336
8786.6;336
8788.6;336
8790.6;336
8792.6;336
8794.6;336
8796.6;336
8798.6;336
8800.6;336
8802.8;336
8804.8;336
8806.8;336
8808.8;336
8810.8;336
8812.8;336
8815;336
8817;336
8819;336
8821;336
8823;336
8825.2;336
8827.2;336
8829.2;336
8831.2;336
8833.2;336
8835.2;336
8837.2;336
8839.4;336
8841.4;336
8843.4;336
8845.4;336
8847.4;336
8849.4;336
8851.4;336
8853.6;336
8855.6;336
8857.6;336
8859.6;336
8861.6;336
8863.6;336
8865.6;336
8867.6;336
8869.6;336
8871.6;336
8873.6;336
8875.6;336
8877.8;336
8879.8;336
8881.8;336
8884;336
8886;336
8888;336
8890.2;336
8892.2;336
8894.2;336
8896.2;336
8898.4;336
8900.4;336
8902.4;336
8904.4;336
8906.4;336
8908.4;336
8910.6;336
8912.6;336
8914.6;336
8916.6;336
8918.6;336
8920.6;336
8922.6;336
8924.6;336
8926.8;336
8928.8;336
8930.8;336
8932.8;336
8934.8;336
8936.8;336
8938.8;336
8940.8;336
8942.8;336
8944.8;336
8947;336
8949;336
8951.2;336
8953.2;336
8955.2;336
8957.2;336
8959.2;336
8961.2;336
8963.2;336
8965.2;336
8967.2;336
8969.2;336
8971.2;336
8973.2;336
8975.2;336
8977.2;336
8979.4;336
8981.6;336
8983.8;336
8986;336
8988;336
8990;336
8992;336
8994;336
8996.2;336
8998.2;336
9000.2;336
9002.2;336
9004.4;336
9006.4;336
9008.4;336
9010.4;336
9012.4;336
9014.4;336
9016.6;336
9018.6;336
9020.6;336
9022.6;336
9024.6;336
9026.6;336
9028.6;336
9030.6;336
9032.6;336
9034.6;336
9036.8;336
9038.8;336
9040.8;336
9042.8;336
9044.8;336
9046.8;336
9049;336
9051.2;336
9053.2;336
9055.2;336
9057.2;336
9059.2;336
9061.2;336
9063.2;336
9065.2;336
9067.2;336
9069.2;336
9071.2;336
9073.4;336
9075.4;336
9077.6;336
9079.8;336
9081.8;336
9083.8;336
9085.8;336
9087.8;336
9090;336
9092;336
9094.2;336
9096.2;336
9098.2;336
9100.2;336
9102.4;336
9104.4;336
9106.4;336
9108.6;336
9110.6;336
9112.6;336
9114.6;336
9116.6;336
9118.6;336
9120.6;336
9122.6;336
9124.8;336
9126.8;336
9128.8;336
9130.8;336
9132.8;336
9134.8;336
9136.8;336
9138.8;336
9140.8;338
9142.8;338
9144.8;338
9147;338
9149;338
9151;338
9153;338
9155;338
9157.2;338
9159.2;338
9161.2;338
9163.2;338
9165.2;338
9167.2;338
9169.2;338
9171.2;338
9173.2;338
9175.2;338
9177.2;338
9179.2;338
9181.4;338
9183.6;338
9185.6;338
9187.6;338
9189.6;338
9191.6;338
9193.6;338
9195.8;338
9197.8;338
9199.8;338
9201.8;338
9203.8;338
9205.8;338
9207.8;338
9209.8;338
9211.8;338
9213.8;338
9215.8;338
9217.8;338
9219.8;338
9221.8;338
9223.8;338
9225.8;338
9227.8;338
9229.8;338
9231.8;338
9233.8;338
9235.8;338
9238;338
9240;338
9242.2;338
9244.2;338
9246.2;338
9248.2;338
9250.2;338
9252.2;338
9254.2;338
9256.4;338
9258.4;338
9260.6;338
9262.6;338
9264.8;338
9266.8;338
9269;338
9271;338
9273;338
9275.2;338
9277.2;338
9279.4;338
9281.4;338
9283.4;338
9285.4;338
9287.4;338
9289.4;338
9291.4;338
9293.4;338
9295.6;338
9297.6;338
9299.6;338
9301.6;338
9303.8;338
9305.8;338
9307.8;338
9309.8;338
9311.8;338
9313.8;338
9315.8;338
9317.8;338
9319.8;338
9322;338
9324;338
9326;338
9328;338
9330;338
9332;338
9334;338
9336;338
9338;338
9340;338
9342;338
9344;338
9346;338
9348;338
9350;338
9352;338
9354;338
9356;338
9358;338
9360;338
9362;338
9364.2;338
9366.4;338
9368.4;338
9370.4;338
9372.4;338
9374.4;338
9376.4;338
9378.4;338
9380.6;338
9382.6;338
9384.6;338
9386.6;338
9388.6;338
9390.6;338
9392.8;338
9394.8;338
9396.8;338
9399;338
9401;338
9403;338
9405;338
9407;338
9409;338
9411;338
9413;338
9415;338
9417;338
9419;338
9421;338
9423;338
9425;338
9427;338
9429.2;338
9431.2;338
9433.2;338
9435.2;338
9437.2;338
9439.2;338
9441.2;338
9443.2;338
9445.2;338
9447.2;338
9449.2;338
9451.2;338
9453.2;338
9455.2;338
9457.2;338
9459.2;338
9461.2;338
9463.2;338
9465.2;338
9467.2;338
9469.2;338
9471.4;338
9473.4;338
9475.4;338
9477.4;338
9479.4;338
9481.6;338
9483.6;338
9485.6;338
9487.6;338
9489.6;338
9491.6;338
9493.6;338
9495.8;338
9497.8;338
9499.8;338
9502;338
9504;338
9506;338
9508;338
9510;338
9512;338
9514;338
9516;338
9518;338
9520;338
9522.2;338
9524.2;338
9526.2;338
9528.2;338
9530.2;338
9532.2;338
9534.2;338
9536.2;338
9538.2;338
9540.2;338
9542.4;338
9544.4;338
9546.4;338
9548.4;338
9550.4;338
9552.4;338
9554.4;338
9556.4;338
9558.6;338
9560.6;338
9562.6;338
9564.6;338
9566.6;338
9568.6;338
9570.6;338
9572.6;338
9574.6;338
9576.6;338
9578.6;338
9580.6;338
9582.6;338
9584.6;338
9586.6;338
9588.6;338
9590.6;338
9592.6;338
9594.6;338
9596.6;338
9598.6;338
9600.6;338
9602.8;338
9604.8;338
9606.8;338
9608.8;338
9610.8;338
9612.8;338
9614.8;338
9616.8;338
9618.8;338
9620.8;338
9622.8;338
9624.8;338
9626.8;338
9628.8;338
9630.8;338
9632.8;338
9634.8;338
9636.8;338
9638.8;338
9640.8;338
9642.8;338
9644.8;338
9646.8;338
9648.8;338
9650.8;338
9652.8;338
9654.8;338
9656.8;338
9658.8;338
9660.8;338
9663;338
9665;338
9667;338
9669;338
9671.2;338
9673.2;338
9675.2;338
9677.2;338
9679.2;338
9681.2;338
9683.4;338
9685.4;338
9687.4;338
9689.4;338
9691.4;338
9693.4;338
9695.4;338
9697.4;338
9699.4;338
9701.4;338
9703.4;338
9705.4;338
9707.4;338
9709.4;338
9711.4;338
9713.4;338
9715.6;338
9717.6;338
9719.6;338
9721.6;338
9723.6;338
9725.8;338
9727.8;338
9729.8;338
9731.8;338
9733.8;338
9735.8;338
9737.8;338
9740;338
9742;338
9744.2;338
9746.2;338
9748.2;338
9750.4;338
9752.4;338
9754.4;338
9756.4;338
9758.4;338
9760.4;338
9762.4;338
9764.4;338
9766.4;338
9768.4;338
9770.4;338
9772.4;338
9774.4;338
9776.4;338
9778.4;338
9780.4;338
9782.4;338
9784.4;338
9786.4;338
9788.4;338
9790.4;338
9792.6;338
9794.6;338
9796.6;338
9798.6;338
9800.6;338
9802.8;338
9804.8;338
9806.8;338
9808.8;338
9810.8;338
9812.8;338
9815;338
9817;338
9819;338
9821;338
9823;338
9825;338
9827.2;338
9829.4;338
9831.4;338
9833.4;338
9835.4;338
9837.4;338
9839.4;338
9841.4;338
9843.4;338
9845.4;338
9847.4;338
9849.4;338
9851.4;338
9853.4;338
9855.4;338
9857.6;338
9859.6;338
9861.6;338
9863.6;338
9865.6;338
9867.6;338
9869.6;338
9871.6;338
9873.6;338
9875.6;338
9877.6;338
9879.6;338
9881.6;338
9883.6;338
9885.6;338
9887.8;338
9889.8;338
9891.8;338
9893.8;338
9895.8;338
9897.8;338
9899.8;338
9901.8;338
9903.8;338
9905.8;338
9908;338
9910;338
9912;338
9914;338
9916;338
9918;338
9920;338
9922;338
9924;338
9926;338
9928;338
9930.2;338
9932.2;338
9934.4;338
9936.4;338
9938.4;338
9940.4;338
9942.4;338
9944.4;338
9946.4;338
9948.4;338
9950.6;338
9952.6;338
9954.6;338
9956.6;338
9958.6;338
9960.6;338
9962.6;338
9964.8;338
9966.8;338
9968.8;338
9970.8;338
9972.8;338
9974.8;338
9976.8;338
9978.8;338
9980.8;338
9982.8;338
9984.8;338
9987;338
9989;338
9991;338
9993;338
9995;338
9997;338
9999;338
10001;338
10003;338
10005;338
10007;338
10009;338
10011;338
10013.2;338
10015.2;338
10017.2;338
10019.2;338
10021.2;338
10023.4;338
10025.6;338
10027.6;338
10029.6;338
10031.6;338
10033.6;338
10035.6;338
10037.6;338
10039.6;338
10041.6;338
10043.6;338
10045.6;338
10047.6;338
10049.6;338
10051.6;405
10053.6;405
10055.6;405
10057.6;405
10059.6;405
10061.6;405
10063.6;405
10065.6;405
10067.6;405
10069.6;405
10071.6;405
10073.6;405
10075.6;405
10077.6;405
10079.6;405
10081.6;405
10083.8;405
10085.8;405
10087.8;405
10089.8;405
10091.8;405
10094;405
10096;405
10098;405
10100;405
10102;405
10104;405
10106;405
10108.2;405
10110.2;405
10112.2;405
10114.2;405
10116.2;405
10118.2;405
10120.2;405
10122.2;405
10124.2;405
10126.2;405
10128.2;405
10130.2;405
10132.2;405
10134.2;405
10136.4;405
10138.6;405
10140.6;405
10142.6;405
10144.6;405
10146.6;405
10148.6;405
10150.6;405
10152.8;405
10155;405
10157;405
10159;405
10161;405
10163;405
10165.2;405
10167.2;405
10169.2;405
10171.2;405
10173.2;405
10175.2;405
10177.4;405
10179.6;405
10181.6;405
10183.6;405
10185.8;405
10187.8;405
10189.8;405
10191.8;405
10193.8;405
10195.8;405
10198;405
10200.2;405
10202.2;405
10204.2;405
10206.4;405
10208.4;405
10210.4;405
10212.4;405
10214.4;405
10216.4;405
10218.4;405
10220.4;405
10222.6;405
10224.8;405
10226.8;405
10228.8;405
10230.8;405
10233;405
10235;405
10237;405
10239;405
10241;405
10243;405
10245;405
10247;405
10249;405
10251;405
10253;405
10255;405
10257;405
10259;405
10261;405
10263;405
10265;405
10267;405
10269;405
10271;405
10273;405
10275;405
10277;405
10279.2;405
10281.2;405
10283.2;405
10285.4;405
10287.6;405
10289.8;405
10291.8;405
10293.8;405
10295.8;405
10298;405
10300;405
10302;405
10304;405
10306;405
10308;405
10310;405
10312.2;405
10314.2;405
10316.2;405
10318.2;405
10320.2;405
10322.2;405
10324.2;405
10326.2;405
10328.2;405
10330.2;405
10332.4;405
10334.4;405
10336.4;405
10338.6;405
10340.6;405
10342.6;405
10344.8;405
10346.8;405
10349;405
10351;405
10353;405
10355;405
10357;405
10359;405
10361;405
10363;405
10365;405
10367;405
10369;405
10371;405
10373;405
10375;405
10377;405
10379;405
10381;405
10383.2;405
10385.2;405
10387.4;405
10389.4;405
10391.4;405
10393.4;405
10395.4;405
10397.4;405
10399.4;405
10401.4;405
10403.4;405
10405.4;405
10407.4;405
10409.4;405
10411.4;405
10413.4;405
10415.4;405
10417.4;405
10419.4;405
10421.4;405
10423.6;405
10425.8;405
10427.8;405
10429.8;405
10431.8;405
10434;405
10436.2;405
10438.2;405
10440.2;405
10442.2;405
10444.2;405
10446.2;405
10448.2;405
10450.4;405
10452.6;405
10454.6;405
10456.8;405
10458.8;405
10460.8;405
10462.8;405
10464.8;405
10466.8;405
10468.8;405
10470.8;405
10472.8;405
10474.8;405
10477;405
10479;405
10481;405
10483;405
10485;405
10487;405
10489;405
10491;405
10493.2;405
10495.2;405
10497.2;405
10499.2;405
10501.2;405
10503.2;405
10505.2;405
10507.4;405
10509.4;405
10511.6;405
10513.6;405
10515.8;405
10517.8;405
10519.8;405
10521.8;405
10523.8;405
10525.8;405
10527.8;405
10529.8;405
10531.8;405
10533.8;405
10535.8;405
10537.8;405
10539.8;405
10541.8;405
10543.8;405
10545.8;405
10548;405
10550;405
10552;405
10554;405
10556;405
10558;405
10560.2;405
10562.2;405
10564.2;405
10566.2;405
10568.2;405
10570.2;405
10572.2;405
10574.2;405
10576.2;405
10578.2;405
10580.2;405
10582.2;405
10584.4;405
10586.4;405
10588.4;405
10590.4;405
10592.4;405
10594.4;405
10596.4;405
10598.4;405
10600.4;405
10602.4;405
10604.6;405
10606.6;405
10608.6;405
10610.6;405
10612.8;405
10614.8;405
10616.8;405
10618.8;405
10620.8;405
10622.8;405
10624.8;405
10627;405
10629;405
10631;405
10633;405
10635;405
10637;405
10639;405
10641;405
10643;405
10645;405
10647;405
10649.2;405
10651.2;405
10653.2;405
10655.2;405
10657.2;405
10659.2;405
10661.2;405
10663.2;405
10665.2;405
10667.2;405
10669.2;405
10671.2;405
10673.4;405
10675.4;405
10677.4;405
10679.4;405
10681.4;405
10683.4;405
10685.4;405
10687.4;405
10689.6;405
10691.6;405
10693.6;405
10695.6;405
10697.6;405
10699.6;405
10701.6;405
10703.6;405
10705.6;405
10707.6;405
10709.6;405
10711.6;405
10713.6;405
10715.6;405
10717.6;405
10719.6;405
10721.6;405
10723.6;405
10725.6;405
10727.8;405
10729.8;405
10731.8;405
10733.8;405
10735.8;405
10737.8;405
10739.8;405
10742;405
10744;405
10746;405
10748;405
10750;405
10752;405
10754;405
10756;405
10758;405
10760.2;405
10762.2;405
10764.2;405
10766.2;405
10768.2;405
10770.2;405
10772.2;405
10774.2;405
10776.2;405
10778.2;405
10780.2;405
10782.2;405
10784.2;405
10786.2;405
10788.2;405
10790.2;405
10792.2;405
10794.2;405
10796.4;405
10798.4;405
10800.4;405
10802.6;405
10804.6;405
10806.8;405
10808.8;405
10810.8;405
10812.8;405
10814.8;405
10817;405
10819.2;405
10821.2;405
10823.2;405
10825.2;405
10827.2;405
10829.2;405
10831.2;405
10833.2;405
10835.2;405
10837.2;405
10839.4;405
10841.6;405
10843.8;405
10845.8;405
10847.8;405
10849.8;405
10851.8;405
10853.8;405
10855.8;405
10857.8;405
10859.8;405
10861.8;405
10863.8;405
10865.8;405
10868;405
10870;405
10872;405
10874.2;405
10876.2;405
10878.2;405
10880.2;405
10882.2;405
10884.2;405
10886.2;405
10888.2;405
10890.2;405
10892.2;405
10894.2;405
10896.2;405
10898.2;405
10900.2;405
10902.2;405
10904.2;405
10906.2;405
10908.2;405
10910.4;405
10912.6;405
10914.8;405
10917;405
10919;405
10921;405
10923;405
10925.2;405
10927.2;405
10929.2;405
10931.2;405
10933.2;405
10935.2;405
10937.2;405
10939.2;405
10941.2;405
10943.2;405
10945.4;405
10947.4;405
10949.4;405
10951.4;405
10953.4;405
10955.4;405
10957.6;405
10959.6;405
10961.6;405
10963.6;405
10965.8;409
10967.8;409
10969.8;409
10971.8;409
10974;409
10976;409
10978.2;409
10980.2;409
10982.2;409
10984.2;409
10986.2;409
10988.2;409
10990.4;409
10992.4;409
10994.4;409
10996.4;409
10998.4;409
11000.4;409
11002.4;409
11004.4;409
11006.4;409
11008.4;409
11010.4;409
11012.4;409
11014.4;409
11016.4;409
11018.4;409
11020.6;409
11022.6;409
11024.6;409
11026.8;409
11028.8;409
11030.8;409
11033;409
11035.2;409
11037.2;409
11039.2;409
11041.2;409
11043.2;409
11045.2;409
11047.2;409
11049.2;409
11051.2;409
11053.2;409
11055.2;409
11057.2;409
11059.2;409
11061.2;409
11063.2;409
11065.2;409
11067.2;409
11069.2;409
11071.2;409
11073.2;409
11075.2;409
11077.2;409
11079.2;409
11081.2;409
11083.2;409
11085.2;409
11087.2;409
11089.2;409
11091.2;409
11093.4;409
11095.4;409
11097.4;409
11099.4;409
11101.4;409
11103.4;409
11105.4;409
11107.6;409
11109.6;409
11111.6;409
11113.6;409
11115.6;409
11117.6;409
11119.6;409
11121.6;409
11123.8;409
11125.8;409
11127.8;409
11129.8;409
11131.8;409
11134;409
11136;409
11138.2;409
11140.2;409
11142.4;409
11144.4;409
11146.4;409
11148.4;409
11150.4;409
11152.4;409
11154.4;409
11156.6;409
11158.6;409
11160.6;409
11162.6;409
11164.6;409
11166.6;409
11168.6;409
11170.8;409
11172.8;409
11174.8;409
11176.8;409
11178.8;409
11180.8;409
11183;409
11185;409
11187;409
11189;409
11191;409
11193;409
11195;409
11197;409
11199.2;409
11201.2;409
11203.2;409
11205.2;409
11207.2;409
11209.2;409
11211.2;409
11213.2;409
11215.2;409
11217.2;409
11219.2;409
11221.2;409
11223.2;409
11225.2;409
11227.2;409
11229.2;409
11231.4;409
11233.4;409
11235.4;409
11237.4;409
11239.4;409
11241.4;409
11243.4;409
11245.4;409
11247.4;409
11249.4;409
11251.4;409
11253.6;409
11255.6;409
11257.8;409
11259.8;409
11262;409
11264;409
11266;409
11268;409
11270;409
11272.2;409
11274.2;409
11276.2;409
11278.2;409
11280.2;409
11282.2;409
11284.2;409
11286.2;409
11288.2;409
11290.2;409
11292.2;409
11294.2;409
11296.2;409
11298.2;409
11300.2;409
11302.2;409
11304.2;409
11306.2;409
11308.2;409
11310.4;409
11312.4;409
11314.4;409
11316.6;409
11318.6;409
11320.6;409
11322.6;409
11324.8;409
11326.8;409
11328.8;409
11330.8;409
11332.8;409
11334.8;409
11336.8;409
11338.8;409
11340.8;409
11342.8;409
11344.8;409
11347;409
11349;409
11351;409
11353.2;409
11355.2;409
11357.2;409
11359.4;409
11361.4;409
11363.4;409
11365.4;409
11367.4;409
11369.4;409
11371.6;409
11373.6;409
11375.8;409
11377.8;409
11380;409
11382;409
11384.2;409
11386.2;409
11388.2;409
11390.2;409
11392.4;409
11394.4;409
11396.4;409
11398.4;409
11400.4;409
11402.4;409
11404.4;409
11406.6;409
11408.6;409
11410.6;409
11412.6;409
11414.6;409
11416.6;409
11418.6;409
11420.6;409
11422.6;409
11424.6;409
11426.6;409
11428.6;409
11430.6;409
11432.6;409
11434.6;409
11436.6;409
11438.6;409
11440.6;409
11442.6;409
11444.6;409
11446.8;409
11448.8;409
11450.8;409
11452.8;409
11454.8;409
11456.8;409
11458.8;409
11460.8;409
11463;409
11465;409
11467;409
11469;409
11471;409
11473;409
11475;409
11477.2;409
11479.2;409
11481.2;409
11483.2;409
11485.2;409
11487.2;409
11489.2;409
11491.2;409
11493.2;409
11495.2;409
11497.4;409
11499.4;409
11501.4;409
11503.4;409
11505.4;409
11507.4;409
11509.4;409
11511.4;409
11513.4;409
11515.4;409
11517.4;409
11519.4;409
11521.4;409
11523.4;409
11525.4;409
11527.4;409
11529.4;409
11531.4;409
11533.4;409
11535.6;409
11537.6;409
11539.6;409
11541.6;409
11543.6;409
11545.6;409
11547.6;409
11549.6;409
11551.6;409
11553.6;409
11555.6;409
11557.6;409
11559.6;409
11561.6;409
11563.6;409
11565.6;409
11567.6;409
11569.6;409
11571.8;409
11573.8;409
11575.8;409
11577.8;409
11579.8;409
11581.8;409
11583.8;409
11585.8;409
11587.8;409
11589.8;409
11591.8;409
11593.8;409
11595.8;409
11598;409
11600;409
11602;409
11604;409
11606.2;409
11608.2;409
11610.2;409
11612.2;409
11614.4;409
11616.4;409
11618.6;409
11620.6;409
11622.8;409
11624.8;409
11626.8;409
11629;409
11631;409
11633.2;409
11635.2;409
11637.2;409
11639.2;409
11641.2;409
11643.2;409
11645.2;409
11647.2;409
11649.4;409
11651.4;409
11653.4;409
11655.4;409
11657.6;409
11659.6;409
11661.6;409
11663.6;409
11665.6;409
11667.6;409
11669.6;409
11671.8;409
11673.8;409
11675.8;409
11678;409
11680;409
11682;409
11684;409
11686.2;409
11688.2;409
11690.2;409
11692.2;409
11694.2;409
11696.2;409
11698.2;409
11700.2;409
11702.2;409
11704.2;409
11706.4;409
11708.6;409
11710.6;409
11712.6;409
11714.6;409
11716.6;409
11718.6;409
11720.8;409
11722.8;409
11724.8;409
11726.8;409
11728.8;409
11730.8;409
11732.8;409
11735;409
11737;409
11739;409
11741;409
11743.2;409
11745.4;409
11747.4;409
11749.4;409
11751.4;409
11753.4;409
11755.4;409
11757.4;409
11759.4;409
11761.6;409
11763.8;409
11766;409
11768;409
11770;409
11772;409
11774;409
11776;409
11778;409
11780;409
11782;409
11784;409
11786;409
11788;409
11790;409
11792;409
11794;409
11796;409
11798;409
11800.2;409
11802.2;409
11804.2;409
11806.4;409
11808.4;409
11810.4;409
11812.4;409
11814.4;409
11816.4;409
11818.6;409
11820.6;409
11822.6;409
11824.6;409
11826.6;409
11828.6;409
11830.8;409
11832.8;409
11834.8;409
11836.8;409
11838.8;409
11840.8;409
11842.8;409
11844.8;409
11846.8;409
11848.8;409
11850.8;409
11852.8;409
11854.8;409
11856.8;409
11858.8;409
11860.8;409
11862.8;409
11864.8;409
11866.8;409
11868.8;409
11870.8;409
11872.8;409
11874.8;409
11877;409
11879;409
11881;409
11883;409
11885;409
11887;409
11889;409
11891;409
11893;409
11895.2;409
11897.2;409
11899.2;409
11901.4;409
11903.4;409
11905.4;409
11907.4;409
11909.4;409
11911.4;409
11913.4;409
11915.6;409
11917.6;409
11919.6;409
11921.6;409
11923.6;409
11925.6;409
11927.6;409
11929.6;409
11931.6;409
11933.6;409
11935.6;409
11937.8;409
11939.8;409
11941.8;409
11943.8;409
11945.8;409
11947.8;409
11949.8;409
11951.8;409
11953.8;409
11955.8;409
11958;409
11960;409
11962.2;409
11964.2;409
11966.2;409
11968.2;409
11970.2;409
11972.2;409
11974.2;409
11976.4;409
11978.4;409
11980.4;409
11982.4;409
11984.4;409
11986.4;409
11988.4;409
11990.4;409
11992.4;409
11994.4;409
11996.4;409
11998.4;409
12000.4;409
12002.4;409
12004.4;409
12006.6;409
12008.6;409
12010.6;409
12012.6;409
12014.8;409
12016.8;409
12018.8;409
12020.8;409
12022.8;409
12025;409
12027;409
12029;409
12031.2;409
12033.2;409
12035.2;409
12037.2;409
12039.2;409
12041.2;409
12043.2;409
12045.4;409
12047.4;409
12049.6;409
12051.8;409
12053.8;409
12055.8;409
12057.8;409
12059.8;409
12061.8;409
12063.8;409
12066;409
12068;409
12070;409
12072;409
12074;409
12076;409
12078;409
12080;409
12082;409
12084;409
12086;409
12088;409
12090;409
12092;409
12094;409
12096;409
12098.2;409
12100.2;409
12102.4;409
12104.4;409
12106.4;409
12108.4;409
12110.4;409
12112.4;409
12114.4;409
12116.6;409
12118.6;409
12120.6;409
12122.6;409
12124.6;409
12126.6;409
12128.6;409
12130.6;409
12132.6;409
12134.6;409
12136.6;409
12138.6;409
12140.6;409
12142.6;409
12144.6;409
12146.8;409
12148.8;409
12150.8;409
12152.8;409
12154.8;409
12156.8;409
12158.8;409
12160.8;409
12162.8;409
12164.8;409
12166.8;409
12168.8;409
12170.8;409
12173;409
12175;409
12177.2;409
12179.2;409
12181.4;409
12183.4;409
12185.4;409
12187.4;409
12189.4;409
12191.4;409
12193.4;409
12195.4;409
12197.4;409
12199.6;409
12201.6;409
12203.6;409
12205.6;409
12207.8;409
12209.8;409
12211.8;409
12213.8;409
12215.8;409
12217.8;409
12219.8;409
12221.8;409
12223.8;409
12225.8;409
12228;409
12230;409
12232;409
12234;409
12236;409
12238;409
12240;409
12242;409
12244;409
12246;409
12248.2;409
12250.4;409
12252.6;409
12254.6;409
12256.6;409
12258.6;409
12260.6;409
12262.6;409
12264.6;409
12266.8;409
12268.8;409
12270.8;409
12272.8;409
12275;409
12277.2;409
12279.2;409
12281.2;409
12283.2;409
12285.2;409
12287.2;409
12289.2;409
12291.2;409
12293.2;409
12295.2;409
12297.2;409
12299.2;409
12301.2;409
12303.2;409
12305.2;409
12307.2;409
12309.2;409
12311.4;409
12313.4;409
12315.4;409
12317.4;409
12319.6;409
12321.6;409
12323.6;409
12325.6;409
12327.6;409
12329.6;409
12331.6;409
12333.6;409
12335.6;409
12337.8;409
12339.8;409
12342;409
12344;409
12346;409
12348.2;409
12350.2;409
12352.2;409
12354.2;409
12356.4;409
12358.4;409
12360.4;409
12362.4;409
12364.6;409
12366.6;409
12368.6;409
12370.6;409
12372.8;409
12374.8;409
12377;409
12379;409
12381;409
12383;409
12385;409
12387;409
12389;409
12391;409
12393;409
12395.2;409
12397.2;409
12399.2;409
12401.4;409
12403.4;409
12405.4;409
12407.4;409
12409.4;409
12411.4;409
12413.4;409
12415.4;409
12417.6;409
12419.6;409
12421.6;409
12423.6;409
12425.6;409
12427.8;409
12429.8;409
12431.8;409
12433.8;409
12436;409
12438;409
12440;409
12442;409
12444.2;409
12446.2;409
12448.2;409
12450.4;409
12452.6;409
12454.6;409
12456.6;409
12458.6;409
12460.8;409
12462.8;409
12464.8;409
12466.8;409
12468.8;409
12470.8;409
12472.8;409
12474.8;409
12476.8;409
12478.8;409
12480.8;409
12483;409
12485;409
12487;409
12489;409
12491;409
12493;409
12495;409
12497;409
12499.2;409
12501.2;409
12503.2;409
12505.2;409
12507.2;409
12509.4;409
12511.4;409
12513.4;409
12515.4;409
12517.4;409
12519.4;409
12521.6;409
12523.6;409
12525.8;409
12527.8;409
12529.8;409
12531.8;409
12533.8;409
12535.8;409
12538;409
12540;409
12542;409
12544;409
12546;409
12548;409
12550;409
12552;409
12554;409
12556;409
12558.2;409
12560.2;409
12562.4;409
12564.4;409
12566.4;409
12568.6;409
12570.8;409
12572.8;409
12574.8;409
12576.8;409
12578.8;409
12580.8;409
12582.8;409
12585;409
12587;409
12589;409
12591;409
12593;409
12595;409
12597;409
12599;409
12601;409
12603;409
12605;409
12607;409
12609;409
12611.2;409
12613.4;409
12615.4;409
12617.4;409
12619.4;409
12621.4;409
12623.4;409
12625.4;409
12627.4;409
12629.6;409
12631.6;409
12633.6;409
12635.6;409
12637.6;409
12639.6;409
12641.6;409
12643.8;409
12645.8;409
12647.8;409
12649.8;409
12651.8;409
12653.8;409
12656;409
12658.2;409
12660.2;409
12662.4;409
12664.4;409
12666.4;409
12668.4;409
12670.4;409
12672.4;409
12674.4;409
12676.4;409
12678.4;409
12680.4;409
12682.4;409
12684.4;409
12686.6;409
12688.6;409
12690.6;409
12692.6;409
12694.6;409
12696.6;409
12698.6;409
12700.6;409
12702.6;409
12704.6;409
12706.6;409
12708.8;409
12710.8;409
12712.8;409
12714.8;409
12716.8;409
12718.8;409
12721;409
12723;409
12725.2;409
12727.2;409
12729.2;409
12731.2;409
12733.2;409
12735.2;409
12737.2;409
12739.2;409
12741.2;409
12743.2;409
12745.2;409
12747.2;409
12749.2;409
12751.2;409
12753.2;409
12755.2;409
12757.2;409
12759.2;409
12761.2;409
12763.2;409
12765.4;409
12767.4;409
12769.6;409
12771.6;409
12773.6;409
12775.6;409
12777.6;409
12779.6;409
12781.8;409
12783.8;409
12786;409
12788;409
12790;409
12792;409
12794;275
12796;275
12798;275
12800;275
12802;275
12804;275
12806.2;275
12808.2;275
12810.4;275
12812.4;275
12814.4;275
12816.6;275
12818.6;275
12820.6;275
12822.6;275
12824.6;275
12826.8;275
12828.8;275
12830.8;275
12832.8;275
12834.8;275
12837;275
12839;275
12841;275
12843;275
12845;275
12847;275
12849;275
12851;275
12853;275
12855;275
12857;275
12859;275
12861;275
12863;275
12865;275
12867.2;275
12869.2;275
12871.2;275
12873.4;275
12875.4;275
12877.4;275
12879.4;275
12881.4;275
12883.4;275
12885.4;275
12887.4;275
12889.6;275
12891.8;275
12893.8;275
12895.8;275
12897.8;275
12899.8;275
12901.8;275
12903.8;275
12905.8;275
12907.8;275
12909.8;275
12911.8;275
12913.8;275
12915.8;275
12917.8;275
12919.8;275
12921.8;275
12923.8;275
12925.8;275
12927.8;275
12930;275
12932;275
12934;275
12936.2;275
12938.2;275
12940.2;275
12942.2;275
12944.2;275
12946.2;275
12948.2;275
12950.2;275
12952.2;275
12954.2;275
12956.2;275
12958.2;275
12960.2;275
12962.4;275
12964.4;275
12966.4;275
12968.4;275
12970.4;275
12972.4;275
12974.4;275
12976.4;275
12978.4;275
12980.4;275
12982.4;275
12984.6;275
12986.6;275
12988.6;275
12990.6;275
12992.6;275
12994.6;275
12996.6;275
12998.6;275
13000.6;275
13002.6;275
13004.6;275
13006.6;275
13008.6;275
13010.6;275
13012.6;275
13014.6;275
13016.6;275
13018.8;275
13020.8;275
13022.8;275
13024.8;275
13026.8;275
13028.8;275
13031;275
13033.2;275
13035.2;275
13037.2;275
13039.2;275
13041.2;275
13043.2;275
13045.2;275
13047.2;275
13049.4;275
13051.4;275
13053.4;275
13055.4;275
13057.4;275
13059.4;275
13061.4;275
13063.4;275
13065.4;275
13067.4;275
13069.4;275
13071.4;275
13073.4;275
13075.4;275
13077.4;275
13079.4;275
13081.4;275
13083.4;275
13085.4;275
13087.4;275
13089.4;275
13091.4;275
13093.4;275
13095.4;275
13097.4;275
13099.4;275
13101.4;275
13103.4;275
13105.4;275
13107.6;275
13109.6;275
13111.6;275
13113.6;275
13115.6;275
13117.6;275
13119.6;275
13121.6;275
13123.6;275
13125.6;275
13127.6;275
13129.6;275
13131.6;275
13133.6;275
13135.6;275
13137.8;275
13139.8;275
13141.8;275
13143.8;275
13145.8;275
13147.8;275
13149.8;275
13151.8;275
13153.8;275
13155.8;275
13157.8;275
13159.8;275
13161.8;275
13163.8;275
13165.8;275
13168;275
13170.2;275
13172.2;275
13174.2;275
13176.2;275
13178.2;275
13180.2;275
13182.2;275
13184.2;275
13186.2;275
13188.2;275
13190.2;275
13192.2;275
13194.2;275
13196.2;275
13198.2;275
13200.2;275
13202.2;275
13204.2;275
13206.2;275
13208.2;275
13210.2;275
13212.2;275
13214.2;275
13216.2;275
13218.2;275
13220.2;275
13222.2;275
13224.2;275
13226.2;275
13228.2;275
13230.2;275
13232.4;275
13234.4;275
13236.4;275
13238.4;275
13240.4;275
13242.4;275
13244.4;275
13246.4;275
13248.4;275
13250.4;275
13252.4;275
13254.4;275
13256.4;275
13258.4;275
13260.4;275
13262.4;275
13264.4;275
13266.4;275
13268.4;275
13270.4;275
13272.4;275
13274.4;275
13276.4;275
13278.4;275
13280.4;275
13282.4;275
13284.4;275
13286.4;275
13288.4;275
13290.4;275
13292.4;275
13294.4;275
13296.4;275
13298.4;275
13300.4;275
13302.6;275
13304.6;275
13306.8;275
13308.8;275
13310.8;275
13312.8;275
13314.8;275
13316.8;275
13318.8;275
13320.8;275
13323;275
13325;275
13327;275
13329;275
13331;275
13333;275
13335;275
13337;275
13339;275
13341;275
13343;275
13345;275
13347;275
13349;275
13351;275
13353.2;275
13355.2;275
13357.2;275
13359.2;275
13361.2;275
13363.2;275
13365.2;275
13367.2;275
13369.2;275
13371.2;275
13373.2;275
13375.2;275
13377.2;275
13379.2;275
13381.2;275
13383.2;275
13385.2;275
13387.2;275
13389.2;275
13391.4;275
13393.4;275
13395.4;275
13397.4;275
13399.4;275
13401.4;275
13403.4;275
13405.4;275
13407.4;275
13409.4;275
13411.6;275
13413.6;275
13415.6;275
13417.6;275
13419.6;275
13421.8;275
13423.8;275
13426;275
13428;275
13430;275
13432;275
13434;275
13436;275
13438;275
13440;275
13442;275
13444;275
13446;275
13448;275
13450;275
13452;275
13454;275
13456.2;275
13458.4;275
13460.4;275
13462.4;275
13464.4;275
13466.4;275
13468.4;275
13470.4;275
13472.4;275
13474.4;275
13476.4;275
13478.4;275
13480.4;275
13482.4;275
13484.4;275
13486.4;275
13488.4;275
13490.4;275
13492.4;275
13494.6;275
13496.6;275
13498.6;275
13500.6;275
13502.6;275
13504.6;275
13506.6;275
13508.6;275
13510.6;275
13512.6;275
13514.8;275
13516.8;275
13519;275
13521;275
13523;275
13525;275
13527;275
13529;275
13531;275
13533;275
13535.2;275
13537.4;275
13539.4;275
13541.4;275
13543.4;275
13545.4;275
13547.4;275
13549.4;275
13551.4;275
13553.4;275
13555.4;275
13557.4;275
13559.4;275
13561.4;275
13563.4;275
13565.4;275
13567.4;275
13569.4;275
13571.4;275
13573.4;275
13575.4;275
13577.4;275
13579.4;275
13581.4;275
13583.4;275
13585.6;275
13587.6;275
13589.6;275
13591.6;275
13593.6;275
13595.8;275
13597.8;275
13600;275
13602;275
13604;275
13606;275
13608;275
13610;275
13612.2;275
13614.2;275
13616.2;275
13618.2;275
13620.2;275
13622.2;275
13624.2;275
13626.2;275
13628.2;275
13630.2;275
13632.2;275
13634.2;275
13636.4;275
13638.4;275
13640.6;275
13642.6;275
13644.6;275
13646.8;275
13648.8;275
13650.8;275
13652.8;275
13654.8;275
13656.8;275
13658.8;275
13660.8;275
13663;275
13665.2;275
13667.4;275
13669.4;275
13671.4;275
13673.6;275
13675.6;275
13677.6;275
13679.6;275
13681.8;275
13683.8;275
13685.8;275
13687.8;275
13689.8;275
13691.8;275
13694;275
13696;275
13698;275
13700;275
13702.2;275
13704.2;273
13706.2;273
13708.2;273
13710.4;273
13712.4;273
13714.4;273
13716.4;273
13718.4;273
13720.4;273
13722.4;273
13724.4;273
13726.4;273
13728.4;273
13730.4;273
13732.4;273
13734.4;273
13736.4;273
13738.4;273
13740.6;273
13742.8;273
13745;273
13747;273
13749.2;273
13751.2;273
13753.2;273
13755.2;273
13757.2;273
13759.4;273
13761.4;273
13763.4;273
13765.6;273
13767.6;273
13769.6;273
13771.6;273
13773.6;273
13775.6;273
13777.8;273
13779.8;273
13781.8;273
13783.8;273
13785.8;273
13787.8;273
13789.8;273
13791.8;273
13793.8;273
13795.8;273
13797.8;273
13799.8;273
13801.8;273
13803.8;273
13805.8;273
13807.8;273
13809.8;273
13811.8;273
13814;273
13816;273
13818;273
13820;273
13822;273
13824;273
13826.2;273
13828.2;273
13830.4;273
13832.4;273
13834.4;273
13836.4;273
13838.4;273
13840.4;273
13842.4;273
13844.4;273
13846.4;273
13848.4;273
13850.4;273
13852.4;273
13854.4;273
13856.4;273
13858.4;273
13860.4;273
13862.4;273
13864.4;273
13866.4;273
13868.4;273
13870.4;273
13872.4;273
13874.4;273
13876.4;273
13878.4;273
13880.4;273
13882.4;273
13884.4;273
13886.4;273
13888.4;273
13890.4;273
13892.4;273
13894.4;273
13896.4;273
13898.4;273
13900.6;273
13902.6;273
13904.8;273
13906.8;273
13908.8;273
13910.8;273
13913;273
13915;273
13917;273
13919;273
13921;273
13923;273
13925;273
13927;273
13929;273
13931;273
13933;273
13935;273
13937;273
13939;273
13941;273
13943;273
13945;273
13947.2;273
13949.2;273
13951.4;273
13953.4;273
13955.4;273
13957.4;273
13959.4;273
13961.4;273
13963.4;273
13965.4;273
13967.4;273
13969.4;273
13971.4;273
13973.4;273
13975.4;273
13977.4;273
13979.6;273
13981.6;273
13983.6;273
13985.6;273
13987.6;273
13989.6;273
13991.6;273
13993.6;273
13995.6;273
13997.8;273
13999.8;273
14001.8;273
14004;273
14006.2;273
14008.4;273
14010.4;273
14012.4;273
14014.4;273
14016.4;273
14018.4;273
14020.4;273
14022.4;273
14024.4;273
14026.4;273
14028.6;273
14030.6;273
14032.8;273
14034.8;273
14036.8;273
14038.8;273
14040.8;273
14042.8;273
14044.8;273
14046.8;273
14048.8;273
14050.8;273
14052.8;273
14054.8;273
14056.8;273
14059;273
14061;273
14063;273
14065.2;273
14067.2;273
14069.2;273
14071.2;273
14073.2;273
14075.2;273
14077.2;273
14079.2;273
14081.2;273
14083.2;273
14085.2;273
14087.2;273
14089.2;273
14091.2;273
14093.2;273
14095.2;273
14097.4;273
14099.4;273
14101.4;273
14103.4;273
14105.4;273
14107.4;273
14109.4;273
14111.4;273
14113.6;273
14115.6;273
14117.6;273
14119.6;273
14121.6;273
14123.8;273
14125.8;273
14127.8;273
14129.8;273
14132;273
14134;273
14136.2;273
14138.2;273
14140.2;273
14142.4;273
14144.4;273
14146.4;273
14148.6;273
14150.6;273
14152.6;273
14154.6;273
14156.6;273
14158.6;273
14160.6;273
14162.6;273
14164.8;273
14166.8;273
14168.8;273
14170.8;273
14173;273
14175;273
14177;273
14179;273
14181;273
14183.2;273
14185.2;273
14187.2;273
14189.2;273
14191.2;273
14193.4;273
14195.4;273
14197.4;273
14199.4;273
14201.4;273
14203.4;273
14205.4;273
14207.4;273
14209.6;273
14211.6;273
14213.6;273
14215.8;273
14217.8;273
14219.8;273
14221.8;273
14223.8;273
14225.8;273
14227.8;273
14230;273
14232;273
14234;273
14236;273
14238;273
14240;273
14242;273
14244;273
14246;273
14248;273
14250;273
14252.2;273
14254.2;273
14256.2;273
14258.2;273
14260.2;273
14262.4;273
14264.4;273
14266.4;273
14268.4;273
14270.4;273
14272.4;273
14274.4;273
14276.4;273
14278.4;273
14280.4;273
14282.4;273
14284.6;273
14286.6;273
14288.6;273
14290.8;273
14292.8;273
14294.8;273
14296.8;273
14298.8;273
14300.8;273
14302.8;273
14304.8;273
14306.8;273
14309;273
14311;273
14313;273
14315;273
14317;273
14319;273
14321;273
14323;273
14325;273
14327;273
14329;273
14331;273
14333;273
14335;273
14337;273
14339;273
14341;273
14343;273
14345;273
14347;273
14349;273
14351;273
14353;273
14355;273
14357;273
14359;273
14361;273
14363;273
14365;273
14367;273
14369;273
14371;273
14373;273
14375;273
14377;273
14379;273
14381;273
14383;273
14385;273
14387;273
14389.2;273
14391.2;273
14393.2;273
14395.2;273
14397.2;273
14399.2;273
14401.2;273
14403.2;273
14405.2;273
14407.2;273
14409.2;273
14411.2;273
14413.2;273
14415.2;273
14417.2;273
14419.4;273
14421.4;273
14423.4;273
14425.4;273
14427.4;273
14429.4;273
14431.4;273
14433.4;273
14435.4;273
14437.4;273
14439.6;273
14441.6;273
14443.8;273
14445.8;273
14448;273
14450;273
14452;273
14454;273
14456;273
14458;273
14460;273
14462;273
14464;273
14466;273
14468;273
14470.2;273
14472.4;273
14474.4;273
14476.4;273
14478.4;273
14480.4;273
14482.4;273
14484.4;273
14486.4;273
14488.4;273
14490.4;273
14492.6;273
14494.8;273
14496.8;273
14498.8;273
14500.8;273
14502.8;273
14504.8;273
14506.8;273
14508.8;273
14510.8;273
14512.8;273
14514.8;273
14516.8;273
14518.8;273
14520.8;273
14523;273
14525.2;273
14527.2;273
14529.2;273
14531.2;273
14533.4;273
14535.4;273
14537.6;273
14539.6;273
14541.6;273
14543.6;273
14545.6;273
14547.6;273
14549.6;273
14551.6;273
14553.6;273
14555.6;273
14557.6;273
14559.6;273
14561.6;273
14563.6;273
14565.8;273
14567.8;273
14569.8;273
14571.8;273
14573.8;273
14575.8;273
14577.8;273
14579.8;273
14581.8;273
14584;273
14586;273
14588;273
14590;273
14592;273
14594.2;273
14596.2;273
14598.2;273
14600.2;273
14602.2;273
14604.2;273
14606.4;273
14608.4;273
14610.6;273
14612.6;273
14614.6;273
14616.6;257
14618.6;257
14620.6;257
14622.6;257
14624.8;257
14626.8;257
14628.8;257
14630.8;257
14632.8;257
14634.8;257
14636.8;257
14638.8;257
14640.8;257
14642.8;257
14645;257
14647;257
14649;257
14651;257
14653;257
14655.2;257
14657.4;257
14659.4;257
14661.4;257
14663.4;257
14665.4;257
14667.4;257
14669.6;257
14671.6;257
14673.6;257
14675.6;257
14677.6;257
14679.6;257
14681.6;257
14683.6;257
14685.6;257
14687.6;257
14689.6;257
14691.6;257
14693.6;257
14695.6;257
14697.6;257
14699.6;257
14701.6;257
14703.6;257
14705.8;257
14707.8;257
14709.8;257
14711.8;257
14713.8;257
14715.8;257
14717.8;257
14719.8;257
14721.8;257
14723.8;257
14725.8;257
14727.8;257
14729.8;257
14732;257
14734;257
14736;257
14738;257
14740;257
14742;257
14744;257
14746;257
14748.2;257
14750.2;257
14752.2;257
14754.4;257
14756.4;257
14758.4;257
14760.4;257
14762.6;257
14764.6;257
14766.6;257
14768.6;257
14770.6;257
14772.6;257
14774.6;257
14776.6;257
14778.8;257
14780.8;257
14782.8;257
14784.8;257
14787;257
14789;257
14791.2;257
14793.2;257
14795.2;257
14797.2;257
14799.2;257
14801.2;257
14803.2;257
14805.2;257
14807.2;257
14809.2;257
14811.2;257
14813.2;257
14815.2;257
14817.2;257
14819.2;257
14821.2;257
14823.2;257
14825.2;257
14827.2;257
14829.2;257
14831.4;257
14833.4;257
14835.4;257
14837.4;257
14839.4;257
14841.4;257
14843.4;257
14845.4;257
14847.6;257
14849.6;257
14851.6;257
14853.6;257
14855.6;257
14857.6;257
14859.6;257
14861.6;257
14863.6;257
14865.6;257
14867.8;257
14869.8;257
14871.8;257
14874;257
14876;257
14878;257
14880;257
14882;257
14884.2;257
14886.4;257
14888.4;257
14890.4;257
14892.4;257
14894.4;257
14896.4;257
14898.6;257
14900.6;257
14902.6;257
14904.6;257
14906.6;257
14908.6;257
14910.6;257
14912.6;257
14914.6;257
14916.6;257
14918.6;257
14920.6;257
14922.6;257
14924.6;257
14926.6;257
14928.6;257
14930.6;257
14932.6;257
14934.6;257
14936.6;257
14938.6;257
14940.6;257
14942.6;257
14944.6;257
14946.6;257
14948.6;257
14950.6;257
14952.6;257
14954.6;257
14956.6;257
14958.6;257
14960.6;257
14962.6;257
14964.6;257
14966.6;257
14968.6;257
14970.6;257
14972.6;257
14974.8;257
14976.8;257
14978.8;257
14980.8;257
14982.8;257
14985;257
14987;257
14989;257
14991.2;257
14993.2;257
14995.2;257
14997.2;257
14999.2;257
15001.2;257
15003.4;257
15005.4;257
15007.4;257
15009.6;257
15011.6;257
15013.6;257
15015.6;257
15017.6;257
15019.6;257
15021.6;257
15023.6;257
15025.6;257
15027.6;257
15029.6;257
15031.6;257
15033.6;257
15035.6;257
15037.6;257
15039.6;257
15041.8;257
15043.8;257
15045.8;257
15047.8;257
15049.8;257
15051.8;257
15053.8;257
15055.8;257
15057.8;257
15060;257
15062;257
15064;257
15066;257
15068;257
15070;257
15072;257
15074;257
15076;257
15078;257
15080;257
15082;257
15084;257
15086.2;257
15088.4;257
15090.6;257
15092.6;257
15094.6;257
15096.6;257
15098.6;257
15100.6;257
15102.6;257
15104.6;257
15106.6;257
15108.6;257
15110.6;257
15112.6;257
15114.6;257
15116.6;257
15118.6;257
15120.8;257
15122.8;257
15125;257
15127;257
15129;257
15131.2;257
15133.2;257
15135.4;257
15137.4;257
15139.4;257
15141.4;257
15143.4;257
15145.4;257
15147.4;257
15149.4;257
15151.6;257
15153.8;257
15155.8;257
15158;257
15160;257
15162;257
15164;257
15166;257
15168.2;257
15170.2;257
15172.2;257
15174.2;257
15176.4;257
15178.4;257
15180.4;257
15182.4;257
15184.4;257
15186.4;257
15188.4;257
15190.4;257
15192.4;257
15194.4;257
15196.4;257
15198.4;257
15200.4;257
15202.4;257
15204.4;257
15206.4;257
15208.6;257
15210.6;257
15212.6;257
15214.6;257
15216.8;257
15218.8;257
15220.8;257
15222.8;257
15224.8;257
15226.8;257
15228.8;257
15230.8;257
15232.8;257
15234.8;257
15236.8;257
15238.8;257
15240.8;257
15242.8;257
15245;257
15247.2;257
15249.2;257
15251.2;257
15253.2;257
15255.2;257
15257.4;257
15259.4;257
15261.6;257
15263.6;257
15265.6;257
15267.6;257
15269.6;257
15271.8;257
15273.8;257
15276;257
15278.2;257
15280.2;257
15282.2;257
15284.2;257
15286.2;257
15288.2;257
15290.2;257
15292.2;257
15294.4;257
15296.6;257
15298.6;257
15300.6;257
15302.6;257
15304.6;257
15306.6;257
15308.6;257
15310.6;257
15312.6;257
15314.6;257
15316.8;257
15318.8;257
15320.8;257
15322.8;257
15324.8;257
15326.8;257
15328.8;257
15330.8;257
15332.8;257
15334.8;257
15336.8;257
15338.8;257
15340.8;257
15343;257
15345;257
15347.2;257
15349.2;257
15351.2;257
15353.2;257
15355.2;257
15357.4;257
15359.4;257
15361.4;257
15363.4;257
15365.6;257
15367.6;257
15369.6;257
15371.6;257
15373.8;257
15375.8;257
15377.8;257
15379.8;257
15382;257
15384;257
15386;257
15388.2;257
15390.2;257
15392.2;257
15394.2;257
15396.2;257
15398.2;257
15400.2;257
15402.2;257
15404.2;257
15406.2;257
15408.2;257
15410.2;257
15412.2;257
15414.2;257
15416.2;257
15418.2;257
15420.2;257
15422.2;257
15424.2;257
15426.2;257
15428.2;257
15430.2;257
15432.2;257
15434.2;257
15436.2;257
15438.2;257
15440.2;257
15442.2;257
15444.2;257
15446.2;257
15448.2;257
15450.2;257
15452.4;257
15454.4;257
15456.4;257
15458.4;257
15460.4;257
15462.4;257
15464.6;257
15466.6;257
15468.6;257
15470.6;257
15472.8;257
15474.8;257
15476.8;257
15478.8;257
15480.8;257
15482.8;257
15484.8;257
15486.8;257
15489;257
15491;257
15493;257
15495;257
15497;257
15499;257
15501;257
15503.2;257
15505.2;257
15507.2;257
15509.2;257
15511.4;257
15513.4;257
15515.4;257
15517.4;257
15519.4;257
15521.4;257
15523.4;257
15525.4;257
15527.4;257
15529.4;409
15531.4;409
15533.4;409
15535.4;409
15537.4;409
15539.6;409
15541.6;409
15543.6;409
15545.6;409
15547.8;409
15550;409
15552;409
15554;409
15556;409
15558;409
15560;409
15562;409
15564;409
15566.2;409
15568.2;409
15570.2;409
15572.2;409
15574.2;409
15576.2;409
15578.2;409
15580.2;409
15582.2;409
15584.2;409
15586.2;409
15588.2;409
15590.2;409
15592.2;409
15594.2;409
15596.2;409
15598.2;409
15600.2;409
15602.2;409
15604.2;409
15606.2;409
15608.2;409
15610.2;409
15612.2;409
15614.2;409
15616.4;409
15618.6;409
15620.6;409
15622.6;409
15624.6;409
15626.6;409
15628.8;409
15630.8;409
15632.8;409
15634.8;409
15636.8;409
15638.8;409
15640.8;409
15642.8;409
15644.8;409
15646.8;409
15649;409
15651;409
15653;409
15655.2;409
15657.2;409
15659.2;409
15661.2;409
15663.2;409
15665.2;409
15667.2;409
15669.2;409
15671.2;409
15673.2;409
15675.4;409
15677.4;409
15679.4;409
15681.4;409
15683.4;409
15685.4;409
15687.4;409
15689.4;409
15691.4;409
15693.4;409
15695.4;409
15697.4;409
15699.4;409
15701.6;409
15703.6;409
15705.6;409
15707.6;409
15709.6;409
15711.6;409
15713.8;409
15715.8;409
15717.8;409
15719.8;409
15721.8;409
15723.8;409
15725.8;409
15727.8;409
15729.8;409
15731.8;409
15733.8;409
15736;409
15738;409
15740;409
15742;409
15744;409
15746;409
15748;409
15750;409
15752;409
15754;409
15756;409
15758;409
15760;409
15762;409
15764;409
15766.2;409
15768.2;409
15770.2;409
15772.2;409
15774.2;409
15776.2;409
15778.2;409
15780.2;409
15782.2;409
15784.2;409
15786.2;409
15788.4;409
15790.4;409
15792.4;409
15794.4;409
15796.4;409
15798.4;409
15800.4;409
15802.4;409
15804.4;409
15806.4;409
15808.4;409
15810.6;409
15812.6;409
15814.6;409
15816.6;409
15818.6;409
15820.8;409
15822.8;409
15824.8;409
15827;409
15829;409
15831.2;409
15833.4;409
15835.4;409
15837.4;409
15839.4;409
15841.4;409
15843.4;409
15845.4;409
15847.6;409
15849.6;409
15851.6;409
15853.6;409
15855.6;409
15857.6;409
15859.6;409
15861.6;409
15863.6;409
15865.6;409
15867.6;409
15869.6;409
15871.6;409
15873.6;409
15875.6;409
15877.6;409
15879.8;409
15881.8;409
15883.8;409
15885.8;409
15887.8;409
15889.8;409
15891.8;409
15893.8;409
15895.8;409
15897.8;409
15899.8;409
15901.8;409
15903.8;409
15905.8;409
15907.8;409
15909.8;409
15911.8;409
15914;409
15916.2;409
15918.2;409
15920.2;409
15922.2;409
15924.2;409
15926.2;409
15928.2;409
15930.4;409
15932.4;409
15934.6;409
15936.6;409
15938.6;409
15940.6;409
15942.6;409
15944.6;409
15946.6;409
15948.6;409
15950.6;409
15952.6;409
15954.6;409
15956.6;409
15958.6;409
15960.8;409
15962.8;409
15965;409
15967;409
15969;409
15971;409
15973;409
15975.2;409
15977.2;409
15979.2;409
15981.2;409
15983.2;409
15985.2;409
15987.2;409
15989.2;409
15991.2;409
15993.2;409
15995.2;409
15997.4;409
15999.4;409
16001.4;409
16003.4;409
16005.4;409
16007.4;409
16009.4;409
16011.4;409
16013.4;409
16015.6;409
16017.8;409
16019.8;409
16022;409
16024;409
16026;409
16028;409
16030;409
16032;409
16034;409
16036;409
16038;409
16040;409
16042;409
16044;409
16046;409
16048;409
16050;409
16052;409
16054;409
16056.2;409
16058.2;409
16060.4;409
16062.4;409
16064.4;409
16066.4;409
16068.4;409
16070.4;409
16072.4;409
16074.4;409
16076.4;409
16078.4;409
16080.4;409
16082.4;409
16084.4;409
16086.4;409
16088.4;409
16090.4;409
16092.4;409
16094.4;409
16096.4;409
16098.4;409
16100.4;409
16102.4;409
16104.4;409
16106.4;409
16108.4;409
16110.4;409
16112.4;409
16114.4;409
16116.4;409
16118.4;409
16120.6;409
16122.6;409
16124.8;409
16127;409
16129;409
16131;409
16133.2;409
16135.2;409
16137.2;409
16139.2;409
16141.2;409
16143.4;409
16145.6;409
16147.8;409
16149.8;409
16151.8;409
16153.8;409
16155.8;409
16158;409
16160.2;409
16162.4;409
16164.4;409
16166.4;409
16168.4;409
16170.4;409
16172.4;409
16174.4;409
16176.6;409
16178.6;409
16180.6;409
16182.6;409
16184.6;409
16186.6;409
16188.6;409
16190.6;409
16192.8;409
16195;409
16197;409
16199;409
16201;409
16203;409
16205;409
16207;409
16209;409
16211;409
16213;409
16215;409
16217;409
16219;409
16221;409
16223;409
16225;409
16227.2;409
16229.2;409
16231.2;409
16233.4;409
16235.6;409
16237.6;409
16239.6;409
16241.6;409
16243.6;409
16245.6;409
16247.6;409
16249.6;409
16251.8;409
16253.8;409
16255.8;409
16257.8;409
16259.8;409
16261.8;409
16263.8;409
16265.8;409
16267.8;409
16269.8;409
16271.8;409
16274;409
16276;409
16278;409
16280;409
16282.2;409
16284.2;409
16286.4;409
16288.4;409
16290.4;409
16292.4;409
16294.6;409
16296.6;409
16298.8;409
16300.8;409
16302.8;409
16305;409
16307;409
16309;409
16311;409
16313;409
16315;409
16317;409
16319;409
16321;409
16323.2;409
16325.2;409
16327.2;409
16329.4;409
16331.4;409
16333.4;409
16335.4;409
16337.4;409
16339.4;409
16341.4;409
16343.4;409
16345.4;409
16347.4;409
16349.4;409
16351.4;409
16353.4;409
16355.4;409
16357.4;409
16359.4;409
16361.6;409
16363.6;409
16365.8;409
16367.8;409
16369.8;409
16371.8;409
16373.8;409
16375.8;409
16377.8;409
16380;409
16382;409
16384.2;409
16386.2;409
16388.4;409
16390.4;409
16392.4;409
16394.4;409
16396.4;409
16398.4;409
16400.6;409
16402.6;409
16404.6;409
16406.6;409
16408.6;409
16410.6;409
16412.6;409
16414.6;409
16416.6;409
16418.8;409
16420.8;409
16422.8;409
16424.8;409
16426.8;409
16428.8;409
16430.8;409
16432.8;409
16435;409
16437;409
16439;409
16441;409
16443;512
16445;512
16447;512
16449;512
16451.2;512
16453.2;512
16455.2;512
16457.2;512
16459.2;512
16461.2;512
16463.2;512
16465.2;512
16467.2;512
16469.4;512
16471.6;512
16473.6;512
16475.6;512
16477.6;512
16479.6;512
16481.6;512
16483.8;512
16485.8;512
16487.8;512
16489.8;512
16491.8;512
16493.8;512
16495.8;512
16497.8;512
16500;512
16502;512
16504.2;512
16506.4;512
16508.4;512
16510.4;512
16512.4;512
16514.4;512
16516.4;512
16518.6;512
16520.6;512
16522.6;512
16524.6;512
16526.6;512
16528.6;512
16530.6;512
16532.8;512
16534.8;512
16536.8;512
16538.8;512
16540.8;512
16543;512
16545;512
16547;512
16549;512
16551.2;512
16553.4;512
16555.4;512
16557.4;512
16559.4;512
16561.4;512
16563.4;512
16565.4;512
16567.4;512
16569.4;512
16571.4;512
16573.4;512
16575.4;512
16577.4;512
16579.4;512
16581.4;512
16583.4;512
16585.6;512
16587.6;512
16589.6;512
16591.6;512
16593.8;512
16595.8;512
16598;512
16600;512
16602;512
16604;512
16606;512
16608;512
16610;512
16612;512
16614.2;512
16616.2;512
16618.2;512
16620.2;512
16622.2;512
16624.2;512
16626.2;512
16628.2;512
16630.2;512
16632.4;512
16634.6;512
16636.6;512
16638.6;512
16640.6;512
16642.6;512
16644.6;512
16646.6;512
16648.6;512
16650.6;512
16652.6;512
16654.6;512
16656.6;512
16658.6;512
16660.6;512
16662.6;512
16664.6;512
16666.6;512
16668.8;512
16671;512
16673;512
16675;512
16677;512
16679.2;512
16681.4;512
16683.4;512
16685.4;512
16687.4;512
16689.6;512
16691.6;512
16693.6;512
16695.8;512
16697.8;512
16699.8;512
16701.8;512
16703.8;512
16705.8;512
16707.8;512
16709.8;512
16711.8;512
16713.8;512
16715.8;512
16717.8;512
16719.8;512
16721.8;512
16723.8;512
16725.8;512
16727.8;512
16730;512
16732;512
16734;512
16736.2;512
16738.2;512
16740.2;512
16742.2;512
16744.4;512
16746.4;512
16748.4;512
16750.4;512
16752.4;512
16754.4;512
16756.4;512
16758.4;512
16760.4;512
16762.6;512
16764.6;512
16766.6;512
16768.6;512
16770.6;512
16772.6;512
16774.6;512
16776.8;512
16778.8;512
16780.8;512
16782.8;512
16784.8;512
16786.8;512
16788.8;512
16791;512
16793.2;512
16795.2;512
16797.2;512
16799.2;512
16801.2;512
16803.2;512
16805.4;512
16807.4;512
16809.6;512
16811.8;512
16813.8;512
16815.8;512
16817.8;512
16819.8;512
16821.8;512
16824;512
16826;512
16828;512
16830;512
16832;512
16834;512
16836.2;512
16838.2;512
16840.2;512
16842.2;512
16844.2;512
16846.2;512
16848.4;512
16850.4;512
16852.4;512
16854.6;512
16856.6;512
16858.6;512
16860.6;512
16862.6;512
16864.6;512
16866.6;512
16868.6;512
16870.8;512
16873;512
16875.2;512
16877.2;512
16879.2;512
16881.2;512
16883.2;512
16885.4;512
16887.4;512
16889.4;512
16891.4;512
16893.4;512
16895.4;512
16897.4;512
16899.4;512
16901.4;512
16903.4;512
16905.4;512
16907.4;512
16909.4;512
16911.4;512
16913.4;512
16915.4;512
16917.6;512
16919.8;512
16921.8;512
16923.8;512
16926;512
16928;512
16930;512
16932.2;512
16934.2;512
16936.2;512
16938.2;512
16940.4;512
16942.4;512
16944.6;512
16946.8;512
16949;512
16951;512
16953;512
16955;512
16957;512
16959;512
16961;512
16963.2;512
16965.2;512
16967.2;512
16969.2;512
16971.2;512
16973.2;512
16975.2;512
16977.2;512
16979.2;512
16981.2;512
16983.4;512
16985.4;512
16987.4;512
16989.4;512
16991.4;512
16993.4;512
16995.4;512
16997.4;512
16999.4;512
17001.4;512
17003.4;512
17005.4;512
17007.4;512
17009.6;512
17011.6;512
17013.6;512
17015.6;512
17017.6;512
17019.6;512
17021.6;512
17023.8;512
17025.8;512
17027.8;512
17029.8;512
17031.8;512
17033.8;512
17035.8;512
17037.8;512
17040;512
17042;512
17044;512
17046;512
17048;512
17050;512
17052;512
17054;512
17056;512
17058;512
17060;512
17062.2;512
17064.2;512
17066.2;512
17068.2;512
17070.4;512
17072.4;512
17074.4;512
17076.4;512
17078.4;512
17080.4;512
17082.4;512
17084.4;512
17086.6;512
17088.8;512
17091;512
17093.2;512
17095.2;512
17097.2;512
17099.2;512
17101.2;512
17103.2;512
17105.2;512
17107.2;512
17109.2;512
17111.2;512
17113.2;512
17115.4;512
17117.6;512
17119.6;512
17121.6;512
17123.6;512
17125.6;512
17127.6;512
17129.6;512
17131.6;512
17133.6;512
17135.6;512
17137.8;512
17139.8;512
17142;512
17144;512
17146;512
17148;512
17150;512
17152;512
17154;512
17156;512
17158;512
17160;512
17162;512
17164;512
17166;512
17168;512
17170;512
17172;512
17174;512
17176.2;512
17178.2;512
17180.2;512
17182.4;512
17184.4;512
17186.4;512
17188.4;512
17190.4;512
17192.6;512
17194.6;512
17196.6;512
17198.6;512
17200.6;512
17202.8;512
17204.8;512
17206.8;512
17208.8;512
17210.8;512
17213;512
17215.2;512
17217.2;512
17219.2;512
17221.2;512
17223.2;512
17225.2;512
17227.2;512
17229.2;512
17231.2;512
17233.2;512
17235.2;512
17237.2;512
17239.2;512
17241.2;512
17243.2;512
17245.2;512
17247.2;512
17249.2;512
17251.4;512
17253.6;512
17255.8;512
17257.8;512
17259.8;512
17261.8;512
17263.8;512
17265.8;512
17267.8;512
17269.8;512
17271.8;512
17273.8;512
17275.8;512
17278;512
17280;512
17282;512
17284;512
17286;512
17288;512
17290;512
17292.2;512
17294.2;512
17296.2;512
17298.2;512
17300.2;512
17302.2;512
17304.4;512
17306.6;512
17308.6;512
17310.6;512
17312.6;512
17314.8;512
17316.8;512
17318.8;512
17320.8;512
17322.8;512
17324.8;512
17326.8;512
17328.8;512
17330.8;512
17333;512
17335;512
17337;512
17339;512
17341;512
17343;512
17345;512
17347;512
17349;512
17351;512
17353;512
17355;512
17357;512
17359;274
17361;274
17363;274
17365;274
17367;274
17369.2;274
17371.2;274
17373.2;274
17375.2;274
17377.2;274
17379.2;274
17381.2;274
17383.2;274
17385.2;274
17387.4;274
17389.4;274
17391.4;274
17393.4;274
17395.4;274
17397.4;274
17399.4;274
17401.6;274
17403.8;274
17405.8;274
17408;274
17410;274
17412.2;274
17414.4;274
17416.4;274
17418.4;274
17420.4;274
17422.4;274
17424.6;274
17426.6;274
17428.6;274
17430.6;274
17432.6;274
17434.6;274
17436.6;274
17438.6;274
17440.6;274
17442.6;274
17444.6;274
17446.6;274
17448.6;274
17450.6;274
17452.6;274
17454.6;274
17456.6;274
17458.6;274
17460.6;274
17462.6;274
17464.6;274
17466.6;274
17468.6;274
17470.6;274
17472.6;274
17474.8;274
17476.8;274
17478.8;274
17480.8;274
17482.8;274
17484.8;274
17486.8;274
17488.8;274
17490.8;274
17493;274
17495;274
17497;274
17499;274
17501;274
17503;274
17505;274
17507;274
17509;274
17511;274
17513;274
17515;274
17517.2;274
17519.2;274
17521.2;274
17523.2;274
17525.2;274
17527.2;274
17529.2;274
17531.2;274
17533.2;274
17535.2;274
17537.2;274
17539.2;274
17541.2;274
17543.2;274
17545.2;274
17547.2;274
17549.4;274
17551.6;274
17553.6;274
17555.6;274
17557.6;274
17559.6;274
17561.6;274
17563.8;274
17565.8;274
17567.8;274
17569.8;274
17571.8;274
17574;274
17576;274
17578;274
17580;274
17582;274
17584;274
17586;274
17588;274
17590;274
17592;274
17594;274
17596;274
17598;274
17600;274
17602.2;274
17604.2;274
17606.2;274
17608.2;274
17610.4;274
17612.4;274
17614.4;274
17616.4;274
17618.4;274
17620.4;274
17622.4;274
17624.4;274
17626.4;274
17628.4;274
17630.4;274
17632.4;274
17634.4;274
17636.4;274
17638.4;274
17640.4;274
17642.4;274
17644.4;274
17646.4;274
17648.4;274
17650.4;274
17652.4;274
17654.4;274
17656.4;274
17658.4;274
17660.4;274
17662.4;274
17664.4;274
17666.4;274
17668.4;274
17670.4;274
17672.4;274
17674.4;274
17676.4;274
17678.4;274
17680.4;274
17682.4;274
17684.4;274
17686.4;274
17688.4;274
17690.4;274
17692.4;274
17694.6;274
17696.6;274
17698.6;274
17700.8;274
17702.8;274
17705;274
17707;274
17709;274
17711.2;274
17713.2;274
17715.2;274
17717.2;274
17719.2;274
17721.2;274
17723.2;274
17725.2;274
17727.2;274
17729.4;274
17731.4;274
17733.4;274
17735.4;274
17737.4;274
17739.6;274
17741.6;274
17743.6;274
17745.6;274
17747.6;274
17749.6;274
17751.6;274
17753.6;274
17755.6;274
17757.6;274
17759.6;274
17761.6;274
17763.6;274
17765.6;274
17767.8;274
17769.8;274
17771.8;274
17773.8;274
17775.8;274
17777.8;274
17779.8;274
17781.8;274
17784;274
17786;274
17788;274
17790;274
17792.2;274
17794.2;274
17796.2;274
17798.2;274
17800.2;274
17802.2;274
17804.4;274
17806.6;274
17808.8;274
17810.8;274
17812.8;274
17814.8;274
17816.8;274
17818.8;274
17820.8;274
17822.8;274
17824.8;274
17827;274
17829;274
17831;274
17833;274
17835.2;274
17837.2;274
17839.2;274
17841.2;274
17843.2;274
17845.2;274
17847.2;274
17849.2;274
17851.2;274
17853.2;274
17855.4;274
17857.6;274
17859.6;274
17861.6;274
17863.6;274
17865.6;274
17867.6;274
17869.6;274
17871.6;274
17873.6;274
17875.6;274
17877.6;274
17879.8;274
17882;274
17884;274
17886;274
17888;274
17890;274
17892;274
17894;274
17896;274
17898;274
17900;274
17902;274
17904.2;274
17906.2;274
17908.2;274
17910.2;274
17912.2;274
17914.2;274
17916.2;274
17918.2;274
17920.2;274
17922.2;274
17924.2;274
17926.2;274
17928.2;274
17930.2;274
17932.2;274
17934.2;274
17936.2;274
17938.2;274
17940.2;274
17942.2;274
17944.4;274
17946.4;274
17948.4;274
17950.4;274
17952.4;274
17954.4;274
17956.4;274
17958.4;274
17960.4;274
17962.4;274
17964.4;274
17966.6;274
17968.6;274
17970.8;274
17972.8;274
17974.8;274
17976.8;274
17979;274
17981;274
17983;274
17985;274
17987;274
17989;274
17991.2;274
17993.2;274
17995.2;274
17997.2;274
