#	X	Y
2.35402;287
4.35401;287
6.35401;287
8.35401;287
10.554;287
12.554;287
14.554;287
16.554;287
18.554;287
20.754;287
22.754;287
24.754;287
26.754;287
28.954;287
30.954;287
32.954;287
34.954;287
36.954;287
38.954;287
40.954;287
42.954;287
44.954;287
46.954;287
48.954;287
50.954;287
53.154;287
55.154;287
57.154;287
59.154;287
61.154;287
63.154;287
65.154;287
67.354;287
69.354;287
71.354;287
73.354;287
75.354;287
77.354;287
79.354;287
81.354;287
83.354;287
85.354;287
87.354;287
89.354;287
91.554;287
93.554;287
95.754;287
97.754;287
99.754;287
101.954;287
103.954;287
105.954;287
107.954;287
109.954;287
112.154;287
114.154;287
116.154;287
118.154;287
120.154;287
122.154;287
124.154;287
126.154;287
128.154;287
130.154;287
132.154;287
134.154;287
136.154;287
138.154;287
140.154;287
142.154;287
144.154;287
146.154;287
148.154;287
150.154;287
152.154;287
154.154;287
156.154;287
158.354;647
160.354;647
162.354;647
164.354;647
166.354;647
168.354;647
170.354;647
172.354;647
174.354;647
176.354;647
178.354;647
180.354;647
182.354;647
184.554;647
186.554;647
188.554;647
190.554;647
192.554;647
194.554;647
196.554;647
198.554;647
200.754;647
202.754;647
204.754;647
206.754;647
208.754;647
210.754;647
212.754;647
214.754;647
216.754;647
218.954;647
220.954;647
222.954;647
224.954;647
227.154;647
229.154;647
231.154;647
233.154;647
235.354;647
237.354;647
239.354;647
241.354;647
243.354;647
245.354;647
247.354;647
249.354;647
251.354;647
253.554;647
255.554;647
257.554;647
259.754;647
261.954;647
263.954;647
265.954;647
268.154;647
270.154;647
272.154;647
274.154;647
276.154;647
278.154;647
280.354;647
282.354;647
284.354;647
286.354;647
288.354;647
290.354;647
292.354;647
294.354;647
296.354;647
298.354;647
300.354;647
302.354;647
304.354;647
306.354;647
308.354;647
310.354;647
312.354;647
314.354;647
316.354;647
318.354;647
320.354;647
322.354;647
324.554;647
326.554;647
328.554;647
330.554;647
332.554;647
334.554;647
336.554;647
338.554;647
340.554;647
342.554;647
344.554;647
346.554;647
348.554;647
350.554;647
352.554;647
354.754;647
356.754;647
358.754;647
360.754;647
362.754;647
364.754;647
366.754;647
368.754;647
370.754;647
372.754;647
374.754;647
376.954;647
378.954;647
380.954;647
383.154;647
385.154;647
387.154;647
389.154;647
391.154;647
393.154;647
395.154;647
397.154;647
399.154;647
401.154;647
403.154;647
405.354;647
407.354;647
409.354;647
411.354;647
413.354;647
415.354;647
417.354;647
419.354;647
421.354;647
423.354;647
425.354;647
427.354;647
429.354;647
431.554;647
433.554;647
435.554;647
437.554;647
439.754;647
441.754;647
443.754;647
445.754;647
447.954;647
450.154;647
452.154;647
454.154;647
456.154;647
458.154;647
460.154;647
462.154;647
464.154;647
466.154;647
468.154;647
470.154;647
472.154;647
474.154;647
476.154;647
478.154;647
480.354;647
482.354;647
484.354;647
486.554;647
488.554;647
490.554;647
492.554;647
494.554;647
496.554;647
498.554;647
500.754;647
502.754;647
504.754;647
506.754;647
508.754;647
510.954;647
512.954;647
514.954;647
516.954;647
518.954;647
520.954;647
522.954;647
524.954;647
527.154;647
529.154;647
531.354;647
533.354;647
535.354;647
537.354;647
539.354;647
541.354;647
543.554;647
545.554;647
547.554;647
549.554;647
551.554;647
553.554;647
555.554;647
557.754;647
559.754;647
561.954;647
563.954;647
565.954;647
568.154;647
570.154;647
572.154;647
574.354;647
576.554;647
578.554;647
580.554;647
582.754;647
584.754;647
586.754;647
588.754;647
590.754;647
592.754;647
594.754;647
596.754;647
598.754;647
600.754;647
602.754;647
604.754;647
606.754;647
608.754;647
610.754;647
612.754;647
614.754;647
616.754;647
618.754;647
620.754;647
622.754;647
624.954;647
626.954;647
628.954;647
630.954;647
632.954;647
634.954;647
636.954;647
638.954;647
640.954;647
642.954;647
644.954;647
646.954;647
648.954;647
651.154;647
653.154;647
655.154;647
657.154;647
659.154;647
661.154;647
663.354;647
665.354;647
667.354;647
669.354;647
671.354;647
673.354;647
675.354;647
677.354;647
679.354;647
681.354;647
683.354;647
685.354;647
687.354;647
689.354;647
691.354;647
693.354;647
695.554;647
697.554;647
699.554;647
701.554;647
703.554;647
705.554;647
707.754;647
709.754;647
711.954;647
713.954;647
715.954;647
717.954;647
719.954;647
721.954;647
723.954;647
725.954;647
727.954;647
729.954;647
731.954;647
733.954;647
735.954;647
737.954;647
739.954;647
741.954;647
743.954;647
745.954;647
747.954;647
749.954;647
751.954;647
753.954;647
755.954;647
757.954;647
759.954;647
761.954;647
763.954;647
766.154;647
768.154;647
770.154;647
772.154;647
774.154;647
776.154;647
778.154;647
780.154;647
782.154;647
784.354;647
786.354;647
788.354;647
790.354;647
792.354;647
794.354;647
796.354;647
798.354;647
800.354;647
802.354;647
804.554;647
806.554;647
808.554;647
810.554;647
812.554;647
814.554;647
816.554;647
818.554;647
820.754;647
822.754;647
824.754;647
826.754;647
828.754;647
830.754;647
832.754;647
834.754;647
836.754;647
838.754;647
840.754;647
842.754;647
844.754;647
846.754;647
848.754;647
850.754;647
852.954;647
854.954;647
856.954;647
858.954;647
860.954;647
862.954;647
865.154;647
867.154;647
869.154;647
871.154;647
873.154;647
875.154;647
877.154;647
879.154;647
881.154;647
883.154;647
885.154;647
887.154;647
889.354;647
891.554;647
893.754;647
895.954;647
898.154;647
900.154;647
902.354;647
904.354;647
906.354;647
908.354;647
910.354;647
912.554;647
914.754;913
916.754;913
918.754;913
920.754;913
922.754;913
924.754;913
926.754;913
928.954;913
930.954;913
933.154;913
935.154;913
937.154;913
939.154;913
941.154;913
943.154;913
945.154;913
947.154;913
949.154;913
951.354;913
953.354;913
955.354;913
957.354;913
959.354;913
961.554;913
963.554;913
965.554;913
967.554;913
969.554;913
971.554;913
973.554;913
975.554;913
977.554;913
979.554;913
981.554;913
983.754;913
985.754;913
987.754;913
989.754;913
991.754;913
993.754;913
995.754;913
997.754;913
999.754;913
1001.75;913
1003.75;913
1005.75;913
1007.75;913
1009.75;913
1011.95;913
1013.95;913
1015.95;913
1017.95;913
1019.95;913
1021.95;913
1023.95;913
1025.95;913
1027.95;913
1029.95;913
1031.95;913
1033.95;913
1036.15;913
1038.15;913
1040.15;913
1042.15;913
1044.15;913
1046.35;913
1048.35;913
1050.35;913
1052.35;913
1054.35;913
1056.35;913
1058.35;913
1060.35;913
1062.55;913
1064.55;913
1066.55;913
1068.55;913
1070.55;913
1072.55;913
1074.55;913
1076.75;913
1078.75;913
1080.75;913
1082.75;913
1084.75;913
1086.75;913
1088.75;913
1090.95;913
1092.95;913
1094.95;913
1096.95;913
1098.95;913
1100.95;913
1102.95;913
1105.15;913
1107.15;913
1109.15;913
1111.15;913
1113.15;913
1115.15;913
1117.15;913
1119.15;913
1121.15;913
1123.15;913
1125.15;913
1127.15;913
1129.15;913
1131.15;913
1133.15;913
1135.15;913
1137.15;913
1139.15;913
1141.15;913
1143.15;913
1145.15;913
1147.15;913
1149.35;913
1151.35;913
1153.35;913
1155.35;913
1157.55;913
1159.55;913
1161.55;913
1163.55;913
1165.55;913
1167.75;913
1169.95;913
1171.95;913
1173.95;913
1176.15;913
1178.15;913
1180.15;913
1182.15;913
1184.35;913
1186.35;913
1188.35;913
1190.35;913
1192.35;913
1194.35;913
1196.35;913
1198.35;913
1200.35;913
1202.35;913
1204.35;913
1206.35;913
1208.35;913
1210.35;913
1212.35;913
1214.35;913
1216.55;913
1218.55;913
1220.55;913
1222.75;913
1224.95;913
1226.95;913
1228.95;913
1230.95;913
1232.95;913
1234.95;913
1237.15;913
1239.15;913
1241.15;913
1243.15;913
1245.15;913
1247.15;913
1249.15;913
1251.15;913
1253.15;913
1255.15;913
1257.15;913
1259.15;913
1261.15;913
1263.15;913
1265.15;913
1267.15;913
1269.15;913
1271.35;913
1273.35;913
1275.35;913
1277.35;913
1279.35;913
1281.35;913
1283.35;913
1285.35;913
1287.55;913
1289.55;913
1291.55;913
1293.75;913
1295.75;913
1297.75;913
1299.95;913
1301.95;913
1303.95;913
1305.95;913
1307.95;913
1309.95;913
1311.95;913
1313.95;913
1315.95;913
1317.95;913
1319.95;913
1321.95;913
1323.95;913
1325.95;913
1327.95;913
1329.95;913
1331.95;913
1333.95;913
1335.95;913
1337.95;913
1339.95;913
1341.95;913
1343.95;913
1345.95;913
1347.95;913
1349.95;913
1352.15;913
1354.15;913
1356.15;913
1358.15;913
1360.15;913
1362.15;913
1364.35;913
1366.35;913
1368.35;913
1370.35;913
1372.35;913
1374.35;913
1376.55;913
1378.55;913
1380.55;913
1382.75;913
1384.75;913
1386.75;913
1388.75;913
1390.75;913
1392.75;913
1394.75;913
1396.75;913
1398.75;913
1400.95;913
1402.95;913
1404.95;913
1406.95;913
1409.15;913
1411.15;913
1413.35;913
1415.35;913
1417.35;913
1419.35;913
1421.35;913
1423.35;913
1425.55;913
1427.55;913
1429.55;913
1431.55;913
1433.55;913
1435.55;913
1437.55;913
1439.75;913
1441.75;913
1443.75;913
1445.75;913
1447.95;913
1449.95;913
1451.95;913
1454.15;913
1456.15;913
1458.15;913
1460.15;913
1462.15;913
1464.35;913
1466.55;913
1468.55;913
1470.55;913
1472.55;913
1474.55;913
1476.55;913
1478.55;913
1480.55;913
1482.55;913
1484.55;913
1486.55;913
1488.75;913
1490.75;913
1492.75;913
1494.75;913
1496.75;913
1498.75;913
1500.75;913
1502.75;913
1504.75;913
1506.75;913
1508.75;913
1510.75;913
1512.75;913
1514.75;913
1516.75;913
1518.95;913
1520.95;913
1522.95;913
1524.95;913
1526.95;913
1529.15;913
1531.15;913
1533.15;913
1535.15;913
1537.15;913
1539.15;913
1541.15;913
1543.35;913
1545.35;913
1547.35;913
1549.35;913
1551.55;913
1553.55;913
1555.55;913
1557.55;913
1559.55;913
1561.75;913
1563.75;913
1565.75;913
1567.75;913
1569.75;913
1571.75;913
1573.75;913
1575.75;913
1577.75;913
1579.75;913
1581.75;913
1583.75;913
1585.75;913
1587.95;913
1589.95;913
1591.95;913
1593.95;913
1595.95;913
1597.95;913
1599.95;913
1601.95;913
1603.95;913
1605.95;913
1607.95;913
1609.95;913
1611.95;913
1614.15;913
1616.15;913
1618.15;913
1620.15;913
1622.15;913
1624.35;913
1626.55;913
1628.55;913
1630.55;913
1632.75;913
1634.75;913
1636.75;913
1638.75;913
1640.75;913
1642.75;913
1644.75;913
1646.75;913
1648.75;913
1650.75;913
1652.75;913
1654.75;913
1656.75;913
1658.75;913
1660.75;913
1662.95;913
1664.95;913
1666.95;913
1668.95;913
1670.95;913
1673.15;913
1675.15;913
1677.15;913
1679.15;913
1681.15;913
1683.35;913
1685.35;913
1687.35;913
1689.35;913
1691.35;913
1693.35;913
1695.35;913
1697.35;913
1699.35;913
1701.35;913
1703.35;913
1705.35;913
1707.35;913
1709.35;913
1711.55;913
1713.55;913
1715.55;913
1717.55;913
1719.55;913
1721.55;913
1723.55;913
1725.55;913
1727.75;913
1729.75;913
1731.75;913
1733.75;913
1735.75;913
1737.75;913
1739.75;913
1741.75;913
1743.75;913
1745.75;913
1747.75;913
1749.75;913
1751.75;913
1753.75;913
1755.95;913
1758.15;913
1760.15;913
1762.15;913
1764.15;913
1766.15;913
1768.15;913
1770.15;913
1772.15;913
1774.15;913
1776.15;913
1778.35;913
1780.35;913
1782.35;913
1784.55;913
1786.55;913
1788.55;913
1790.55;913
1792.55;913
1794.55;913
1796.55;913
