#	X	Y
2.29602;29
4.29601;29
6.29601;29
8.29601;29
10.496;29
12.496;29
14.496;29
16.496;29
18.496;29
20.496;29
22.696;29
24.696;29
26.696;29
28.696;29
30.896;29
33.096;29
35.096;29
37.096;29
39.096;29
41.096;29
43.096;29
45.096;29
47.096;29
49.296;29
51.296;29
53.296;29
55.296;29
57.296;29
59.296;29
61.296;29
63.296;29
65.296;29
67.296;29
69.296;29
71.296;29
73.296;29
75.296;29
77.296;29
79.296;29
81.296;29
83.296;29
85.296;29
87.296;29
89.296;29
91.296;29
93.296;29
95.296;29
97.296;29
99.296;29
101.296;29
103.296;29
105.296;29
107.296;29
109.296;29
111.496;29
113.496;29
115.496;29
117.496;29
119.496;29
121.496;29
123.496;29
125.696;29
127.696;29
129.696;29
131.696;29
133.696;29
135.696;29
137.896;29
139.896;29
141.896;29
143.896;29
146.096;29
148.096;29
150.096;29
152.096;29
154.096;29
156.096;29
158.096;29
160.296;41
162.296;41
164.296;41
166.296;41
168.296;41
170.296;41
172.496;41
174.496;41
176.496;41
178.496;41
180.696;41
182.696;41
184.896;41
186.896;41
188.896;41
190.896;41
192.896;41
194.896;41
196.896;41
199.096;41
201.096;41
203.096;41
205.096;41
207.096;41
209.096;41
211.096;41
213.096;41
215.296;41
217.296;41
219.296;41
221.296;41
223.296;41
225.296;41
227.296;41
229.296;41
231.296;41
233.296;41
235.296;41
237.296;41
239.496;41
241.496;41
243.696;41
245.696;41
247.696;41
249.696;41
251.896;41
253.896;41
255.896;41
257.896;41
259.896;41
261.896;41
263.896;41
265.896;41
267.896;41
269.896;41
271.896;41
273.896;41
275.896;41
277.896;41
279.896;41
281.896;41
283.896;41
285.896;41
287.896;41
289.896;41
291.896;41
293.896;41
295.896;41
297.896;41
300.096;41
302.096;41
304.096;41
306.096;41
308.296;41
310.296;41
312.296;41
314.496;41
316.496;41
318.496;41
320.496;41
322.496;41
324.496;41
326.496;41
328.496;41
330.496;41
332.496;41
334.496;41
336.496;41
338.496;41
340.496;41
342.496;41
344.496;41
346.496;41
348.696;41
350.696;41
352.696;41
354.696;41
356.696;41
358.696;41
360.696;41
362.696;41
364.696;41
366.896;41
369.096;41
371.096;41
373.096;41
375.296;41
377.296;41
379.296;41
381.296;41
383.496;41
385.496;41
387.496;41
389.496;41
391.496;41
393.496;41
395.496;41
397.496;41
399.496;41
401.696;41
403.696;41
405.696;41
407.696;41
409.696;41
411.696;41
413.696;41
415.696;41
417.696;41
419.696;41
421.696;41
423.696;41
425.696;41
427.696;41
429.696;41
431.696;41
433.896;41
435.896;41
437.896;41
439.896;41
441.896;41
443.896;41
445.896;41
447.896;41
449.896;41
451.896;41
454.096;41
456.096;41
458.096;41
460.096;41
462.096;41
464.096;41
466.296;41
468.296;41
470.296;41
472.296;41
474.296;41
476.296;41
478.296;41
480.296;41
482.296;41
484.496;41
486.696;41
488.896;41
490.896;41
492.896;41
494.896;41
496.896;41
498.896;41
500.896;41
502.896;41
505.096;41
507.096;41
509.096;41
511.096;41
513.096;41
515.096;41
517.296;41
519.296;41
521.296;41
523.296;41
525.496;41
527.496;41
529.496;41
531.496;41
533.496;41
535.496;41
537.496;41
539.496;41
541.496;41
543.496;41
545.496;41
547.496;41
549.496;41
551.696;41
553.696;41
555.696;41
557.696;41
559.696;41
561.696;41
563.696;41
565.696;41
567.896;41
569.896;41
572.096;41
574.096;41
576.296;41
578.496;41
580.696;41
582.696;41
584.696;41
586.696;41
588.696;41
590.696;41
592.696;41
594.696;41
596.696;41
598.696;41
600.696;41
602.696;41
604.696;41
606.696;41
608.696;41
610.696;41
612.696;41
614.696;41
616.696;41
618.696;41
620.696;41
622.696;41
624.696;41
626.696;41
628.696;41
630.696;41
632.696;41
634.696;41
636.696;41
638.696;41
640.696;41
642.696;41
644.896;41
647.096;41
649.296;41
651.296;41
653.296;41
655.296;41
657.296;41
659.496;41
661.496;41
663.496;41
665.696;41
667.696;41
669.696;41
671.696;41
673.696;41
675.696;41
677.696;41
679.696;41
681.696;41
683.696;41
685.696;41
687.696;41
689.896;41
691.896;41
693.896;41
695.896;41
697.896;41
699.896;41
701.896;41
703.896;41
705.896;41
707.896;41
709.896;41
712.096;41
714.296;41
716.296;41
718.296;41
720.296;41
722.496;41
724.696;41
726.896;41
729.096;41
731.096;41
733.096;41
735.096;41
737.096;41
739.096;41
741.096;41
743.096;41
745.096;41
747.096;41
749.096;41
751.296;41
753.296;41
755.296;41
757.296;41
759.296;41
761.296;41
763.296;41
765.496;41
767.496;41
769.496;41
771.496;41
773.496;41
775.496;41
777.496;41
779.496;41
781.496;41
783.496;41
785.496;41
787.496;41
789.496;41
791.496;41
793.496;41
795.496;41
797.496;41
799.496;41
801.496;41
803.496;41
805.696;41
807.696;41
809.696;41
811.696;41
813.696;41
815.696;41
817.696;41
819.696;41
821.696;41
823.696;41
825.696;41
827.896;41
829.896;41
831.896;41
833.896;41
835.896;41
837.896;41
839.896;41
841.896;41
843.896;41
845.896;41
847.896;41
849.896;41
851.896;41
854.096;41
856.096;41
858.096;41
860.096;41
862.096;41
864.296;41
866.296;41
868.296;41
870.296;41
872.296;41
874.296;41
876.296;41
878.496;41
880.496;41
882.496;41
884.696;41
886.696;41
888.696;41
890.696;41
892.696;41
894.696;41
896.696;41
898.696;41
900.696;41
902.696;41
904.696;41
906.696;41
908.896;41
910.896;41
912.896;41
914.896;40
916.896;40
919.096;40
921.096;40
923.096;40
925.296;40
927.296;40
929.296;40
931.496;40
933.496;40
935.696;40
937.696;40
939.896;40
941.896;40
944.096;40
946.096;40
948.096;40
950.096;40
952.096;40
954.096;40
956.096;40
958.096;40
960.296;40
962.296;40
964.296;40
966.496;40
968.496;40
970.496;40
972.496;40
974.496;40
976.496;40
978.496;40
980.496;40
982.496;40
984.696;40
986.896;40
988.896;40
991.096;40
993.096;40
995.096;40
997.096;40
999.096;40
1001.3;40
1003.3;40
1005.3;40
1007.3;40
1009.5;40
1011.5;40
1013.5;40
1015.5;40
1017.5;40
1019.5;40
1021.5;40
1023.5;40
1025.5;40
1027.5;40
1029.5;40
1031.5;40
1033.5;40
1035.5;40
1037.5;40
1039.5;40
1041.5;40
1043.5;40
1045.7;40
1047.7;40
1049.7;40
1051.9;40
1053.9;40
1055.9;40
1057.9;40
1060.1;40
1062.3;40
1064.3;40
1066.3;40
1068.3;40
1070.3;40
1072.3;40
1074.3;40
1076.5;40
1078.5;40
1080.5;40
1082.5;40
1084.5;40
1086.5;40
1088.5;40
1090.5;40
1092.7;40
1094.7;40
1096.7;40
1098.7;40
1100.7;40
1102.7;40
1104.7;40
1106.7;40
1108.7;40
1110.7;40
1112.7;40
1114.7;40
1116.7;40
1118.7;40
1120.7;40
1122.7;40
1124.7;40
1126.7;40
1128.7;40
1130.7;40
1132.7;40
1134.7;40
1136.7;40
1138.7;40
1140.7;40
1142.7;40
1144.7;40
1146.7;40
1148.7;40
1150.7;40
1152.7;40
1154.7;40
1156.9;40
1158.9;40
1160.9;40
1162.9;40
1165.1;40
1167.1;40
1169.1;40
1171.1;40
1173.1;40
1175.1;40
1177.1;40
1179.1;40
1181.1;40
1183.1;40
1185.1;40
1187.1;40
1189.3;40
1191.3;40
1193.3;40
1195.3;40
1197.3;40
1199.3;40
1201.3;40
1203.3;40
1205.3;40
1207.3;40
1209.3;40
1211.3;40
1213.3;40
1215.3;40
1217.3;40
1219.3;40
1221.3;40
1223.5;40
1225.5;40
1227.5;40
1229.5;40
1231.5;40
1233.5;40
1235.7;40
1237.7;40
1239.7;40
1241.7;40
1243.7;40
1245.7;40
1247.7;40
1249.9;40
1252.1;40
1254.1;40
1256.1;40
1258.1;40
1260.1;40
1262.1;40
1264.1;40
1266.3;40
1268.3;40
1270.5;40
1272.5;40
1274.5;40
1276.5;40
1278.5;40
1280.5;40
1282.5;40
1284.5;40
1286.7;40
1288.7;40
1290.7;40
1292.9;40
1294.9;40
1296.9;40
1298.9;40
1300.9;40
1303.1;40
1305.3;40
1307.3;40
1309.3;40
1311.5;40
1313.5;40
1315.5;40
1317.5;40
1319.5;40
1321.5;40
1323.5;40
1325.5;40
1327.5;40
1329.5;40
1331.7;40
1333.7;40
1335.7;40
1337.7;40
1339.7;40
1341.9;40
1343.9;40
1345.9;40
1347.9;40
1349.9;40
1351.9;40
1353.9;40
1355.9;40
1357.9;40
1359.9;40
1361.9;40
1363.9;40
1365.9;40
1367.9;40
1369.9;40
1371.9;40
1373.9;40
1375.9;40
1378.1;40
1380.1;40
1382.1;40
1384.1;40
1386.1;40
1388.1;40
1390.1;40
1392.1;40
1394.1;40
1396.1;40
1398.1;40
1400.1;40
1402.1;40
1404.1;40
1406.1;40
1408.1;40
1410.1;40
1412.1;40
1414.1;40
1416.1;40
1418.1;40
1420.1;40
1422.1;40
1424.1;40
1426.1;40
1428.1;40
1430.1;40
1432.1;40
1434.1;40
1436.3;40
1438.3;40
1440.3;40
1442.3;40
1444.3;40
1446.3;40
1448.5;40
1450.5;40
1452.5;40
1454.5;40
1456.7;40
1458.7;40
1460.7;40
1462.7;40
1464.7;40
1466.7;40
1468.7;40
1470.7;40
1472.9;40
1474.9;40
1476.9;40
1479.1;40
1481.1;40
1483.1;40
1485.1;40
1487.1;40
1489.1;40
1491.1;40
1493.1;40
1495.1;40
1497.1;40
1499.1;40
1501.1;40
1503.1;40
1505.1;40
1507.1;40
1509.1;40
1511.1;40
1513.1;40
1515.1;40
1517.1;40
1519.1;40
1521.1;40
1523.1;40
1525.1;40
1527.1;40
1529.1;40
1531.1;40
1533.1;40
1535.1;40
1537.1;40
1539.1;40
1541.1;40
1543.1;40
1545.1;40
1547.1;40
1549.3;40
1551.3;40
1553.3;40
1555.5;40
1557.5;40
1559.7;40
1561.7;40
1563.7;40
1565.7;40
1567.7;40
1569.7;40
1571.7;40
1573.7;40
1575.7;40
1577.7;40
1579.9;40
1581.9;40
1583.9;40
1585.9;40
1587.9;40
1589.9;40
1591.9;40
1593.9;40
1595.9;40
1597.9;40
1600.1;40
1602.1;40
1604.1;40
1606.1;40
1608.1;40
1610.1;40
1612.1;40
1614.1;40
1616.1;40
1618.3;40
1620.5;40
1622.5;40
1624.5;40
1626.5;40
1628.5;40
1630.7;40
1632.7;40
1634.7;40
1636.7;40
1638.7;40
1640.7;40
1642.7;40
1644.7;40
1646.7;40
1648.7;40
1650.7;40
1652.7;40
1654.7;40
1656.7;40
1658.7;40
1660.7;40
1662.7;40
1664.7;40
1666.7;40
1668.7;40
1670.7;40
1672.7;40
1674.7;40
1676.7;40
1678.7;40
1680.7;40
1682.7;40
1684.9;40
1686.9;40
1688.9;40
1690.9;40
1693.1;40
1695.1;40
1697.1;40
1699.1;40
1701.1;40
1703.1;40
1705.1;40
1707.1;40
1709.1;40
1711.1;40
1713.3;40
1715.3;40
1717.3;40
1719.3;40
1721.3;40
1723.3;40
1725.3;40
1727.3;40
1729.3;40
1731.3;40
1733.5;40
1735.5;40
1737.5;40
1739.5;40
1741.5;40
1743.5;40
1745.5;40
1747.5;40
1749.5;40
1751.5;40
1753.5;40
1755.5;40
1757.5;40
1759.7;40
1761.7;40
1763.7;40
1765.7;40
1767.7;40
1769.9;40
1771.9;40
1773.9;40
1775.9;40
1777.9;40
1779.9;40
1781.9;40
1783.9;40
1785.9;40
1787.9;40
1789.9;40
1791.9;40
1793.9;40
1795.9;40
1797.9;40
1799.9;40
1802.1;40
1804.1;40
1806.1;40
1808.1;40
1810.1;40
1812.1;40
1814.1;40
1816.1;40
1818.1;40
1820.1;40
1822.3;40
1824.5;40
1826.5;39
1828.5;39
1830.7;39
1832.7;39
1834.9;39
1836.9;39
1839.1;39
1841.1;39
1843.1;39
1845.1;39
1847.1;39
1849.1;39
1851.1;39
1853.1;39
1855.1;39
1857.1;39
1859.1;39
1861.1;39
1863.1;39
1865.1;39
1867.1;39
1869.1;39
1871.1;39
1873.1;39
1875.3;39
1877.3;39
1879.3;39
1881.5;39
1883.5;39
1885.5;39
1887.5;39
1889.5;39
1891.5;39
1893.7;39
1895.7;39
1897.7;39
1899.9;39
1901.9;39
1903.9;39
1905.9;39
1908.1;39
1910.3;39
1912.3;39
1914.3;39
1916.3;39
1918.3;39
1920.3;39
1922.3;39
1924.3;39
1926.3;39
1928.3;39
1930.3;39
1932.3;39
1934.3;39
1936.5;39
1938.5;39
1940.5;39
1942.5;39
1944.5;39
1946.5;39
1948.5;39
1950.5;39
1952.7;39
1954.7;39
1956.7;39
1958.7;39
1960.7;39
1962.7;39
1964.9;39
1966.9;39
1968.9;39
1970.9;39
1972.9;39
1974.9;39
1976.9;39
1978.9;39
1980.9;39
1982.9;39
1984.9;39
1986.9;39
1988.9;39
1990.9;39
1992.9;39
1994.9;39
1997.1;39
1999.1;39
2001.1;39
2003.1;39
2005.1;39
2007.1;39
2009.1;39
2011.3;39
2013.3;39
2015.3;39
2017.3;39
2019.3;39
2021.3;39
2023.3;39
2025.3;39
2027.3;39
2029.5;39
2031.5;39
2033.5;39
2035.5;39
2037.5;39
2039.5;39
2041.5;39
2043.5;39
2045.5;39
2047.5;39
2049.5;39
2051.5;39
2053.5;39
2055.5;39
2057.5;39
2059.5;39
2061.5;39
2063.5;39
2065.5;39
2067.5;39
2069.5;39
2071.5;39
2073.5;39
2075.7;39
2077.9;39
2079.9;39
2081.9;39
2083.9;39
2085.9;39
2087.9;39
2089.9;39
2092.1;39
2094.1;39
2096.1;39
2098.1;39
2100.1;39
2102.1;39
2104.3;39
2106.5;39
2108.5;39
2110.5;39
2112.5;39
2114.5;39
2116.5;39
2118.5;39
2120.5;39
2122.5;39
2124.5;39
2126.5;39
2128.5;39
2130.5;39
2132.5;39
2134.5;39
2136.5;39
2138.5;39
2140.5;39
2142.5;39
2144.5;39
2146.5;39
2148.5;39
2150.5;39
2152.5;39
2154.7;39
2156.7;39
2158.7;39
2160.9;39
2162.9;39
2164.9;39
2166.9;39
2168.9;39
2170.9;39
2172.9;39
2174.9;39
2176.9;39
2178.9;39
2180.9;39
2182.9;39
2184.9;39
2186.9;39
2188.9;39
2190.9;39
2192.9;39
2194.9;39
2196.9;39
2198.9;39
2200.9;39
2202.9;39
2205.1;39
2207.1;39
2209.1;39
2211.1;39
2213.3;39
2215.3;39
2217.3;39
2219.3;39
2221.3;39
2223.3;39
2225.3;39
2227.3;39
2229.5;39
2231.5;39
2233.5;39
2235.5;39
2237.5;39
2239.5;39
2241.7;39
2243.7;39
2245.7;39
2247.7;39
2249.7;39
2251.7;39
2253.7;39
2255.7;39
2257.7;39
2259.7;39
2261.9;39
2263.9;39
2266.1;39
2268.1;39
2270.1;39
2272.1;39
2274.1;39
2276.1;39
2278.3;39
2280.3;39
2282.5;39
2284.5;39
2286.5;39
2288.5;39
2290.5;39
2292.5;39
2294.5;39
2296.5;39
2298.7;39
2300.7;39
2302.7;39
2304.9;39
2306.9;39
2309.1;39
2311.1;39
2313.1;39
2315.1;39
2317.1;39
2319.1;39
2321.1;39
2323.1;39
2325.1;39
2327.3;39
2329.3;39
2331.5;39
2333.5;39
2335.5;39
2337.5;39
2339.5;39
2341.5;39
2343.5;39
2345.5;39
2347.5;39
2349.5;39
2351.5;39
2353.5;39
2355.5;39
2357.5;39
2359.5;39
2361.5;39
2363.5;39
2365.5;39
2367.5;39
2369.5;39
2371.5;39
2373.5;39
2375.7;39
2377.7;39
2379.7;39
2381.7;39
2383.9;39
2385.9;39
2387.9;39
2389.9;39
2391.9;39
2393.9;39
2395.9;39
2397.9;39
2399.9;39
2401.9;39
2403.9;39
2405.9;39
2407.9;39
2409.9;39
2411.9;39
2414.1;39
2416.1;39
2418.3;39
2420.3;39
2422.3;39
2424.3;39
2426.3;39
2428.3;39
2430.3;39
2432.3;39
2434.3;39
2436.3;39
2438.3;39
2440.3;39
2442.5;39
2444.5;39
2446.5;39
2448.7;39
2450.7;39
2452.7;39
2454.7;39
2456.7;39
2458.7;39
2460.7;39
2462.7;39
2464.7;39
2466.7;39
2468.7;39
2470.7;39
2472.7;39
2474.7;39
2476.7;39
2478.7;39
2480.7;39
2482.7;39
2484.7;39
2486.7;39
2488.7;39
2490.7;39
2492.7;39
2494.7;39
2496.7;39
2498.7;39
2500.7;39
2502.7;39
2504.7;39
2506.7;39
2508.7;39
2510.7;39
2512.7;39
2514.7;39
2516.7;39
2518.7;39
2520.9;39
2522.9;39
2524.9;39
2526.9;39
2528.9;39
2530.9;39
2532.9;39
2534.9;39
2536.9;39
2538.9;39
2540.9;39
2542.9;39
2544.9;39
2546.9;39
2548.9;39
2550.9;39
2552.9;39
2554.9;39
2556.9;39
2558.9;39
2560.9;39
2562.9;39
2564.9;39
2566.9;39
2568.9;39
2570.9;39
2572.9;39
2574.9;39
2576.9;39
2578.9;39
2580.9;39
2582.9;39
2584.9;39
2586.9;39
2588.9;39
2590.9;39
2592.9;39
2594.9;39
2596.9;39
2598.9;39
2600.9;39
2602.9;39
2604.9;39
2606.9;39
2608.9;39
2610.9;39
2612.9;39
2614.9;39
2616.9;39
2618.9;39
2620.9;39
2622.9;39
2625.1;39
2627.3;39
2629.3;39
2631.3;39
2633.3;39
2635.3;39
2637.3;39
2639.3;39
2641.3;39
2643.3;39
2645.3;39
2647.3;39
2649.3;39
2651.3;39
2653.5;39
2655.5;39
2657.5;39
2659.5;39
2661.5;39
2663.5;39
2665.5;39
2667.5;39
2669.5;39
2671.7;39
2673.7;39
2675.7;39
2677.7;39
2679.7;39
2681.9;39
2683.9;39
2685.9;39
2687.9;39
2689.9;39
2691.9;39
2693.9;39
2695.9;39
2697.9;39
2699.9;39
2701.9;39
2703.9;39
2705.9;39
2707.9;39
2709.9;39
2712.1;39
2714.1;39
2716.3;39
2718.3;39
2720.3;39
2722.3;39
2724.3;39
2726.3;39
2728.3;39
2730.3;39
2732.5;39
2734.5;39
2736.5;273
2738.5;273
2740.5;273
2742.5;273
2744.5;273
2746.5;273
2748.5;273
2750.5;273
2752.5;273
2754.5;273
2756.5;273
2758.7;273
2760.9;273
2762.9;273
2764.9;273
2766.9;273
2768.9;273
2770.9;273
2772.9;273
2774.9;273
2777.1;273
2779.1;273
2781.1;273
2783.1;273
2785.1;273
2787.1;273
2789.1;273
2791.1;273
2793.1;273
2795.1;273
2797.1;273
2799.3;273
2801.5;273
2803.5;273
2805.5;273
2807.5;273
2809.5;273
2811.5;273
2813.5;273
2815.5;273
2817.5;273
2819.5;273
2821.7;273
2823.7;273
2825.7;273
2827.7;273
2829.7;273
2831.7;273
2833.7;273
2835.7;273
2837.7;273
2839.7;273
2841.7;273
2843.7;273
2845.7;273
2847.7;273
2849.7;273
2851.9;273
2853.9;273
2855.9;273
2857.9;273
2859.9;273
2861.9;273
2863.9;273
2865.9;273
2868.1;273
2870.1;273
2872.1;273
2874.1;273
2876.1;273
2878.3;273
2880.3;273
2882.5;273
2884.5;273
2886.5;273
2888.5;273
2890.5;273
2892.5;273
2894.5;273
2896.5;273
2898.5;273
2900.5;273
2902.5;273
2904.5;273
2906.5;273
2908.5;273
2910.5;273
2912.5;273
2914.5;273
2916.5;273
2918.5;273
2920.5;273
2922.5;273
2924.7;273
2926.7;273
2928.7;273
2930.7;273
2932.7;273
2934.7;273
2936.7;273
2938.7;273
2940.7;273
2942.7;273
2944.7;273
2946.7;273
2948.7;273
2950.9;273
2952.9;273
2954.9;273
2956.9;273
2958.9;273
2960.9;273
2962.9;273
2964.9;273
2967.1;273
2969.1;273
2971.3;273
2973.3;273
2975.5;273
2977.5;273
2979.7;273
2981.7;273
2983.9;273
2985.9;273
2987.9;273
2989.9;273
2991.9;273
2993.9;273
2995.9;273
2997.9;273
2999.9;273
3001.9;273
3004.1;273
3006.1;273
3008.1;273
3010.1;273
3012.1;273
3014.3;273
3016.3;273
3018.5;273
3020.7;273
3022.7;273
3024.7;273
3026.7;273
3028.9;273
3030.9;273
3032.9;273
3034.9;273
3037.1;273
3039.1;273
3041.1;273
3043.1;273
3045.1;273
3047.1;273
3049.1;273
3051.1;273
3053.1;273
3055.1;273
3057.1;273
3059.1;273
3061.1;273
3063.1;273
3065.1;273
3067.1;273
3069.1;273
3071.1;273
3073.3;273
3075.3;273
3077.3;273
3079.3;273
3081.3;273
3083.3;273
3085.3;273
3087.3;273
3089.3;273
3091.3;273
3093.3;273
3095.3;273
3097.3;273
3099.3;273
3101.3;273
3103.3;273
3105.3;273
3107.3;273
3109.3;273
3111.3;273
3113.3;273
3115.3;273
3117.3;273
3119.3;273
3121.3;273
3123.3;273
3125.3;273
3127.5;273
3129.5;273
3131.5;273
3133.7;273
3135.7;273
3137.7;273
3139.7;273
3141.7;273
3143.7;273
3145.7;273
3147.7;273
3149.7;273
3151.7;273
3153.7;273
3155.7;273
3157.9;273
3159.9;273
3161.9;273
3163.9;273
3165.9;273
3167.9;273
3170.1;273
3172.1;273
3174.1;273
3176.1;273
3178.1;273
3180.1;273
3182.1;273
3184.1;273
3186.1;273
3188.3;273
3190.3;273
3192.3;273
3194.3;273
3196.5;273
3198.5;273
3200.5;273
3202.5;273
3204.5;273
3206.5;273
3208.5;273
3210.7;273
3212.7;273
3214.9;273
3216.9;273
3218.9;273
3220.9;273
3223.1;273
3225.1;273
3227.1;273
3229.3;273
3231.3;273
3233.5;273
3235.5;273
3237.5;273
3239.5;273
3241.5;273
3243.5;273
3245.7;273
3247.7;273
3249.7;273
3251.7;273
3253.7;273
3255.7;273
3257.9;273
3260.1;273
3262.1;273
3264.1;273
3266.1;273
3268.1;273
3270.1;273
3272.1;273
3274.1;273
3276.1;273
3278.1;273
3280.1;273
3282.1;273
3284.3;273
3286.3;273
3288.3;273
3290.3;273
3292.3;273
3294.3;273
3296.3;273
3298.3;273
3300.3;273
3302.3;273
3304.3;273
3306.3;273
3308.3;273
3310.3;273
3312.5;273
3314.7;273
3316.7;273
3318.7;273
3320.7;273
3322.7;273
3324.7;273
3326.7;273
3328.7;273
3330.7;273
3332.7;273
3334.7;273
3336.7;273
3338.7;273
3340.9;273
3342.9;273
3344.9;273
3346.9;273
3348.9;273
3350.9;273
3352.9;273
3354.9;273
3356.9;273
3359.1;273
3361.3;273
3363.3;273
3365.3;273
3367.3;273
3369.3;273
3371.3;273
3373.3;273
3375.3;273
3377.3;273
3379.3;273
3381.3;273
3383.3;273
3385.3;273
3387.3;273
3389.3;273
3391.3;273
3393.3;273
3395.3;273
3397.3;273
3399.3;273
3401.3;273
3403.3;273
3405.3;273
3407.5;273
3409.5;273
3411.5;273
3413.5;273
3415.5;273
3417.5;273
3419.5;273
3421.5;273
3423.7;273
3425.7;273
3427.7;273
3429.7;273
3431.9;273
3433.9;273
3435.9;273
3437.9;273
3439.9;273
3441.9;273
3444.1;273
3446.1;273
3448.1;273
3450.1;273
3452.1;273
3454.3;273
3456.3;273
3458.3;273
3460.5;273
3462.5;273
3464.5;273
3466.5;273
3468.7;273
3470.7;273
3472.7;273
3474.7;273
3476.7;273
3478.7;273
3480.7;273
3482.7;273
3484.7;273
3486.7;273
3488.7;273
3490.7;273
3492.7;273
3494.7;273
3496.7;273
3498.9;273
3500.9;273
3502.9;273
3504.9;273
3506.9;273
3508.9;273
3510.9;273
3512.9;273
3514.9;273
3517.1;273
3519.1;273
3521.1;273
3523.1;273
3525.1;273
3527.1;273
3529.1;273
3531.3;273
3533.3;273
3535.5;273
3537.5;273
3539.7;273
3541.9;273
3543.9;273
3545.9;273
3547.9;273
3550.1;273
3552.1;273
3554.3;273
3556.5;273
3558.5;273
3560.5;273
3562.5;273
3564.5;273
3566.5;273
3568.5;273
3570.5;273
3572.5;273
3574.5;273
3576.5;273
3578.5;273
3580.5;273
3582.5;273
3584.5;273
3586.5;273
3588.5;273
3590.5;273
3592.5;273
3594.5;273
3596.5;273
3598.5;273
3600.5;273
3602.5;273
3604.7;273
3606.9;273
3608.9;273
3610.9;273
3612.9;273
3614.9;273
3617.1;273
3619.1;273
3621.1;273
3623.1;273
3625.1;273
3627.1;273
3629.1;273
3631.1;273
3633.3;273
3635.3;273
3637.3;273
3639.3;273
3641.5;273
3643.7;273
3645.7;273
3647.9;273
3649.9;273
3651.9;273
3653.9;273
3655.9;273
3657.9;273
3660.1;273
3662.1;273
3664.1;273
3666.1;273
3668.1;273
3670.1;273
3672.1;273
3674.1;273
3676.1;273
3678.1;273
3680.1;273
3682.3;273
3684.3;273
3686.3;273
3688.3;273
3690.3;273
3692.3;273
3694.3;273
3696.5;273
3698.5;273
3700.5;273
3702.5;273
3704.5;273
3706.5;273
3708.5;273
3710.5;273
3712.5;273
3714.5;273
3716.5;273
3718.5;273
3720.5;273
3722.7;273
3724.9;273
3726.9;273
3728.9;273
3730.9;273
3732.9;273
3734.9;273
3737.1;273
3739.1;273
3741.3;273
3743.3;273
3745.5;273
3747.5;273
3749.5;273
3751.5;273
3753.5;273
3755.5;273
3757.7;273
3759.7;273
3761.7;273
3763.7;273
3765.7;273
3767.9;273
3770.1;273
3772.1;273
3774.1;273
3776.1;273
3778.1;273
3780.3;273
3782.3;273
3784.3;273
3786.3;273
3788.3;273
3790.3;273
3792.3;273
3794.5;273
3796.7;273
3798.7;273
3800.7;273
3802.7;273
3804.7;273
3806.7;273
3808.7;273
3810.7;273
3812.7;273
3814.7;273
3816.9;273
3818.9;273
3820.9;273
3822.9;273
3824.9;273
3827.1;273
3829.1;273
3831.1;273
3833.1;273
3835.1;273
3837.1;273
3839.3;273
3841.3;273
3843.3;273
3845.5;273
3847.5;273
3849.5;273
3851.5;273
3853.5;273
3855.7;273
3857.7;273
3859.9;273
3861.9;273
3863.9;273
3865.9;273
3867.9;273
3869.9;273
3871.9;273
3873.9;273
3875.9;273
3878.1;273
3880.1;273
3882.3;273
3884.5;273
3886.5;273
3888.5;273
3890.7;273
3892.9;273
3894.9;273
3897.1;273
3899.3;273
3901.3;273
3903.3;273
3905.3;273
3907.3;273
3909.5;273
3911.5;273
3913.5;273
3915.5;273
3917.5;273
3919.7;273
3921.7;273
3923.7;273
3925.7;273
3927.7;273
3929.7;273
3931.7;273
3933.7;273
3935.7;273
3937.7;273
3939.9;273
3941.9;273
3943.9;273
3945.9;273
3947.9;273
3949.9;273
3951.9;273
3953.9;273
3955.9;273
3957.9;273
3959.9;273
3961.9;273
3963.9;273
3965.9;273
3967.9;273
3969.9;273
3971.9;273
3973.9;273
3975.9;273
3977.9;273
3979.9;273
3982.1;273
3984.1;273
3986.1;273
3988.3;273
3990.3;273
3992.3;273
3994.3;273
3996.5;273
3998.7;273
4000.9;273
4002.9;273
4004.9;273
4006.9;273
4009.1;273
4011.1;273
4013.1;273
4015.3;273
4017.5;273
4019.7;273
4021.7;273
4023.7;273
4025.7;273
4027.7;273
4029.7;273
4031.9;273
4033.9;273
4035.9;273
4037.9;273
4039.9;273
4041.9;273
4043.9;273
4045.9;273
4047.9;273
4049.9;273
4051.9;273
4053.9;273
4055.9;273
4057.9;273
4059.9;273
4062.1;273
4064.1;273
4066.1;273
4068.1;273
4070.1;273
4072.1;273
4074.1;273
4076.1;273
4078.1;273
4080.1;273
4082.1;273
4084.3;273
4086.3;273
4088.3;273
4090.5;273
4092.7;273
4094.7;273
4096.7;273
4098.7;273
4100.9;273
4102.9;273
4105.1;273
4107.1;273
4109.3;273
4111.3;273
4113.3;273
4115.3;273
4117.5;273
4119.5;273
4121.5;273
4123.7;273
4125.7;273
4127.7;273
4129.7;273
4131.7;273
4133.7;273
4135.7;273
4137.7;273
4139.7;273
4141.7;273
4143.7;273
4145.7;273
4147.9;273
4149.9;273
4151.9;273
4153.9;273
4156.1;273
4158.1;273
4160.1;273
4162.1;273
4164.1;273
4166.1;273
4168.3;273
4170.3;273
4172.3;273
4174.5;273
4176.5;273
4178.5;273
4180.5;273
4182.5;273
4184.5;273
4186.5;273
4188.5;273
4190.5;273
4192.5;273
4194.5;273
4196.5;273
4198.5;273
4200.5;273
4202.5;273
4204.5;273
4206.5;273
4208.5;273
4210.5;273
4212.5;273
4214.5;273
4216.5;273
4218.5;273
4220.5;273
4222.5;273
4224.5;273
4226.5;273
4228.5;273
4230.5;273
4232.5;273
4234.5;273
4236.5;273
4238.5;273
4240.7;273
4242.7;273
4244.7;273
4246.9;273
4249.1;273
4251.1;273
4253.3;273
4255.3;273
4257.3;273
4259.3;273
4261.3;273
4263.3;273
4265.3;273
4267.3;273
4269.3;273
4271.3;273
4273.5;273
4275.7;273
4277.7;273
4279.7;273
4281.7;273
4283.7;273
4285.7;273
4287.7;273
4289.9;273
4291.9;273
4293.9;273
4295.9;273
4297.9;273
4299.9;273
4301.9;273
4304.1;273
4306.3;273
4308.3;273
4310.3;273
4312.3;273
4314.3;273
4316.3;273
4318.3;273
4320.3;273
4322.3;273
4324.3;273
4326.3;273
4328.3;273
4330.3;273
4332.3;273
4334.5;273
4336.5;273
4338.5;273
4340.5;273
4342.5;273
4344.5;273
4346.5;273
4348.5;273
4350.5;273
4352.5;273
4354.5;273
4356.5;273
4358.5;273
4360.5;273
4362.7;273
4364.7;273
4366.7;273
4368.7;273
4370.7;273
4372.7;273
4374.9;273
4376.9;273
4378.9;273
4380.9;273
4382.9;273
4384.9;273
4386.9;273
4388.9;273
4390.9;273
4393.1;273
4395.1;273
4397.1;273
4399.1;273
4401.1;273
4403.1;273
4405.3;273
4407.3;273
4409.3;273
4411.3;273
4413.5;273
4415.5;273
4417.7;273
4419.7;273
4421.7;273
4423.9;273
4425.9;273
4427.9;273
4430.1;273
4432.1;273
4434.1;273
4436.3;273
4438.3;273
4440.3;273
4442.3;273
4444.3;273
4446.3;273
4448.3;273
4450.5;273
4452.5;273
4454.5;273
4456.5;273
4458.5;273
4460.5;273
4462.5;273
4464.5;273
4466.5;273
4468.7;273
4470.7;273
4472.7;273
4474.9;273
4477.1;273
4479.3;273
4481.3;273
4483.3;273
4485.3;273
4487.3;273
4489.3;273
4491.3;273
4493.3;273
4495.3;273
4497.3;273
4499.3;273
4501.3;273
4503.3;273
4505.3;273
4507.3;273
4509.3;273
4511.3;273
4513.3;273
4515.5;273
4517.5;273
4519.5;273
4521.7;273
4523.9;273
4526.1;273
4528.3;273
4530.3;273
4532.3;273
4534.3;273
4536.5;273
4538.5;273
4540.7;273
4542.7;273
4544.7;273
4546.7;273
4548.7;273
4550.7;273
4552.7;273
4554.9;273
4556.9;273
4558.9;273
4560.9;273
4562.9;273
4564.9;273
4567.1;41
4569.3;41
4571.5;41
4573.5;41
4575.5;41
4577.5;41
4579.5;41
4581.5;41
4583.5;41
4585.5;41
4587.5;41
4589.5;41
4591.5;41
4593.5;41
4595.7;41
4597.7;41
4599.7;41
4601.7;41
4603.7;41
4605.7;41
4607.7;41
4609.7;41
4611.7;41
4613.7;41
4615.7;41
4617.7;41
4619.7;41
4621.7;41
4623.7;41
4625.7;41
4627.7;41
4629.7;41
4631.7;41
4633.9;41
4635.9;41
4637.9;41
4639.9;41
4641.9;41
4643.9;41
4646.1;41
4648.1;41
4650.1;41
4652.1;41
4654.1;41
4656.3;41
4658.3;41
4660.3;41
4662.3;41
4664.5;41
4666.7;41
4668.7;41
4670.7;41
4672.7;41
4674.7;41
4676.9;41
4678.9;41
4680.9;41
4682.9;41
4684.9;41
4687.1;41
4689.1;41
4691.1;41
4693.1;41
4695.3;41
4697.3;41
4699.3;41
4701.3;41
4703.3;41
4705.3;41
4707.3;41
4709.3;41
4711.3;41
4713.3;41
4715.3;41
4717.5;41
4719.5;41
4721.5;41
4723.5;41
4725.5;41
4727.5;41
4729.5;41
4731.5;41
4733.5;41
4735.5;41
4737.7;41
4739.7;41
4741.7;41
4743.7;41
4745.7;41
4747.7;41
4749.9;41
4752.1;41
4754.1;41
4756.1;41
4758.1;41
4760.1;41
4762.1;41
4764.3;41
4766.3;41
4768.3;41
4770.3;41
4772.3;41
4774.3;41
4776.3;41
4778.5;41
4780.5;41
4782.5;41
4784.5;41
4786.7;41
4788.7;41
4790.9;41
4793.1;41
4795.1;41
4797.1;41
4799.3;41
4801.5;41
4803.5;41
4805.5;41
4807.5;41
4809.5;41
4811.5;41
4813.7;41
4815.7;41
4817.7;41
4819.7;41
4821.7;41
4823.7;41
4825.7;41
4827.7;41
4829.7;41
4831.9;41
4833.9;41
4835.9;41
4838.1;41
4840.3;41
4842.3;41
4844.3;41
4846.3;41
4848.3;41
4850.3;41
4852.3;41
4854.5;41
4856.5;41
4858.5;41
4860.5;41
4862.7;41
4864.7;41
4866.9;41
4868.9;41
4870.9;41
4873.1;41
4875.1;41
4877.1;41
4879.1;41
4881.1;41
4883.1;41
4885.1;41
4887.1;41
4889.1;41
4891.1;41
4893.1;41
4895.1;41
4897.1;41
4899.1;41
4901.3;41
4903.3;41
4905.3;41
4907.3;41
4909.5;41
4911.5;41
4913.7;41
4915.7;41
4917.7;41
4919.7;41
4921.9;41
4923.9;41
4925.9;41
4927.9;41
4930.1;41
4932.1;41
4934.1;41
4936.1;41
4938.1;41
4940.1;41
4942.1;41
4944.1;41
4946.1;41
4948.1;41
4950.3;41
4952.5;41
4954.5;41
4956.5;41
4958.7;41
4960.7;41
4962.7;41
4964.7;41
4966.7;41
4968.7;41
4970.7;41
4972.7;41
4974.7;41
4976.7;41
4978.7;41
4980.9;41
4983.1;41
4985.1;41
4987.1;41
4989.1;41
4991.1;41
4993.1;41
4995.1;41
4997.1;41
4999.1;41
5001.1;41
5003.1;41
5005.1;41
5007.1;41
5009.1;41
5011.1;41
5013.1;41
5015.1;41
5017.1;41
5019.1;41
5021.1;41
5023.1;41
5025.1;41
5027.1;41
5029.1;41
5031.1;41
5033.3;41
5035.5;41
5037.5;41
5039.5;41
5041.5;41
5043.5;41
5045.7;41
5047.7;41
5049.9;41
5051.9;41
5054.1;41
5056.1;41
5058.1;41
5060.1;41
5062.1;41
5064.1;41
5066.1;41
5068.1;41
5070.1;41
5072.1;41
5074.1;41
5076.1;41
5078.1;41
5080.1;41
5082.1;41
5084.1;41
5086.1;41
5088.1;41
5090.1;41
5092.1;41
5094.1;41
5096.1;41
5098.1;41
5100.3;41
5102.5;41
5104.5;41
5106.5;41
5108.5;41
5110.5;41
5112.5;41
5114.5;41
5116.5;41
5118.5;41
5120.5;41
5122.7;41
5124.7;41
5126.7;41
5128.9;41
5131.1;41
5133.1;41
5135.1;41
5137.1;41
5139.1;41
5141.1;41
5143.1;41
5145.1;41
5147.1;41
5149.1;41
5151.1;41
5153.1;41
5155.1;41
5157.1;41
5159.1;41
5161.1;41
5163.1;41
5165.1;41
5167.1;41
5169.1;41
5171.1;41
5173.1;41
5175.3;41
5177.3;41
5179.3;41
5181.3;41
5183.5;41
5185.5;41
5187.5;41
5189.5;41
5191.5;41
5193.7;41
5195.7;41
5197.7;41
5199.7;41
5201.9;41
5203.9;41
5205.9;41
5207.9;41
5209.9;41
5211.9;41
5213.9;41
5215.9;41
5217.9;41
5219.9;41
5221.9;41
5223.9;41
5225.9;41
5227.9;41
5229.9;41
5232.1;41
5234.1;41
5236.1;41
5238.1;41
5240.1;41
5242.1;41
5244.1;41
5246.1;41
5248.1;41
5250.1;41
5252.3;41
5254.3;41
5256.3;41
5258.3;41
5260.5;41
5262.5;41
5264.5;41
5266.5;41
5268.5;41
5270.5;41
5272.5;41
5274.5;41
5276.7;41
5278.9;41
5280.9;41
5282.9;41
5284.9;41
5286.9;41
5288.9;41
5291.1;41
5293.1;41
5295.1;41
5297.1;41
5299.1;41
5301.1;41
5303.1;41
5305.1;41
5307.3;41
5309.3;41
5311.3;41
5313.3;41
5315.3;41
5317.5;41
5319.5;41
5321.5;41
5323.7;41
5325.7;41
5327.7;41
5329.7;41
5331.7;41
5333.7;41
5335.9;41
5337.9;41
5339.9;41
5341.9;41
5344.1;41
5346.1;41
5348.1;41
5350.1;41
5352.1;41
5354.1;41
5356.1;41
5358.1;41
5360.1;41
5362.3;41
5364.3;41
5366.3;41
5368.3;41
5370.3;41
5372.3;41
5374.3;41
5376.3;41
5378.3;41
5380.3;41
5382.3;41
5384.3;41
5386.3;41
5388.3;41
5390.3;41
5392.3;41
5394.3;41
5396.3;41
5398.5;41
5400.5;41
5402.5;41
5404.5;41
5406.5;41
5408.5;41
5410.5;41
5412.5;41
5414.5;41
5416.5;41
5418.5;41
5420.5;41
5422.5;41
5424.5;41
5426.5;41
5428.5;41
5430.5;41
5432.5;41
5434.5;41
5436.5;41
5438.5;41
5440.5;41
5442.7;41
5444.7;41
5446.9;41
5448.9;41
5450.9;41
5452.9;41
5454.9;41
5456.9;41
5458.9;41
5460.9;41
5463.1;41
5465.1;41
5467.1;41
5469.1;41
5471.1;41
5473.1;41
5475.3;41
5477.5;41
5479.5;41
5481.5;39
5483.5;39
5485.7;39
5487.9;39
5490.1;39
5492.1;39
5494.1;39
5496.1;39
5498.3;39
5500.3;39
5502.3;39
5504.3;39
5506.3;39
5508.3;39
5510.3;39
5512.5;39
5514.5;39
5516.5;39
5518.5;39
5520.5;39
5522.5;39
5524.5;39
5526.5;39
5528.5;39
5530.5;39
5532.5;39
5534.5;39
5536.5;39
5538.5;39
5540.5;39
5542.5;39
5544.5;39
5546.5;39
5548.7;39
5550.7;39
5552.7;39
5554.7;39
5556.7;39
5558.7;39
5560.7;39
5562.7;39
5564.7;39
5566.7;39
5568.7;39
5570.9;39
5572.9;39
5574.9;39
5576.9;39
5578.9;39
5580.9;39
5582.9;39
5585.1;39
5587.1;39
5589.1;39
5591.1;39
5593.1;39
5595.1;39
5597.1;39
5599.1;39
5601.1;39
5603.1;39
5605.1;39
5607.1;39
5609.1;39
5611.1;39
5613.1;39
5615.1;39
5617.1;39
5619.3;39
5621.3;39
5623.3;39
5625.3;39
5627.3;39
5629.5;39
5631.5;39
5633.5;39
5635.5;39
5637.5;39
5639.7;39
5641.7;39
5643.7;39
5645.7;39
5647.7;39
5649.7;39
5651.7;39
5653.7;39
5655.7;39
5657.7;39
5659.7;39
5661.7;39
5663.7;39
5665.7;39
5667.7;39
5669.7;39
5671.7;39
5673.9;39
5675.9;39
5677.9;39
5679.9;39
5681.9;39
5684.1;39
5686.1;39
5688.1;39
5690.1;39
5692.1;39
5694.1;39
5696.1;39
5698.1;39
5700.1;39
5702.3;39
5704.3;39
5706.3;39
5708.3;39
5710.5;39
5712.5;39
5714.5;39
5716.7;39
5718.7;39
5720.7;39
5722.7;39
5724.7;39
5726.7;39
5728.7;39
5730.9;39
5732.9;39
5734.9;39
5736.9;39
5738.9;39
5740.9;39
5742.9;39
5744.9;39
5746.9;39
5748.9;39
5750.9;39
5753.1;39
5755.1;39
5757.1;39
5759.3;39
5761.3;39
5763.3;39
5765.3;39
5767.3;39
5769.3;39
5771.3;39
5773.3;39
5775.5;39
5777.7;39
5779.9;39
5781.9;39
5783.9;39
5786.1;39
5788.1;39
5790.1;39
5792.1;39
5794.1;39
5796.1;39
5798.3;39
5800.5;39
5802.5;39
5804.5;39
5806.5;39
5808.5;39
5810.7;39
5812.7;39
5814.9;39
5816.9;39
5818.9;39
5820.9;39
5822.9;39
5824.9;39
5826.9;39
5828.9;39
5830.9;39
5832.9;39
5834.9;39
5836.9;39
5838.9;39
5840.9;39
5842.9;39
5844.9;39
5846.9;39
5848.9;39
5850.9;39
5853.1;39
5855.1;39
5857.1;39
5859.1;39
5861.1;39
5863.1;39
5865.3;39
5867.5;39
5869.5;39
5871.5;39
5873.5;39
5875.5;39
5877.5;39
5879.5;39
5881.5;39
5883.5;39
5885.5;39
5887.5;39
5889.5;39
5891.7;39
5893.7;39
5895.7;39
5897.7;39
5899.9;39
5901.9;39
5903.9;39
5905.9;39
5907.9;39
5909.9;39
5911.9;39
5913.9;39
5915.9;39
5917.9;39
5919.9;39
5921.9;39
5923.9;39
5925.9;39
5927.9;39
5929.9;39
5931.9;39
5933.9;39
5936.1;39
5938.1;39
5940.1;39
5942.3;39
5944.3;39
5946.3;39
5948.3;39
5950.3;39
5952.3;39
5954.3;39
5956.5;39
5958.5;39
5960.5;39
5962.7;39
5964.9;39
5966.9;39
5968.9;39
5970.9;39
5972.9;39
5974.9;39
5976.9;39
5978.9;39
5981.1;39
5983.1;39
5985.3;39
5987.3;39
5989.3;39
5991.3;39
5993.3;39
5995.3;39
5997.5;39
5999.7;39
6001.7;39
6003.7;39
6005.9;39
6007.9;39
6009.9;39
6011.9;39
6013.9;39
6015.9;39
6017.9;39
6019.9;39
6021.9;39
6023.9;39
6025.9;39
6028.1;39
6030.1;39
6032.1;39
6034.1;39
6036.1;39
6038.3;39
6040.3;39
6042.5;39
6044.5;39
6046.5;39
6048.7;39
6050.7;39
6052.7;39
6054.7;39
6056.7;39
6058.7;39
6060.7;39
6062.7;39
6064.9;39
6066.9;39
6068.9;39
6070.9;39
6072.9;39
6074.9;39
6076.9;39
6078.9;39
6081.1;39
6083.1;39
6085.1;39
6087.1;39
6089.1;39
6091.1;39
6093.1;39
6095.1;39
6097.1;39
6099.1;39
6101.3;39
6103.3;39
6105.3;39
6107.3;39
6109.3;39
6111.3;39
6113.3;39
6115.3;39
6117.3;39
6119.3;39
6121.3;39
6123.5;39
6125.5;39
6127.5;39
6129.5;39
6131.5;39
6133.5;39
6135.5;39
6137.5;39
6139.7;39
6141.7;39
6143.7;39
6145.7;39
6147.9;39
6149.9;39
6151.9;39
6153.9;39
6155.9;39
6158.1;39
6160.1;39
6162.1;39
6164.1;39
6166.1;39
6168.1;39
6170.1;39
6172.1;39
6174.1;39
6176.1;39
6178.1;39
6180.1;39
6182.1;39
6184.1;39
6186.1;39
6188.1;39
6190.1;39
6192.1;39
6194.1;39
6196.1;39
6198.1;39
6200.3;39
6202.3;39
6204.3;39
6206.3;39
6208.3;39
6210.5;39
6212.5;39
6214.5;39
6216.5;39
6218.5;39
6220.5;39
6222.5;39
6224.5;39
6226.5;39
6228.5;39
6230.5;39
6232.5;39
6234.5;39
6236.7;39
6238.9;39
6240.9;39
6242.9;39
6244.9;39
6246.9;39
6248.9;39
6250.9;39
6253.1;39
6255.1;39
6257.3;39
6259.3;39
6261.3;39
6263.3;39
6265.3;39
6267.5;39
6269.5;39
6271.7;39
6273.7;39
6275.7;39
6277.7;39
6279.7;39
6281.7;39
6283.9;39
6285.9;39
6287.9;39
6289.9;39
6291.9;39
6294.1;39
6296.1;39
6298.3;39
6300.5;39
6302.5;39
6304.5;39
6306.5;39
6308.7;39
6310.7;39
6312.7;39
6314.9;39
6316.9;39
6318.9;39
6320.9;39
6322.9;39
6324.9;39
6326.9;39
6328.9;39
6330.9;39
6332.9;39
6335.1;39
6337.3;39
6339.3;39
6341.5;39
6343.5;39
6345.5;39
6347.5;39
6349.5;39
6351.5;39
6353.5;39
6355.5;39
6357.5;39
6359.5;39
6361.5;39
6363.5;39
6365.5;39
6367.5;39
6369.5;39
6371.5;39
6373.5;39
6375.7;39
6377.7;39
6379.7;39
6381.7;39
6383.7;39
6385.7;39
6387.7;39
6389.7;39
6391.7;39
6393.7;39
6395.9;260
6397.9;260
6400.1;260
6402.1;260
6404.1;260
6406.3;260
6408.3;260
6410.3;260
6412.3;260
6414.3;260
6416.3;260
6418.3;260
6420.3;260
6422.3;260
6424.3;260
6426.3;260
6428.3;260
6430.3;260
6432.3;260
6434.3;260
6436.3;260
6438.3;260
6440.3;260
6442.3;260
6444.5;260
6446.5;260
6448.5;260
6450.7;260
6452.7;260
6454.7;260
6456.7;260
6458.7;260
6460.7;260
6462.9;260
6464.9;260
6466.9;260
6468.9;260
6470.9;260
6472.9;260
6475.1;260
6477.3;260
6479.3;260
6481.3;260
6483.3;260
6485.3;260
6487.5;260
6489.7;260
6491.7;260
6493.7;260
6495.7;260
6497.7;260
6499.7;260
6501.7;260
6503.7;260
6505.7;260
6507.7;260
6509.7;260
6511.7;260
6513.7;260
6515.7;260
6517.7;260
6519.7;260
6521.7;260
6523.7;260
6525.7;260
6527.7;260
6529.9;260
6531.9;260
6533.9;260
6536.1;260
6538.1;260
6540.1;260
6542.1;260
6544.1;260
6546.1;260
6548.1;260
6550.3;260
6552.3;260
6554.3;260
6556.3;260
6558.5;260
6560.7;260
6562.7;260
6564.7;260
6566.7;260
6568.7;260
6570.7;260
6572.7;260
6574.7;260
6576.7;260
6578.7;260
6580.7;260
6582.7;260
6584.7;260
6586.7;260
6588.9;260
6590.9;260
6593.1;260
6595.1;260
6597.1;260
6599.1;260
6601.1;260
6603.1;260
6605.1;260
6607.1;260
6609.1;260
6611.1;260
6613.1;260
6615.1;260
6617.1;260
6619.3;260
6621.3;260
6623.3;260
6625.3;260
6627.3;260
6629.3;260
6631.3;260
6633.3;260
6635.3;260
6637.3;260
6639.3;260
6641.3;260
6643.3;260
6645.5;260
6647.5;260
6649.5;260
6651.5;260
6653.5;260
6655.7;260
6657.9;260
6659.9;260
6662.1;260
6664.1;260
6666.1;260
6668.1;260
6670.1;260
6672.3;260
6674.3;260
6676.3;260
6678.3;260
6680.5;260
6682.5;260
6684.5;260
6686.5;260
6688.5;260
6690.7;260
6692.7;260
6694.7;260
6696.7;260
6698.7;260
6700.7;260
6702.7;260
6704.7;260
6706.7;260
6708.9;260
6710.9;260
6712.9;260
6714.9;260
6716.9;260
6718.9;260
6720.9;260
6722.9;260
6725.1;260
6727.1;260
6729.3;260
6731.3;260
6733.3;260
6735.5;260
6737.5;260
6739.5;260
6741.5;260
6743.5;260
6745.5;260
6747.7;260
6749.7;260
6751.7;260
6753.7;260
6755.7;260
6757.7;260
6759.9;260
6762.1;260
6764.1;260
6766.3;260
6768.3;260
6770.3;260
6772.3;260
6774.3;260
6776.3;260
6778.3;260
6780.3;260
6782.3;260
6784.3;260
6786.3;260
6788.3;260
6790.3;260
6792.3;260
6794.3;260
6796.3;260
6798.5;260
6800.5;260
6802.5;260
6804.5;260
6806.5;260
6808.5;260
6810.7;260
6812.7;260
6814.7;260
6816.7;260
6818.7;260
6820.9;260
6822.9;260
6824.9;260
6826.9;260
6828.9;260
6830.9;260
6832.9;260
6835.1;260
6837.1;260
6839.1;260
6841.3;260
6843.3;260
6845.3;260
6847.5;260
6849.5;260
6851.5;260
6853.5;260
6855.5;260
6857.5;260
6859.5;260
6861.5;260
6863.5;260
6865.5;260
6867.5;260
6869.5;260
6871.5;260
6873.5;260
6875.5;260
6877.7;260
6879.7;260
6881.9;260
6883.9;260
6886.1;260
6888.3;260
6890.5;260
6892.5;260
6894.5;260
6896.5;260
6898.5;260
6900.5;260
6902.5;260
6904.5;260
6906.5;260
6908.5;260
6910.5;260
6912.5;260
6914.5;260
6916.5;260
6918.5;260
6920.7;260
6922.7;260
6924.7;260
6926.7;260
6928.9;260
6930.9;260
6933.1;260
6935.1;260
6937.1;260
6939.1;260
6941.1;260
6943.1;260
6945.1;260
6947.1;260
6949.1;260
6951.1;260
6953.1;260
6955.1;260
6957.1;260
6959.3;260
6961.3;260
6963.3;260
6965.3;260
6967.3;260
6969.3;260
6971.3;260
6973.3;260
6975.3;260
6977.3;260
6979.3;260
6981.3;260
6983.3;260
6985.3;260
6987.3;260
6989.3;260
6991.3;260
6993.3;260
6995.3;260
6997.3;260
6999.3;260
7001.3;260
7003.5;260
7005.5;260
7007.5;260
7009.5;260
7011.5;260
7013.5;260
7015.5;260
7017.5;260
7019.5;260
7021.5;260
7023.5;260
7025.5;260
7027.5;260
7029.5;260
7031.5;260
7033.5;260
7035.5;260
7037.5;260
7039.5;260
7041.7;260
7043.7;260
7045.7;260
7047.9;260
7049.9;260
7051.9;260
7053.9;260
7055.9;260
7058.1;260
7060.3;260
7062.3;260
7064.3;260
7066.3;260
7068.3;260
7070.3;260
7072.3;260
7074.3;260
7076.3;260
7078.3;260
7080.3;260
7082.5;260
7084.5;260
7086.5;260
7088.5;260
7090.5;260
7092.5;260
7094.5;260
7096.5;260
7098.5;260
7100.5;260
7102.5;260
7104.5;260
7106.5;260
7108.5;260
7110.7;260
7112.9;260
7114.9;260
7117.1;260
7119.1;260
7121.1;260
7123.1;260
7125.1;260
7127.1;260
7129.3;260
7131.3;260
7133.3;260
7135.3;260
7137.3;260
7139.3;260
7141.5;260
7143.5;260
7145.5;260
7147.7;260
7149.7;260
7151.9;260
7153.9;260
7155.9;260
7157.9;260
7160.1;260
7162.1;260
7164.3;260
7166.3;260
7168.3;260
7170.5;260
7172.7;260
7174.7;260
7176.7;260
7178.7;260
7180.7;260
7182.7;260
7184.7;260
7186.7;260
7188.7;260
7190.7;260
7192.7;260
7194.7;260
7196.7;260
7198.7;260
7200.7;260
7202.9;260
7205.1;260
7207.1;260
7209.1;260
7211.1;260
7213.1;260
7215.3;260
7217.3;260
7219.3;260
7221.3;260
7223.5;260
7225.5;260
7227.5;260
7229.5;260
7231.5;260
7233.5;260
7235.7;260
7237.7;260
7239.7;260
7241.9;260
7243.9;260
7245.9;260
7247.9;260
7249.9;260
7251.9;260
7254.1;260
7256.1;260
7258.3;260
7260.3;260
7262.3;260
7264.3;260
7266.3;260
7268.3;260
7270.3;260
7272.3;260
7274.3;260
7276.3;260
7278.5;260
7280.5;260
7282.5;260
7284.5;260
7286.5;260
7288.5;260
7290.5;260
7292.5;260
7294.7;260
7296.7;260
7298.7;260
7300.7;260
7302.7;260
7304.7;260
7306.7;260
7308.7;260
7310.9;275
7312.9;275
7314.9;275
7317.1;275
7319.1;275
7321.1;275
7323.3;275
7325.3;275
7327.3;275
7329.3;275
7331.3;275
7333.5;275
7335.5;275
7337.5;275
7339.5;275
7341.5;275
7343.5;275
7345.5;275
7347.5;275
7349.5;275
7351.7;275
7353.7;275
7355.7;275
7357.9;275
7360.1;275
7362.1;275
7364.1;275
7366.1;275
7368.1;275
7370.1;275
7372.3;275
7374.3;275
7376.3;275
7378.5;275
7380.7;275
7382.7;275
7384.7;275
7386.7;275
7388.7;275
7390.7;275
7392.7;275
7394.7;275
7396.7;275
7398.7;275
7400.7;275
7402.7;275
7404.9;275
7406.9;275
7408.9;275
7410.9;275
7412.9;275
7414.9;275
7416.9;275
7418.9;275
7421.1;275
7423.3;275
7425.3;275
7427.3;275
7429.3;275
7431.3;275
7433.3;275
7435.5;275
7437.5;275
7439.5;275
7441.5;275
7443.5;275
7445.5;275
7447.7;275
7449.7;275
7451.7;275
7453.7;275
7455.7;275
7457.7;275
7459.7;275
7461.7;275
7463.7;275
7465.7;275
7467.7;275
7469.7;275
7471.7;275
7473.7;275
7475.7;275
7477.7;275
7479.7;275
7481.9;275
7483.9;275
7485.9;275
7487.9;275
7489.9;275
7491.9;275
7493.9;275
7495.9;275
7497.9;275
7499.9;275
7501.9;275
7503.9;275
7505.9;275
7507.9;275
7509.9;275
7511.9;275
7513.9;275
7515.9;275
7517.9;275
7519.9;275
7521.9;275
7523.9;275
7525.9;275
7527.9;275
7530.1;275
7532.1;275
7534.1;275
7536.1;275
7538.1;275
7540.1;275
7542.1;275
7544.1;275
7546.1;275
7548.1;275
7550.1;275
7552.1;275
7554.1;275
7556.1;275
7558.1;275
7560.3;275
7562.3;275
7564.3;275
7566.3;275
7568.3;275
7570.3;275
7572.5;275
7574.5;275
7576.5;275
7578.5;275
7580.5;275
7582.7;275
7584.7;275
7586.7;275
7588.7;275
7590.7;275
7592.7;275
7594.7;275
7596.9;275
7598.9;275
7600.9;275
7602.9;275
7604.9;275
7606.9;275
7608.9;275
7610.9;275
7612.9;275
7614.9;275
7616.9;275
7618.9;275
7620.9;275
7622.9;275
7624.9;275
7626.9;275
7628.9;275
7630.9;275
7633.1;275
7635.1;275
7637.1;275
7639.1;275
7641.1;275
7643.3;275
7645.3;275
7647.3;275
7649.3;275
7651.3;275
7653.3;275
7655.3;275
7657.5;275
7659.5;275
7661.5;275
7663.7;275
7665.7;275
7667.7;275
7669.9;275
7671.9;275
7673.9;275
7675.9;275
7677.9;275
7679.9;275
7681.9;275
7683.9;275
7685.9;275
7687.9;275
7689.9;275
7691.9;275
7694.1;275
7696.1;275
7698.1;275
7700.1;275
7702.3;275
7704.5;275
7706.7;275
7708.7;275
7710.7;275
7712.7;275
7714.7;275
7716.7;275
7718.9;275
7720.9;275
7722.9;275
7724.9;275
7726.9;275
7728.9;275
7730.9;275
7732.9;275
7734.9;275
7736.9;275
7738.9;275
7740.9;275
7743.1;275
7745.1;275
7747.1;275
7749.3;275
7751.3;275
7753.3;275
7755.3;275
7757.3;275
7759.3;275
7761.3;275
7763.5;275
7765.7;275
7767.7;275
7769.9;275
7771.9;275
7773.9;275
7776.1;275
7778.1;275
7780.1;275
7782.1;275
7784.3;275
7786.3;275
7788.3;275
7790.3;275
7792.3;275
7794.3;275
7796.5;275
7798.5;275
7800.5;275
7802.5;275
7804.5;275
7806.7;275
7808.9;275
7811.1;275
7813.3;275
7815.3;275
7817.3;275
7819.3;275
7821.3;275
7823.3;275
7825.3;275
7827.3;275
7829.3;275
7831.3;275
7833.3;275
7835.5;275
7837.5;275
7839.5;275
7841.5;275
7843.5;275
7845.5;275
7847.5;275
7849.5;275
7851.5;275
7853.7;275
7855.9;275
7857.9;275
7859.9;275
7861.9;275
7863.9;275
7865.9;275
7867.9;275
7870.1;275
7872.1;275
7874.3;275
7876.3;275
7878.3;275
7880.3;275
7882.3;275
7884.3;275
7886.3;275
7888.3;275
7890.3;275
7892.3;275
7894.3;275
7896.3;275
7898.3;275
7900.3;275
7902.3;275
7904.3;275
7906.3;275
7908.3;275
7910.3;275
7912.3;275
7914.5;275
7916.5;275
7918.5;275
7920.5;275
7922.5;275
7924.7;275
7926.7;275
7928.7;275
7930.7;275
7932.9;275
7934.9;275
7936.9;275
7938.9;275
7940.9;275
7942.9;275
7944.9;275
7946.9;275
7948.9;275
7950.9;275
7952.9;275
7955.1;275
7957.1;275
7959.1;275
7961.1;275
7963.1;275
7965.1;275
7967.1;275
7969.1;275
7971.1;275
7973.1;275
7975.3;275
7977.3;275
7979.3;275
7981.3;275
7983.3;275
7985.5;275
7987.5;275
7989.5;275
7991.7;275
7993.7;275
7995.7;275
7997.7;275
7999.7;275
8001.9;275
8003.9;275
8005.9;275
8007.9;275
8009.9;275
8012.1;275
8014.1;275
8016.1;275
8018.3;275
8020.3;275
8022.3;275
8024.3;275
8026.3;275
8028.3;275
8030.3;275
8032.3;275
8034.3;275
8036.3;275
8038.3;275
8040.3;275
8042.3;275
8044.3;275
8046.5;275
8048.5;275
8050.5;275
8052.5;275
8054.5;275
8056.5;275
8058.5;275
8060.5;275
8062.5;275
8064.5;275
8066.5;275
8068.7;275
8070.9;275
8072.9;275
8074.9;275
8076.9;275
8078.9;275
8080.9;275
8082.9;275
8085.1;275
8087.1;275
8089.1;275
8091.1;275
8093.1;275
8095.1;275
8097.3;275
8099.3;275
8101.5;275
8103.5;275
8105.5;275
8107.5;275
8109.5;275
8111.5;275
8113.5;275
8115.5;275
8117.5;275
8119.7;275
8121.7;275
8123.7;275
8125.7;275
8127.7;275
8129.9;275
8131.9;275
8133.9;275
8135.9;275
8137.9;275
8140.1;275
8142.1;275
8144.1;275
8146.3;275
8148.3;275
8150.5;275
8152.5;275
8154.5;275
8156.5;275
8158.5;275
8160.5;275
8162.5;275
8164.5;275
8166.5;275
8168.5;275
8170.5;275
8172.5;275
8174.5;275
8176.5;275
8178.5;275
8180.5;275
8182.5;275
8184.5;275
8186.5;275
8188.5;275
8190.5;275
8192.7;275
8194.7;275
8196.7;275
8198.7;275
8200.7;275
8202.7;275
8204.7;275
8206.7;275
8208.7;275
8210.7;275
8212.7;275
8214.7;275
8216.7;275
8218.7;275
8220.7;275
8222.7;275
8224.7;275
8226.7;275
8228.7;275
8230.7;275
8232.7;275
8234.7;275
8236.7;275
8238.7;275
8240.9;275
8242.9;275
8244.9;275
8247.1;275
8249.1;275
8251.1;275
8253.1;275
8255.1;275
8257.1;275
8259.1;275
8261.1;275
8263.1;275
8265.1;275
8267.1;275
8269.1;275
8271.1;275
8273.3;275
8275.5;275
8277.5;275
8279.5;275
8281.5;275
8283.5;275
8285.5;275
8287.7;275
8289.7;275
8291.7;275
8293.7;275
8295.7;275
8297.7;275
8299.7;275
8301.7;275
8303.7;275
8305.7;275
8307.9;275
8309.9;275
8312.1;275
8314.1;275
8316.1;275
8318.1;275
8320.1;275
8322.3;275
8324.3;275
8326.3;275
8328.3;275
8330.3;275
8332.3;275
8334.5;275
8336.7;275
8338.7;275
8340.7;275
8342.7;275
8344.7;275
8346.7;275
8348.7;275
8350.9;275
8352.9;275
8354.9;275
8356.9;275
8358.9;275
8360.9;275
8363.1;275
8365.3;275
8367.3;275
8369.3;275
8371.3;275
8373.3;275
8375.3;275
8377.3;275
8379.3;275
8381.3;275
8383.3;275
8385.3;275
8387.3;275
8389.3;275
8391.3;275
8393.3;275
8395.3;275
8397.3;275
8399.3;275
8401.3;275
8403.5;275
8405.5;275
8407.5;275
8409.5;275
8411.5;275
8413.5;275
8415.7;275
8417.7;275
8419.7;275
8421.7;275
8423.7;275
8425.7;275
8427.7;275
8429.7;275
8431.9;275
8433.9;275
8436.1;275
8438.1;275
8440.1;275
8442.1;275
8444.1;275
8446.1;275
8448.1;275
8450.1;275
8452.1;275
8454.1;275
8456.1;275
8458.1;275
8460.1;275
8462.1;275
8464.1;275
8466.1;275
8468.3;275
8470.3;275
8472.3;275
8474.3;275
8476.3;275
8478.3;275
8480.3;275
8482.3;275
8484.3;275
8486.3;275
8488.3;275
8490.3;275
8492.3;275
8494.3;275
8496.5;275
8498.5;275
8500.5;275
8502.7;275
8504.7;275
8506.7;275
8508.7;275
8510.7;275
8512.9;275
8514.9;275
8516.9;275
8518.9;275
8520.9;275
8523.1;275
8525.1;275
8527.1;275
8529.1;275
8531.1;275
8533.1;275
8535.1;275
8537.1;275
8539.3;275
8541.3;275
8543.3;275
8545.3;275
8547.5;275
8549.5;275
8551.5;275
8553.5;275
8555.7;275
8557.7;275
8559.7;275
8561.7;275
8563.9;275
8565.9;275
8567.9;275
8570.1;275
8572.1;275
8574.1;275
8576.1;275
8578.1;275
8580.1;275
8582.1;275
8584.1;275
8586.1;275
8588.1;275
8590.1;275
8592.1;275
8594.1;275
8596.1;275
8598.1;275
8600.3;275
8602.3;275
8604.3;275
8606.5;275
8608.5;275
8610.5;275
8612.5;275
8614.5;275
8616.5;275
8618.5;275
8620.5;275
8622.7;275
8624.7;275
8626.7;275
8628.7;275
8630.7;275
8632.7;275
8634.9;275
8636.9;275
8638.9;275
8640.9;275
8642.9;275
8644.9;275
8646.9;275
8648.9;275
8650.9;275
8652.9;275
8654.9;275
8656.9;275
8658.9;275
8660.9;275
8662.9;275
8664.9;275
8666.9;275
8668.9;275
8670.9;275
8672.9;275
8674.9;275
8676.9;275
8678.9;275
8680.9;275
8682.9;275
8685.1;275
8687.1;275
8689.1;275
8691.3;275
8693.3;275
8695.3;275
8697.3;275
8699.3;275
8701.3;275
8703.3;275
8705.3;275
8707.3;275
8709.3;275
8711.5;275
8713.5;275
8715.5;275
8717.5;275
8719.5;275
8721.5;275
8723.5;275
8725.5;275
8727.5;275
8729.5;275
8731.5;275
8733.7;275
8735.7;275
8737.7;275
8739.7;275
8741.7;275
8743.7;275
8745.7;275
8747.7;275
8749.7;275
8751.7;275
8753.7;275
8755.7;275
8757.7;275
8759.7;275
8761.7;275
8763.7;275
8765.7;275
8767.7;275
8769.9;275
8771.9;275
8773.9;275
8775.9;275
8778.1;275
8780.1;275
8782.1;275
8784.1;275
8786.1;275
8788.1;275
8790.1;275
8792.1;275
8794.1;275
8796.1;275
8798.1;275
8800.1;275
8802.1;275
8804.1;275
8806.1;275
8808.1;275
8810.1;275
8812.3;275
8814.5;275
8816.5;275
8818.5;275
8820.5;275
8822.5;275
8824.5;275
8826.5;275
8828.7;275
8830.7;275
8832.7;275
8834.7;275
8836.9;275
8838.9;275
8841.1;275
8843.1;275
8845.1;275
8847.3;275
8849.3;275
8851.3;275
8853.3;275
8855.3;275
8857.5;275
8859.7;275
8861.7;275
8863.7;275
8865.7;275
8867.7;275
8869.7;275
8871.7;275
8873.7;275
8875.7;275
8877.7;275
8879.7;275
8881.7;275
8883.7;275
8885.7;275
8887.7;275
8889.9;275
8891.9;275
8893.9;275
8895.9;275
8898.1;275
8900.3;275
8902.3;275
8904.3;275
8906.3;275
8908.3;275
8910.5;275
8912.5;275
8914.7;275
8916.7;275
8918.7;275
8920.7;275
8922.7;275
8924.7;275
8926.7;275
8928.9;275
8930.9;275
8933.1;275
8935.1;275
8937.1;275
8939.1;275
8941.1;275
8943.1;275
8945.3;275
8947.3;275
8949.3;275
8951.3;275
8953.3;275
8955.3;275
8957.3;275
8959.3;275
8961.3;275
8963.5;275
8965.5;275
8967.5;275
8969.5;275
8971.5;275
8973.5;275
8975.5;275
8977.7;275
8979.7;275
8981.7;275
8983.7;275
8985.7;275
8987.7;275
8989.7;275
8991.9;275
8993.9;275
8995.9;275
8997.9;275
8999.9;275
9001.9;275
9003.9;275
9005.9;275
9007.9;275
9009.9;275
9011.9;275
9014.1;275
9016.1;275
9018.1;275
9020.3;275
9022.3;275
9024.3;275
9026.3;275
9028.3;275
9030.5;275
9032.5;275
9034.5;275
9036.5;275
9038.5;275
9040.5;275
9042.5;275
9044.5;275
9046.5;275
9048.5;275
9050.7;275
9052.7;275
9054.7;275
9056.7;275
9058.7;275
9060.7;275
9062.7;275
9064.7;275
9066.7;275
9068.7;275
9070.7;275
9072.9;275
9074.9;275
9077.1;275
9079.1;275
9081.1;275
9083.1;275
9085.1;275
9087.1;275
9089.1;275
9091.1;275
9093.1;275
9095.1;275
9097.3;275
9099.5;275
9101.5;275
9103.5;275
9105.5;275
9107.5;275
9109.5;275
9111.5;275
9113.5;275
9115.7;275
9117.7;275
9119.7;275
9121.7;275
9123.7;275
9125.7;275
9127.9;275
9129.9;275
9131.9;275
9133.9;275
9136.1;275
9138.1;40
9140.1;40
9142.3;40
9144.3;40
9146.3;40
9148.3;40
9150.3;40
9152.3;40
9154.3;40
9156.3;40
9158.3;40
9160.3;40
9162.5;40
9164.7;40
9166.7;40
9168.7;40
9170.7;40
9172.7;40
9174.7;40
9176.7;40
9178.7;40
9180.7;40
9182.7;40
9184.7;40
9186.7;40
9188.7;40
9190.7;40
9192.7;40
9194.7;40
9196.7;40
9198.7;40
9200.7;40
9202.7;40
9204.9;40
9206.9;40
9208.9;40
9210.9;40
9212.9;40
9214.9;40
9216.9;40
9218.9;40
9220.9;40
9222.9;40
9224.9;40
9227.1;40
9229.1;40
9231.3;40
9233.3;40
9235.3;40
9237.3;40
9239.3;40
9241.3;40
9243.3;40
9245.3;40
9247.3;40
9249.3;40
9251.3;40
9253.3;40
9255.3;40
9257.5;40
9259.5;40
9261.5;40
9263.5;40
9265.5;40
9267.5;40
9269.7;40
9271.9;40
9273.9;40
9275.9;40
9277.9;40
9279.9;40
9281.9;40
9283.9;40
9285.9;40
9287.9;40
9289.9;40
9291.9;40
9293.9;40
9296.1;40
9298.3;40
9300.3;40
9302.3;40
9304.3;40
9306.3;40
9308.3;40
9310.3;40
9312.3;40
9314.3;40
9316.3;40
9318.3;40
9320.3;40
9322.3;40
9324.3;40
9326.5;40
9328.5;40
9330.5;40
9332.5;40
9334.5;40
9336.7;40
9338.9;40
9340.9;40
9342.9;40
9344.9;40
9346.9;40
9348.9;40
9350.9;40
9352.9;40
9354.9;40
9356.9;40
9359.1;40
9361.1;40
9363.1;40
9365.1;40
9367.1;40
9369.3;40
9371.3;40
9373.3;40
9375.3;40
9377.3;40
9379.5;40
9381.5;40
9383.5;40
9385.5;40
9387.5;40
9389.5;40
9391.5;40
9393.5;40
9395.7;40
9397.7;40
9399.7;40
9401.7;40
9403.9;40
9405.9;40
9407.9;40
9409.9;40
9411.9;40
9413.9;40
9415.9;40
9417.9;40
9419.9;40
9421.9;40
9423.9;40
9425.9;40
9428.1;40
9430.1;40
9432.1;40
9434.3;40
9436.3;40
9438.3;40
9440.3;40
9442.3;40
9444.3;40
9446.5;40
9448.5;40
9450.5;40
9452.5;40
9454.5;40
9456.5;40
9458.5;40
9460.5;40
9462.5;40
9464.5;40
9466.5;40
9468.7;40
9470.7;40
9472.7;40
9474.7;40
9476.7;40
9478.7;40
9480.7;40
9482.7;40
9484.7;40
9486.9;40
9488.9;40
9490.9;40
9492.9;40
9495.1;40
9497.1;40
9499.1;40
9501.3;40
9503.3;40
9505.3;40
9507.5;40
9509.5;40
9511.7;40
9513.7;40
9515.9;40
9517.9;40
9520.1;40
9522.1;40
9524.1;40
9526.3;40
9528.3;40
9530.5;40
9532.7;40
9534.7;40
9536.7;40
9538.7;40
9540.7;40
9542.7;40
9544.7;40
9546.7;40
9548.7;40
9550.7;40
9552.7;40
9554.7;40
9556.7;40
9558.7;40
9560.7;40
9562.7;40
9564.7;40
9566.7;40
9568.7;40
9570.7;40
9572.7;40
9574.7;40
9576.9;40
9578.9;40
9580.9;40
9582.9;40
9585.1;40
9587.1;40
9589.1;40
9591.1;40
9593.1;40
9595.1;40
9597.3;40
9599.3;40
9601.3;40
9603.3;40
9605.3;40
9607.3;40
9609.3;40
9611.3;40
9613.3;40
9615.5;40
9617.5;40
9619.5;40
9621.5;40
9623.5;40
9625.5;40
9627.5;40
9629.5;40
9631.5;40
9633.5;40
9635.5;40
9637.7;40
9639.7;40
9641.7;40
9643.7;40
9645.7;40
9647.7;40
9649.7;40
9651.7;40
9653.9;40
9655.9;40
9658.1;40
9660.1;40
9662.3;40
9664.5;40
9666.5;40
9668.5;40
9670.7;40
9672.7;40
9674.7;40
9676.7;40
9678.7;40
9680.7;40
9682.7;40
9684.7;40
9686.7;40
9688.7;40
9690.7;40
9692.7;40
9694.9;40
9696.9;40
9698.9;40
9700.9;40
9702.9;40
9704.9;40
9706.9;40
9708.9;40
9711.1;40
9713.1;40
9715.1;40
9717.1;40
9719.1;40
9721.1;40
9723.1;40
9725.1;40
9727.1;40
9729.1;40
9731.1;40
9733.1;40
9735.1;40
9737.1;40
9739.1;40
9741.1;40
9743.1;40
9745.3;40
9747.3;40
9749.3;40
9751.3;40
9753.3;40
9755.5;40
9757.5;40
9759.5;40
9761.5;40
9763.5;40
9765.7;40
9767.7;40
9769.7;40
9771.7;40
9773.7;40
9775.7;40
9777.7;40
9779.9;40
9781.9;40
9783.9;40
9785.9;40
9787.9;40
9789.9;40
9791.9;40
9793.9;40
9795.9;40
9797.9;40
9799.9;40
9802.1;40
9804.1;40
9806.1;40
9808.3;40
9810.3;40
9812.3;40
9814.3;40
9816.3;40
9818.3;40
9820.3;40
9822.3;40
9824.3;40
9826.3;40
9828.3;40
9830.3;40
9832.3;40
9834.3;40
9836.3;40
9838.3;40
9840.3;40
9842.3;40
9844.3;40
9846.3;40
9848.5;40
9850.5;40
9852.5;40
9854.7;40
9856.7;40
9858.7;40
9860.7;40
9862.7;40
9864.7;40
9866.7;40
9868.7;40
9870.7;40
9872.7;40
9874.7;40
9876.7;40
9878.7;40
9880.7;40
9882.7;40
9884.7;40
9886.7;40
9888.7;40
9890.7;40
9892.7;40
9894.7;40
9896.7;40
9898.7;40
9900.7;40
9902.7;40
9904.9;40
9906.9;40
9909.1;40
9911.3;40
9913.3;40
9915.3;40
9917.3;40
9919.3;40
9921.5;40
9923.7;40
9925.7;40
9927.7;40
9929.7;40
9931.7;40
9933.7;40
9935.7;40
9937.7;40
9939.7;40
9941.7;40
9943.7;40
9945.7;40
9947.7;40
9949.9;40
9951.9;40
9953.9;40
9955.9;40
9957.9;40
9959.9;40
9961.9;40
9963.9;40
9965.9;40
9968.1;40
9970.1;40
9972.1;40
9974.1;40
9976.1;40
9978.1;40
9980.1;40
9982.1;40
9984.1;40
9986.1;40
9988.1;40
9990.1;40
9992.3;40
9994.3;40
9996.3;40
9998.3;40
10000.3;40
10002.3;40
10004.3;40
10006.3;40
10008.3;40
10010.5;40
10012.7;40
10014.7;40
10016.7;40
10018.7;40
10020.7;40
10022.7;40
10024.9;40
10026.9;40
10028.9;40
10030.9;40
10033.1;40
10035.3;40
10037.3;40
10039.3;40
10041.5;40
10043.5;40
10045.5;40
10047.5;40
10049.5;40
10051.7;405
10053.7;405
10055.7;405
10057.9;405
10059.9;405
10061.9;405
10063.9;405
10065.9;405
10067.9;405
10069.9;405
10071.9;405
10073.9;405
10075.9;405
10077.9;405
10080.1;405
10082.1;405
10084.1;405
10086.1;405
10088.1;405
10090.1;405
10092.1;405
10094.1;405
10096.3;405
10098.3;405
10100.3;405
10102.3;405
10104.3;405
10106.3;405
10108.3;405
10110.3;405
10112.3;405
10114.3;405
10116.3;405
10118.3;405
10120.3;405
10122.3;405
10124.3;405
10126.3;405
10128.5;405
10130.5;405
10132.5;405
10134.5;405
10136.7;405
10138.7;405
10140.7;405
10142.7;405
10144.9;405
10146.9;405
10149.1;405
10151.1;405
10153.1;405
10155.1;405
10157.1;405
10159.1;405
10161.1;405
10163.3;405
10165.3;405
10167.3;405
10169.3;405
10171.5;405
10173.5;405
10175.5;405
10177.5;405
10179.5;405
10181.5;405
10183.5;405
10185.5;405
10187.5;405
10189.5;405
10191.5;405
10193.5;405
10195.5;405
10197.5;405
10199.5;405
10201.5;405
10203.5;405
10205.5;405
10207.5;405
10209.7;405
10211.7;405
10213.7;405
10215.7;405
10217.7;405
10219.7;405
10221.7;405
10223.7;405
10225.7;405
10227.7;405
10229.9;405
10231.9;405
10233.9;405
10235.9;405
10237.9;405
10239.9;405
10241.9;405
10243.9;405
10245.9;405
10247.9;405
10249.9;405
10251.9;405
10253.9;405
10255.9;405
10258.1;405
10260.3;405
10262.3;405
10264.5;405
10266.5;405
10268.5;405
10270.5;405
10272.5;405
10274.5;405
10276.5;405
10278.5;405
10280.5;405
10282.5;405
10284.5;405
10286.5;405
10288.5;405
10290.5;405
10292.5;405
10294.5;405
10296.5;405
10298.5;405
10300.5;405
10302.5;405
10304.5;405
10306.5;405
10308.5;405
10310.5;405
10312.7;405
10314.7;405
10316.7;405
10318.7;405
10320.9;405
10322.9;405
10324.9;405
10326.9;405
10328.9;405
10331.1;405
10333.3;405
10335.3;405
10337.3;405
10339.5;405
10341.5;405
10343.5;405
10345.5;405
10347.5;405
10349.5;405
10351.5;405
10353.5;405
10355.5;405
10357.5;405
10359.5;405
10361.7;405
10363.7;405
10365.7;405
10367.9;405
10369.9;405
10371.9;405
10373.9;405
10375.9;405
10377.9;405
10380.1;405
10382.1;405
10384.1;405
10386.1;405
10388.1;405
10390.1;405
10392.1;405
10394.1;405
10396.1;405
10398.1;405
10400.3;405
10402.3;405
10404.3;405
10406.5;405
10408.5;405
10410.5;405
10412.5;405
10414.5;405
10416.5;405
10418.5;405
10420.5;405
10422.5;405
10424.5;405
10426.5;405
10428.5;405
10430.5;405
10432.5;405
10434.5;405
10436.5;405
10438.5;405
10440.7;405
10442.7;405
10444.9;405
10446.9;405
10448.9;405
10450.9;405
10452.9;405
10455.1;405
10457.1;405
10459.1;405
10461.1;405
10463.1;405
10465.1;405
10467.1;405
10469.1;405
10471.1;405
10473.1;405
10475.3;405
10477.3;405
10479.3;405
10481.3;405
10483.3;405
10485.3;405
10487.3;405
10489.5;405
10491.5;405
10493.7;405
10495.7;405
10497.7;405
10499.7;405
10501.7;405
10503.7;405
10505.7;405
10507.7;405
10509.7;405
10511.7;405
10513.7;405
10515.7;405
10517.7;405
10519.7;405
10521.7;405
10523.7;405
10525.7;405
10527.7;405
10529.7;405
10531.7;405
10533.7;405
10535.7;405
10537.7;405
10539.7;405
10541.7;405
10543.9;405
10545.9;405
10547.9;405
10549.9;405
10551.9;405
10553.9;405
10555.9;405
10557.9;405
10559.9;405
10561.9;405
10564.1;405
10566.1;405
10568.1;405
10570.3;405
10572.3;405
10574.3;405
10576.3;405
10578.3;405
10580.3;405
10582.5;405
10584.5;405
10586.5;405
10588.5;405
10590.5;405
10592.5;405
10594.5;405
10596.7;405
10598.7;405
10600.7;405
10602.7;405
10604.7;405
10606.7;405
10608.7;405
10610.7;405
10612.7;405
10614.7;405
10616.7;405
10618.7;405
10620.7;405
10622.7;405
10624.9;405
10626.9;405
10628.9;405
10630.9;405
10632.9;405
10634.9;405
10636.9;405
10638.9;405
10640.9;405
10642.9;405
10645.1;405
10647.1;405
10649.3;405
10651.3;405
10653.3;405
10655.3;405
10657.3;405
10659.5;405
10661.7;405
10663.7;405
10665.7;405
10667.7;405
10669.9;405
10671.9;405
10673.9;405
10676.1;405
10678.3;405
10680.3;405
10682.3;405
10684.3;405
10686.3;405
10688.3;405
10690.3;405
10692.3;405
10694.3;405
10696.3;405
10698.3;405
10700.3;405
10702.3;405
10704.3;405
10706.3;405
10708.3;405
10710.3;405
10712.3;405
10714.3;405
10716.3;405
10718.3;405
10720.3;405
10722.5;405
10724.7;405
10726.7;405
10728.9;405
10730.9;405
10732.9;405
10735.1;405
10737.1;405
10739.1;405
10741.1;405
10743.1;405
10745.1;405
10747.1;405
10749.1;405
10751.1;405
10753.1;405
10755.3;405
10757.5;405
10759.7;405
10761.7;405
10763.7;405
10765.7;405
10767.7;405
10769.7;405
10771.7;405
10773.7;405
10775.7;405
10777.7;405
10779.9;405
10781.9;405
10783.9;405
10786.1;405
10788.3;405
10790.3;405
10792.3;405
10794.3;405
10796.3;405
10798.3;405
10800.5;405
10802.5;405
10804.5;405
10806.5;405
10808.5;405
10810.7;405
10812.7;405
10814.7;405
10816.7;405
10818.7;405
10820.9;405
10822.9;405
10824.9;405
10826.9;405
10828.9;405
10830.9;405
10833.1;405
10835.1;405
10837.1;405
10839.3;405
10841.3;405
10843.3;405
10845.5;405
10847.5;405
10849.5;405
10851.5;405
10853.5;405
10855.5;405
10857.7;405
10859.7;405
10861.7;405
10863.7;405
10865.7;405
10867.7;405
10869.7;405
10871.7;405
10873.7;405
10875.7;405
10877.9;405
10879.9;405
10881.9;405
10883.9;405
10885.9;405
10887.9;405
10889.9;405
10891.9;405
10893.9;405
10895.9;405
10897.9;405
10899.9;405
10901.9;405
10903.9;405
10905.9;405
10907.9;405
10909.9;405
10911.9;405
10913.9;405
10915.9;405
10917.9;405
10919.9;405
10921.9;405
10923.9;405
10925.9;405
10927.9;405
10929.9;405
10931.9;405
10934.1;405
10936.1;405
10938.1;405
10940.1;405
10942.3;405
10944.3;405
10946.3;405
10948.3;405
10950.3;405
10952.5;405
10954.5;405
10956.5;405
10958.5;405
10960.5;405
10962.7;405
10964.7;40
10966.7;40
10968.7;40
10970.7;40
10972.7;40
10974.7;40
10976.7;40
10978.7;40
10980.7;40
10982.7;40
10984.7;40
10986.7;40
10988.7;40
10990.7;40
10992.7;40
10994.7;40
10996.7;40
10998.7;40
11000.7;40
11002.7;40
11004.7;40
11006.7;40
11008.7;40
11010.7;40
11012.7;40
11014.7;40
11016.7;40
11018.7;40
11020.7;40
11022.7;40
11024.9;40
11026.9;40
11028.9;40
11031.1;40
11033.3;40
11035.3;40
11037.3;40
11039.3;40
11041.3;40
11043.3;40
11045.3;40
11047.3;40
11049.3;40
11051.3;40
11053.3;40
11055.3;40
11057.3;40
11059.3;40
11061.3;40
11063.3;40
11065.3;40
11067.3;40
11069.3;40
11071.3;40
11073.3;40
11075.5;40
11077.5;40
11079.7;40
11081.7;40
11083.7;40
11085.7;40
11087.7;40
11089.7;40
11091.7;40
11093.7;40
11095.7;40
11097.7;40
11099.9;40
11101.9;40
11103.9;40
11105.9;40
11107.9;40
11110.1;40
11112.1;40
11114.3;40
11116.3;40
11118.5;40
11120.5;40
11122.5;40
11124.7;40
11126.7;40
11128.7;40
11130.7;40
11132.7;40
11134.9;40
11136.9;40
11139.1;40
11141.1;40
11143.1;40
11145.1;40
11147.3;40
11149.3;40
11151.3;40
11153.3;40
11155.5;40
11157.7;40
11159.7;40
11161.7;40
11163.7;40
11165.7;40
11167.7;40
11169.7;40
11171.7;40
11173.7;40
11175.7;40
11177.7;40
11179.7;40
11181.7;40
11183.7;40
11185.7;40
11187.7;40
11189.7;40
11191.7;40
11193.7;40
11195.9;40
11197.9;40
11199.9;40
11202.1;40
11204.1;40
11206.1;40
11208.1;40
11210.1;40
11212.1;40
11214.1;40
11216.1;40
11218.1;40
11220.1;40
11222.1;40
11224.1;40
11226.1;40
11228.1;40
11230.1;40
11232.1;40
11234.3;40
11236.3;40
11238.5;40
11240.5;40
11242.5;40
11244.5;40
11246.5;40
11248.5;40
11250.5;40
11252.5;40
11254.5;40
11256.5;40
11258.5;40
11260.5;40
11262.5;40
11264.5;40
11266.5;40
11268.5;40
11270.5;40
11272.5;40
11274.5;40
11276.7;40
11278.7;40
11280.7;40
11282.7;40
11284.7;40
11286.9;40
11288.9;40
11290.9;40
11292.9;40
11294.9;40
11296.9;40
11298.9;40
11300.9;40
11302.9;40
11304.9;40
11306.9;40
11309.1;40
11311.1;40
11313.3;40
11315.3;40
11317.3;40
11319.3;40
11321.3;40
11323.3;40
11325.3;40
11327.3;40
11329.3;40
11331.5;40
11333.5;40
11335.5;40
11337.5;40
11339.5;40
11341.5;40
11343.5;40
11345.7;40
11347.7;40
11349.7;40
11351.7;40
11353.7;40
11355.7;40
11357.7;40
11359.7;40
11361.7;40
11363.7;40
11365.7;40
11367.7;40
11369.7;40
11371.7;40
11373.7;40
11375.7;40
11377.7;40
11379.9;40
11381.9;40
11383.9;40
11385.9;40
11387.9;40
11389.9;40
11391.9;40
11393.9;40
11395.9;40
11397.9;40
11399.9;40
11402.1;40
11404.1;40
11406.1;40
11408.1;40
11410.1;40
11412.1;40
11414.1;40
11416.1;40
11418.1;40
11420.1;40
11422.1;40
11424.1;40
11426.1;40
11428.1;40
11430.1;40
11432.1;40
11434.1;40
11436.1;40
11438.1;40
11440.1;40
11442.1;40
11444.1;40
11446.1;40
11448.1;40
11450.1;40
11452.1;40
11454.3;40
11456.3;40
11458.3;40
11460.3;40
11462.3;40
11464.3;40
11466.3;40
11468.3;40
11470.3;40
11472.3;40
11474.5;40
11476.5;40
11478.5;40
11480.5;40
11482.5;40
11484.5;40
11486.7;40
11488.9;40
11491.1;40
11493.1;40
11495.1;40
11497.1;40
11499.1;40
11501.1;40
11503.1;40
11505.3;40
11507.3;40
11509.3;40
11511.3;40
11513.3;40
11515.3;40
11517.5;40
11519.7;40
11521.9;40
11523.9;40
11525.9;40
11528.1;40
11530.1;40
11532.1;40
11534.1;40
11536.1;40
11538.1;40
11540.3;40
11542.3;40
11544.3;40
11546.3;40
11548.3;40
11550.3;40
11552.3;40
11554.5;40
11556.5;40
11558.5;40
11560.5;40
11562.5;40
11564.5;40
11566.5;40
11568.5;40
11570.5;40
11572.7;40
11574.7;40
11576.7;40
11578.7;40
11580.7;40
11582.7;40
11584.7;40
11586.7;40
11588.7;40
11590.7;40
11592.7;40
11594.7;40
11596.9;40
11598.9;40
11600.9;40
11602.9;40
11604.9;40
11606.9;40
11608.9;40
11611.1;40
11613.1;40
11615.1;40
11617.1;40
11619.1;40
11621.3;40
11623.3;40
11625.3;40
11627.3;40
11629.3;40
11631.5;40
11633.5;40
11635.5;40
11637.5;40
11639.5;40
11641.5;40
11643.5;40
11645.7;40
11647.7;40
11649.7;40
11651.7;40
11653.9;40
11656.1;40
11658.1;40
11660.1;40
11662.1;40
11664.1;40
11666.1;40
11668.1;40
11670.1;40
11672.1;40
11674.1;40
11676.3;40
11678.3;40
11680.3;40
11682.3;40
11684.3;40
11686.3;40
11688.3;40
11690.3;40
11692.5;40
11694.5;40
11696.7;40
11698.7;40
11700.7;40
11702.7;40
11704.7;40
11706.7;40
11708.7;40
11710.7;40
11712.7;40
11714.7;40
11716.7;40
11718.7;40
11720.7;40
11722.7;40
11724.7;40
11726.7;40
11728.7;40
11730.7;40
11732.7;40
11734.9;40
11736.9;40
11738.9;40
11740.9;40
11742.9;40
11744.9;40
11746.9;40
11748.9;40
11750.9;40
11752.9;40
11754.9;40
11756.9;40
11758.9;40
11761.1;40
11763.1;40
11765.1;40
11767.1;40
11769.1;40
11771.1;40
11773.1;40
11775.1;40
11777.3;40
11779.3;40
11781.3;40
11783.3;40
11785.3;40
11787.3;40
11789.3;40
11791.5;40
11793.5;40
11795.5;40
11797.7;40
11799.7;40
11801.7;40
11803.7;40
11805.7;40
11807.7;40
11809.7;40
11811.7;40
11813.7;40
11815.7;40
11817.9;40
11819.9;40
11821.9;40
11823.9;40
11825.9;40
11827.9;40
11830.1;40
11832.1;40
11834.3;40
11836.3;40
11838.3;40
11840.3;40
11842.3;40
11844.3;40
11846.3;40
11848.5;40
11850.5;40
11852.7;40
11854.7;40
11856.9;40
11858.9;40
11860.9;40
11862.9;40
11864.9;40
11866.9;40
11868.9;40
11870.9;40
11872.9;40
11874.9;40
11876.9;275
11878.9;275
11880.9;275
11882.9;275
11884.9;275
11886.9;275
11889.1;275
11891.1;275
11893.1;275
11895.1;275
11897.1;275
11899.1;275
11901.1;275
11903.1;275
11905.1;275
11907.1;275
11909.1;275
11911.1;275
11913.1;275
11915.1;275
11917.1;275
11919.1;275
11921.1;275
11923.3;275
11925.3;275
11927.3;275
11929.3;275
11931.3;275
11933.3;275
11935.3;275
11937.3;275
11939.3;275
11941.3;275
11943.3;275
11945.5;275
11947.5;275
11949.5;275
11951.7;275
11953.7;275
11955.7;275
11957.7;275
11959.7;275
11961.7;275
11963.7;275
11965.7;275
11967.7;275
11969.9;275
11971.9;275
11973.9;275
11975.9;275
11977.9;275
11979.9;275
11981.9;275
11983.9;275
11985.9;275
11987.9;275
11989.9;275
11991.9;275
11993.9;275
11995.9;275
11997.9;275
11999.9;275
12001.9;275
12003.9;275
12005.9;275
12007.9;275
12009.9;275
12011.9;275
12013.9;275
12015.9;275
12017.9;275
12019.9;275
12021.9;275
12023.9;275
12025.9;275
12027.9;275
12029.9;275
12031.9;275
12034.1;275
12036.1;275
12038.3;275
12040.3;275
12042.3;275
12044.3;275
12046.3;275
12048.3;275
12050.5;275
12052.5;275
12054.7;275
12056.7;275
12058.7;275
12060.7;275
12062.7;275
12064.7;275
12066.7;275
12068.7;275
12070.9;275
12072.9;275
12074.9;275
12076.9;275
12078.9;275
12080.9;275
12082.9;275
12085.1;275
12087.1;275
12089.1;275
12091.1;275
12093.1;275
12095.1;275
12097.1;275
12099.1;275
12101.3;275
12103.3;275
12105.3;275
12107.5;275
12109.5;275
12111.5;275
12113.5;275
12115.5;275
12117.7;275
12119.9;275
12121.9;275
12124.1;275
12126.1;275
12128.1;275
12130.1;275
12132.1;275
12134.1;275
12136.1;275
12138.1;275
12140.3;275
12142.5;275
12144.7;275
12146.7;275
12148.7;275
12150.7;275
12152.7;275
12154.7;275
12156.7;275
12158.7;275
12160.7;275
12162.7;275
12164.7;275
12166.7;275
12168.7;275
12170.7;275
12172.7;275
12174.7;275
12176.7;275
12178.7;275
12180.7;275
12182.7;275
12184.7;275
12186.7;275
12188.9;275
12190.9;275
12192.9;275
12194.9;275
12196.9;275
12198.9;275
12200.9;275
12202.9;275
12204.9;275
12206.9;275
12208.9;275
12210.9;275
12212.9;275
12214.9;275
12216.9;275
12218.9;275
12220.9;275
12223.1;275
12225.1;275
12227.1;275
12229.1;275
12231.1;275
12233.1;275
12235.1;275
12237.3;275
12239.3;275
12241.3;275
12243.3;275
12245.3;275
12247.3;275
12249.5;275
12251.5;275
12253.5;275
12255.5;275
12257.5;275
12259.5;275
12261.5;275
12263.5;275
12265.5;275
12267.7;275
12269.7;275
12271.7;275
12273.7;275
12275.7;275
12277.7;275
12279.7;275
12281.9;275
12283.9;275
12285.9;275
12287.9;275
12289.9;275
12291.9;275
12293.9;275
12295.9;275
12298.1;275
12300.1;275
12302.1;275
12304.1;275
12306.1;275
12308.3;275
12310.3;275
12312.3;275
12314.3;275
12316.3;275
12318.3;275
12320.3;275
12322.3;275
12324.3;275
12326.3;275
12328.5;275
12330.5;275
12332.7;275
12334.9;275
12336.9;275
12338.9;275
12340.9;275
12342.9;275
12344.9;275
12346.9;275
12348.9;275
12350.9;275
12352.9;275
12354.9;275
12356.9;275
12358.9;275
12360.9;275
12362.9;275
12364.9;275
12366.9;275
12368.9;275
12370.9;275
12372.9;275
12374.9;275
12377.1;275
12379.1;275
12381.1;275
12383.1;275
12385.1;275
12387.3;275
12389.3;275
12391.3;275
12393.3;275
12395.3;275
12397.3;275
12399.3;275
12401.3;275
12403.3;275
12405.3;275
12407.5;275
12409.5;275
12411.5;275
12413.7;275
12415.9;275
12417.9;275
12419.9;275
12421.9;275
12423.9;275
12425.9;275
12427.9;275
12429.9;275
12431.9;275
12434.1;275
12436.1;275
12438.1;275
12440.1;275
12442.1;275
12444.1;275
12446.3;275
12448.3;275
12450.3;275
12452.3;275
12454.5;275
12456.5;275
12458.5;275
12460.5;275
12462.5;275
12464.5;275
12466.5;275
12468.5;275
12470.5;275
12472.5;275
12474.5;275
12476.7;275
12478.7;275
12480.9;275
12482.9;275
12484.9;275
12486.9;275
12488.9;275
12490.9;275
12492.9;275
12494.9;275
12496.9;275
12498.9;275
12500.9;275
12502.9;275
12504.9;275
12507.1;275
12509.1;275
12511.1;275
12513.1;275
12515.3;275
12517.3;275
12519.3;275
12521.3;275
12523.3;275
12525.3;275
12527.3;275
12529.3;275
12531.3;275
12533.3;275
12535.3;275
12537.5;275
12539.5;275
12541.5;275
12543.5;275
12545.5;275
12547.5;275
12549.5;275
12551.5;275
12553.5;275
12555.5;275
12557.5;275
12559.5;275
12561.5;275
12563.5;275
12565.5;275
12567.5;275
12569.5;275
12571.5;275
12573.7;275
12575.7;275
12577.7;275
12579.7;275
12581.7;275
12583.9;275
12585.9;275
12587.9;275
12589.9;275
12591.9;275
12593.9;275
12595.9;275
12598.1;275
12600.1;275
12602.1;275
12604.1;275
12606.1;275
12608.3;275
12610.5;275
12612.5;275
12614.7;275
12616.9;275
12618.9;275
12620.9;275
12622.9;275
12625.1;275
12627.1;275
12629.1;275
12631.1;275
12633.1;275
12635.1;275
12637.1;275
12639.1;275
12641.1;275
12643.1;275
12645.1;275
12647.3;275
12649.3;275
12651.5;275
12653.5;275
12655.5;275
12657.5;275
12659.5;275
12661.5;275
12663.7;275
12665.7;275
12667.7;275
12669.7;275
12671.9;275
12673.9;275
12675.9;275
12677.9;275
12679.9;275
12681.9;275
12683.9;275
12685.9;275
12687.9;275
12689.9;275
12691.9;275
12693.9;275
12695.9;275
12697.9;275
12699.9;275
12702.1;275
12704.1;275
12706.1;275
12708.1;275
12710.1;275
12712.1;275
12714.1;275
12716.3;275
12718.5;275
12720.5;275
12722.5;275
12724.7;275
12726.9;275
12729.1;275
12731.1;275
12733.1;275
12735.1;275
12737.1;275
12739.3;275
12741.5;275
12743.7;275
12745.7;275
12747.7;275
12749.7;275
12751.7;275
12753.7;275
12755.9;275
12758.1;275
12760.1;275
12762.1;275
12764.1;275
12766.1;275
12768.1;275
12770.3;275
12772.3;275
12774.3;275
12776.3;275
12778.3;275
12780.3;275
12782.3;275
12784.3;275
12786.3;275
12788.3;275
12790.3;265
12792.3;265
12794.5;265
12796.5;265
12798.5;265
12800.5;265
12802.7;265
12804.7;265
12806.7;265
12808.7;265
12810.7;265
12812.7;265
12814.7;265
12816.7;265
12818.7;265
12820.7;265
12822.7;265
12824.7;265
12826.7;265
12828.7;265
12830.7;265
12832.7;265
12834.7;265
12836.7;265
12838.7;265
12840.7;265
12842.7;265
12844.7;265
12846.7;265
12848.7;265
12850.7;265
12852.7;265
12854.7;265
12856.7;265
12858.7;265
12860.9;265
12862.9;265
12865.1;265
12867.1;265
12869.1;265
12871.3;265
12873.3;265
12875.3;265
12877.3;265
12879.3;265
12881.3;265
12883.5;265
12885.5;265
12887.5;265
12889.5;265
12891.5;265
12893.5;265
12895.7;265
12897.7;265
12899.9;265
12901.9;265
12904.1;265
12906.1;265
12908.1;265
12910.1;265
12912.1;265
12914.1;265
12916.3;265
12918.5;265
12920.5;265
12922.5;265
12924.5;265
12926.5;265
12928.7;265
12930.7;265
12932.7;265
12934.7;265
12936.7;265
12938.7;265
12940.7;265
12942.7;265
12944.9;265
12946.9;265
12948.9;265
12951.1;265
12953.1;265
12955.3;265
12957.3;265
12959.3;265
12961.3;265
12963.3;265
12965.3;265
12967.3;265
12969.3;265
12971.5;265
12973.7;265
12975.7;265
12977.9;265
12979.9;265
12982.1;265
12984.1;265
12986.1;265
12988.1;265
12990.1;265
12992.1;265
12994.1;265
12996.1;265
12998.1;265
13000.1;265
13002.1;265
13004.1;265
13006.1;265
13008.1;265
13010.1;265
13012.3;265
13014.3;265
13016.5;265
13018.5;265
13020.5;265
13022.5;265
13024.5;265
13026.5;265
13028.7;265
13030.7;265
13032.7;265
13034.7;265
13036.7;265
13038.7;265
13040.7;265
13042.7;265
13044.7;265
13046.7;265
13048.7;265
13050.7;265
13052.7;265
13054.7;265
13056.7;265
13058.7;265
13060.7;265
13062.9;265
13064.9;265
13066.9;265
13069.1;265
13071.1;265
13073.1;265
13075.1;265
13077.1;265
13079.3;265
13081.3;265
13083.3;265
13085.3;265
13087.5;265
13089.7;265
13091.7;265
13093.7;265
13095.7;265
13097.7;265
13099.7;265
13101.7;265
13103.7;265
13105.7;265
13107.7;265
13109.7;265
13111.7;265
13113.7;265
13115.7;265
13117.7;265
13119.7;265
13121.7;265
13123.7;265
13125.9;265
13127.9;265
13129.9;265
13131.9;265
13133.9;265
13136.1;265
13138.1;265
13140.1;265
13142.1;265
13144.1;265
13146.1;265
13148.1;265
13150.1;265
13152.1;265
13154.1;265
13156.1;265
13158.1;265
13160.1;265
13162.1;265
13164.1;265
13166.1;265
13168.1;265
13170.1;265
13172.1;265
13174.3;265
13176.3;265
13178.3;265
13180.3;265
13182.3;265
13184.3;265
13186.3;265
13188.3;265
13190.3;265
13192.5;265
13194.7;265
13196.7;265
13198.9;265
13200.9;265
13203.1;265
13205.3;265
13207.3;265
13209.3;265
13211.3;265
13213.3;265
13215.3;265
13217.3;265
13219.3;265
13221.3;265
13223.5;265
13225.5;265
13227.5;265
13229.5;265
13231.5;265
13233.5;265
13235.5;265
13237.7;265
13239.7;265
13241.7;265
13243.7;265
13245.7;265
13247.7;265
13249.7;265
13251.7;265
13253.7;265
13255.7;265
13257.7;265
13259.7;265
13261.7;265
13263.9;265
13265.9;265
13268.1;265
13270.1;265
13272.1;265
13274.3;265
13276.3;265
13278.3;265
13280.3;265
13282.3;265
13284.3;265
13286.3;265
13288.3;265
13290.3;265
13292.3;265
13294.5;265
13296.5;265
13298.7;265
13300.7;265
13302.9;265
13304.9;265
13307.1;265
13309.1;265
13311.1;265
13313.1;265
13315.1;265
13317.1;265
13319.1;265
13321.1;265
13323.1;265
13325.3;265
13327.3;265
13329.3;265
13331.3;265
13333.5;265
13335.5;265
13337.5;265
13339.5;265
13341.7;265
13343.7;265
13345.9;265
13348.1;265
13350.1;265
13352.1;265
13354.1;265
13356.1;265
13358.1;265
13360.1;265
13362.3;265
13364.3;265
13366.3;265
13368.5;265
13370.5;265
13372.5;265
13374.5;265
13376.5;265
13378.5;265
13380.5;265
13382.7;265
13384.9;265
13386.9;265
13389.1;265
13391.1;265
13393.1;265
13395.1;265
13397.3;265
13399.5;265
13401.5;265
13403.5;265
13405.5;265
13407.5;265
13409.5;265
13411.7;265
13413.7;265
13415.7;265
13417.7;265
13419.7;265
13421.9;265
13423.9;265
13425.9;265
13427.9;265
13430.1;265
13432.1;265
13434.1;265
13436.1;265
13438.1;265
13440.1;265
13442.1;265
13444.1;265
13446.1;265
13448.1;265
13450.1;265
13452.1;265
13454.1;265
13456.1;265
13458.1;265
13460.1;265
13462.1;265
13464.1;265
13466.1;265
13468.1;265
13470.1;265
13472.1;265
13474.1;265
13476.3;265
13478.3;265
13480.3;265
13482.5;265
13484.5;265
13486.5;265
13488.5;265
13490.5;265
13492.7;265
13494.7;265
13496.7;265
13498.7;265
13500.7;265
13502.7;265
13504.7;265
13506.7;265
13508.7;265
13510.7;265
13512.7;265
13514.7;265
13516.9;265
13518.9;265
13521.1;265
13523.1;265
13525.1;265
13527.1;265
13529.1;265
13531.1;265
13533.1;265
13535.1;265
13537.1;265
13539.1;265
13541.1;265
13543.1;265
13545.1;265
13547.1;265
13549.1;265
13551.1;265
13553.1;265
13555.1;265
13557.1;265
13559.1;265
13561.1;265
13563.1;265
13565.1;265
13567.1;265
13569.1;265
13571.1;265
13573.3;265
13575.3;265
13577.5;265
13579.5;265
13581.5;265
13583.5;265
13585.5;265
13587.5;265
13589.5;265
13591.7;265
13593.7;265
13595.9;265
13597.9;265
13599.9;265
13601.9;265
13603.9;265
13605.9;265
13607.9;265
13609.9;265
13612.1;265
13614.1;265
13616.1;265
13618.3;265
13620.3;265
13622.3;265
13624.5;265
13626.5;265
13628.5;265
13630.5;265
13632.7;265
13634.7;265
13636.7;265
13638.7;265
13640.7;265
13642.9;265
13644.9;265
13646.9;265
13648.9;265
13650.9;265
13652.9;265
13654.9;265
13656.9;265
13658.9;265
13660.9;265
13662.9;265
13664.9;265
13666.9;265
13668.9;265
13670.9;265
13672.9;265
13674.9;265
13676.9;265
13678.9;265
13681.1;265
13683.1;265
13685.1;265
13687.1;265
13689.1;265
13691.1;265
13693.1;265
13695.1;265
13697.1;265
13699.1;265
13701.3;265
13703.3;265
13705.3;41
13707.3;41
13709.3;41
13711.5;41
13713.7;41
13715.7;41
13717.7;41
13719.9;41
13721.9;41
13724.1;41
13726.1;41
13728.3;41
13730.3;41
13732.3;41
13734.3;41
13736.3;41
13738.3;41
13740.3;41
13742.3;41
13744.3;41
13746.3;41
13748.5;41
13750.5;41
13752.5;41
13754.5;41
13756.5;41
13758.5;41
13760.7;41
13762.7;41
13764.9;41
13766.9;41
13768.9;41
13770.9;41
13772.9;41
13775.1;41
13777.1;41
13779.3;41
13781.3;41
13783.3;41
13785.3;41
13787.3;41
13789.3;41
13791.3;41
13793.3;41
13795.3;41
13797.3;41
13799.3;41
13801.3;41
13803.5;41
13805.7;41
13807.7;41
13809.9;41
13812.1;41
13814.1;41
13816.3;41
13818.3;41
13820.5;41
13822.5;41
13824.5;41
13826.7;41
13828.7;41
13830.7;41
13832.7;41
13834.7;41
13836.7;41
13838.7;41
13840.7;41
13842.7;41
13844.7;41
13846.7;41
13848.7;41
13850.7;41
13852.7;41
13854.7;41
13856.7;41
13858.7;41
13860.7;41
13862.7;41
13864.7;41
13866.7;41
13868.7;41
13870.7;41
13872.7;41
13874.7;41
13876.7;41
13878.7;41
13880.7;41
13882.9;41
13885.1;41
13887.1;41
13889.1;41
13891.1;41
13893.1;41
13895.1;41
13897.1;41
13899.1;41
13901.1;41
13903.1;41
13905.1;41
13907.1;41
13909.1;41
13911.3;41
13913.3;41
13915.3;41
13917.3;41
13919.3;41
13921.5;41
13923.5;41
13925.5;41
13927.5;41
13929.5;41
13931.7;41
13933.7;41
13935.7;41
13937.7;41
13939.9;41
13941.9;41
13944.1;41
13946.1;41
13948.1;41
13950.1;41
13952.1;41
13954.1;41
13956.1;41
13958.1;41
13960.1;41
13962.1;41
13964.3;41
13966.5;41
13968.7;41
13970.7;41
13972.9;41
13974.9;41
13976.9;41
13978.9;41
13980.9;41
13982.9;41
13984.9;41
13986.9;41
13988.9;41
13990.9;41
13992.9;41
13994.9;41
13997.1;41
13999.1;41
14001.1;41
14003.1;41
14005.1;41
14007.1;41
14009.3;41
14011.3;41
14013.5;41
14015.5;41
14017.5;41
14019.5;41
14021.7;41
14023.7;41
14025.7;41
14027.7;41
14029.7;41
14031.7;41
14033.7;41
14035.7;41
14037.7;41
14039.7;41
14041.7;41
14043.7;41
14045.7;41
14047.7;41
14049.9;41
14051.9;41
14053.9;41
14056.1;41
14058.1;41
14060.1;41
14062.1;41
14064.3;41
14066.5;41
14068.5;41
14070.5;41
14072.5;41
14074.5;41
14076.5;41
14078.7;41
14080.7;41
14082.9;41
14084.9;41
14086.9;41
14088.9;41
14090.9;41
14092.9;41
14094.9;41
14096.9;41
14098.9;41
14100.9;41
14102.9;41
14104.9;41
14106.9;41
14108.9;41
14110.9;41
14112.9;41
14114.9;41
14116.9;41
14118.9;41
14120.9;41
14122.9;41
14124.9;41
14126.9;41
14128.9;41
14130.9;41
14132.9;41
14134.9;41
14136.9;41
14138.9;41
14141.1;41
14143.1;41
14145.1;41
14147.1;41
14149.1;41
14151.1;41
14153.1;41
14155.1;41
14157.1;41
14159.1;41
14161.1;41
14163.1;41
14165.1;41
14167.1;41
14169.1;41
14171.1;41
14173.1;41
14175.1;41
14177.1;41
14179.1;41
14181.3;41
14183.5;41
14185.5;41
14187.5;41
14189.5;41
14191.5;41
14193.7;41
14195.7;41
14197.7;41
14199.7;41
14201.7;41
14203.7;41
14205.7;41
14207.7;41
14209.7;41
14211.7;41
14213.7;41
14215.7;41
14217.7;41
14219.7;41
14221.7;41
14223.9;41
14225.9;41
14227.9;41
14229.9;41
14231.9;41
14234.1;41
14236.1;41
14238.3;41
14240.3;41
14242.3;41
14244.3;41
14246.3;41
14248.3;41
14250.3;41
14252.3;41
14254.3;41
14256.3;41
14258.3;41
14260.3;41
14262.3;41
14264.3;41
14266.5;41
14268.5;41
14270.5;41
14272.5;41
14274.5;41
14276.5;41
14278.7;41
14280.7;41
14282.7;41
14284.7;41
14286.7;41
14288.9;41
14290.9;41
14292.9;41
14294.9;41
14296.9;41
14298.9;41
14300.9;41
14302.9;41
14305.1;41
14307.1;41
14309.1;41
14311.1;41
14313.1;41
14315.1;41
14317.1;41
14319.1;41
14321.1;41
14323.1;41
14325.1;41
14327.3;41
14329.3;41
14331.3;41
14333.3;41
14335.3;41
14337.3;41
14339.3;41
14341.3;41
14343.3;41
14345.3;41
14347.3;41
14349.3;41
14351.3;41
14353.3;41
14355.3;41
14357.3;41
14359.5;41
14361.5;41
14363.5;41
14365.5;41
14367.7;41
14369.7;41
14371.7;41
14373.7;41
14375.9;41
14377.9;41
14380.1;41
14382.1;41
14384.1;41
14386.1;41
14388.1;41
14390.3;41
14392.3;41
14394.3;41
14396.3;41
14398.3;41
14400.3;41
14402.3;41
14404.3;41
14406.3;41
14408.3;41
14410.3;41
14412.3;41
14414.5;41
14416.5;41
14418.5;41
14420.5;41
14422.5;41
14424.5;41
14426.5;41
14428.5;41
14430.5;41
14432.5;41
14434.5;41
14436.5;41
14438.5;41
14440.5;41
14442.7;41
14444.7;41
14446.7;41
14448.7;41
14450.7;41
14452.7;41
14454.7;41
14456.7;41
14458.7;41
14460.7;41
14462.9;41
14464.9;41
14466.9;41
14468.9;41
14470.9;41
14472.9;41
14475.1;41
14477.1;41
14479.1;41
14481.1;41
14483.1;41
14485.1;41
14487.1;41
14489.1;41
14491.3;41
14493.5;41
14495.5;41
14497.5;41
14499.5;41
14501.5;41
14503.5;41
14505.5;41
14507.5;41
14509.5;41
14511.5;41
14513.5;41
14515.5;41
14517.5;41
14519.7;41
14521.7;41
14523.7;41
14525.7;41
14527.7;41
14529.7;41
14531.7;41
14533.7;41
14535.7;41
14537.7;41
14539.7;41
14541.9;41
14543.9;41
14545.9;41
14547.9;41
14550.1;41
14552.1;41
14554.1;41
14556.1;41
14558.1;41
14560.1;41
14562.3;41
14564.3;41
14566.3;41
14568.3;41
14570.3;41
14572.3;41
14574.3;41
14576.5;41
14578.5;41
14580.5;41
14582.5;41
14584.5;41
14586.7;41
14588.9;41
14591.1;41
14593.1;41
14595.1;41
14597.1;41
14599.1;41
14601.3;41
14603.3;41
14605.3;41
14607.3;41
14609.3;41
14611.5;41
14613.7;41
14615.7;41
14617.7;41
14619.7;40
14621.7;40
14623.7;40
14625.7;40
14627.7;40
14629.7;40
14631.7;40
14633.7;40
14635.7;40
14637.7;40
14639.7;40
14641.9;40
14643.9;40
14645.9;40
14647.9;40
14649.9;40
14651.9;40
14653.9;40
14656.1;40
14658.1;40
14660.1;40
14662.1;40
14664.3;40
14666.3;40
14668.3;40
14670.5;40
14672.5;40
14674.5;40
14676.5;40
14678.5;40
14680.5;40
14682.5;40
14684.5;40
14686.5;40
14688.5;40
14690.5;40
14692.5;40
14694.5;40
14696.5;40
14698.7;40
14700.7;40
14702.7;40
14704.7;40
14706.7;40
14708.7;40
14710.7;40
14712.7;40
14714.7;40
14716.7;40
14718.7;40
14720.9;40
14722.9;40
14724.9;40
14726.9;40
14728.9;40
14730.9;40
14732.9;40
14734.9;40
14736.9;40
14738.9;40
14741.1;40
14743.1;40
14745.1;40
14747.1;40
14749.3;40
14751.3;40
14753.3;40
14755.3;40
14757.3;40
14759.3;40
14761.3;40
14763.3;40
14765.3;40
14767.3;40
14769.3;40
14771.3;40
14773.3;40
14775.3;40
14777.3;40
14779.3;40
14781.3;40
14783.3;40
14785.3;40
14787.3;40
14789.3;40
14791.3;40
14793.5;40
14795.7;40
14797.7;40
14799.7;40
14801.7;40
14803.7;40
14805.7;40
14807.7;40
14809.7;40
14811.7;40
14813.7;40
14815.7;40
14817.7;40
14819.7;40
14821.7;40
14823.7;40
14825.7;40
14827.7;40
14829.7;40
14831.7;40
14833.7;40
14835.9;40
14837.9;40
14839.9;40
14841.9;40
14844.1;40
14846.1;40
14848.1;40
14850.1;40
14852.1;40
14854.1;40
14856.1;40
14858.1;40
14860.1;40
14862.1;40
14864.3;40
14866.3;40
14868.3;40
14870.3;40
14872.5;40
14874.5;40
14876.5;40
14878.7;40
14880.7;40
14882.7;40
14884.7;40
14886.7;40
14888.7;40
14890.7;40
14892.7;40
14894.7;40
14896.7;40
14898.7;40
14900.7;40
14902.7;40
14904.7;40
14906.7;40
14908.7;40
14910.7;40
14912.7;40
14914.9;40
14916.9;40
14918.9;40
14920.9;40
14922.9;40
14924.9;40
14926.9;40
14928.9;40
14930.9;40
14932.9;40
14935.1;40
14937.1;40
14939.1;40
14941.1;40
14943.1;40
14945.1;40
14947.1;40
14949.1;40
14951.1;40
14953.3;40
14955.3;40
14957.3;40
14959.3;40
14961.3;40
14963.5;40
14965.7;40
14967.7;40
14969.7;40
14971.7;40
14973.7;40
14975.9;40
14977.9;40
14979.9;40
14981.9;40
14983.9;40
14985.9;40
14988.1;40
14990.1;40
14992.3;40
14994.3;40
14996.3;40
14998.3;40
15000.5;40
15002.5;40
15004.7;40
15006.7;40
15008.7;40
15010.7;40
15012.7;40
15014.7;40
15016.9;40
15018.9;40
15020.9;40
15023.1;40
15025.1;40
15027.1;40
15029.1;40
15031.1;40
15033.1;40
15035.1;40
15037.1;40
15039.1;40
15041.1;40
15043.1;40
15045.1;40
15047.1;40
15049.1;40
15051.1;40
15053.1;40
15055.3;40
15057.3;40
15059.3;40
15061.5;40
15063.5;40
15065.5;40
15067.5;40
15069.7;40
15071.7;40
15073.7;40
15075.7;40
15077.7;40
15079.7;40
15081.7;40
15083.9;40
15085.9;40
15088.1;40
15090.1;40
15092.1;40
15094.1;40
15096.1;40
15098.1;40
15100.1;40
15102.1;40
15104.1;40
15106.1;40
15108.1;40
15110.1;40
15112.3;40
15114.3;40
15116.3;40
15118.3;40
15120.3;40
15122.3;40
15124.3;40
15126.3;40
15128.3;40
15130.3;40
15132.3;40
15134.3;40
15136.3;40
15138.3;40
15140.3;40
15142.3;40
15144.3;40
15146.5;40
15148.7;40
15150.7;40
15152.9;40
15154.9;40
15156.9;40
15159.1;40
15161.1;40
15163.1;40
15165.1;40
15167.3;40
15169.3;40
15171.3;40
15173.3;40
15175.3;40
15177.3;40
15179.5;40
15181.5;40
15183.5;40
15185.5;40
15187.7;40
15189.7;40
15191.9;40
15193.9;40
15195.9;40
15197.9;40
15199.9;40
15201.9;40
15204.1;40
15206.1;40
15208.1;40
15210.1;40
15212.1;40
15214.1;40
15216.3;40
15218.3;40
15220.5;40
15222.5;40
15224.5;40
15226.5;40
15228.5;40
15230.5;40
15232.5;40
15234.5;40
15236.5;40
15238.5;40
15240.5;40
15242.5;40
15244.5;40
15246.7;40
15248.7;40
15250.7;40
15252.7;40
15254.7;40
15256.7;40
15258.7;40
15260.9;40
15262.9;40
15264.9;40
15266.9;40
15268.9;40
15270.9;40
15272.9;40
15274.9;40
15276.9;40
15278.9;40
15280.9;40
15282.9;40
15284.9;40
15286.9;40
15288.9;40
15290.9;40
15293.1;40
15295.3;40
15297.3;40
15299.3;40
15301.5;40
15303.5;40
15305.5;40
15307.5;40
15309.5;40
15311.5;40
15313.5;40
15315.5;40
15317.5;40
15319.5;40
15321.5;40
15323.5;40
15325.5;40
15327.5;40
15329.5;40
15331.5;40
15333.5;40
15335.5;40
15337.5;40
15339.5;40
15341.5;40
15343.5;40
15345.5;40
15347.7;40
15349.7;40
15351.7;40
15353.7;40
15355.9;40
15357.9;40
15359.9;40
15361.9;40
15363.9;40
15365.9;40
15367.9;40
15370.1;40
15372.3;40
15374.5;40
15376.5;40
15378.5;40
15380.5;40
15382.5;40
15384.5;40
15386.5;40
15388.5;40
15390.5;40
15392.5;40
15394.5;40
15396.5;40
15398.7;40
15400.7;40
15402.7;40
15404.7;40
15406.7;40
15408.7;40
15410.7;40
15412.9;40
15415.1;40
15417.1;40
15419.1;40
15421.1;40
15423.1;40
15425.3;40
15427.3;40
15429.3;40
15431.3;40
15433.3;40
15435.3;40
15437.5;40
15439.7;40
15441.7;40
15443.7;40
15445.7;40
15447.7;40
15449.7;40
15451.9;40
15453.9;40
15455.9;40
15457.9;40
15459.9;40
15461.9;40
15463.9;40
15465.9;40
15467.9;40
15469.9;40
15471.9;40
15473.9;40
15475.9;40
15478.1;40
15480.1;40
15482.1;40
15484.1;40
15486.1;40
15488.1;40
15490.3;40
15492.3;40
15494.3;40
15496.3;40
15498.3;40
15500.3;40
15502.3;40
15504.3;40
15506.3;40
15508.3;40
15510.3;40
15512.3;40
15514.3;40
15516.3;40
15518.5;40
15520.5;40
15522.5;40
15524.5;40
15526.5;40
15528.5;40
15530.7;40
15532.7;41
15534.9;41
15536.9;41
15538.9;41
15540.9;41
15543.1;41
15545.1;41
15547.3;41
15549.3;41
15551.3;41
15553.3;41
15555.5;41
15557.5;41
15559.5;41
15561.5;41
15563.7;41
15565.7;41
15567.9;41
15569.9;41
15571.9;41
15574.1;41
15576.1;41
15578.1;41
15580.1;41
15582.1;41
15584.3;41
15586.5;41
15588.5;41
15590.5;41
15592.5;41
15594.5;41
15596.5;41
15598.5;41
15600.5;41
15602.7;41
15604.7;41
15606.7;41
15608.9;41
15610.9;41
15612.9;41
15614.9;41
15616.9;41
15618.9;41
15621.1;41
15623.1;41
15625.1;41
15627.1;41
15629.1;41
15631.1;41
15633.1;41
15635.3;41
15637.3;41
15639.3;41
15641.3;41
15643.3;41
15645.5;41
15647.7;41
15649.9;41
15651.9;41
15653.9;41
15655.9;41
15658.1;41
15660.1;41
15662.1;41
15664.3;41
15666.3;41
15668.3;41
15670.3;41
15672.3;41
15674.3;41
15676.3;41
15678.3;41
15680.3;41
15682.3;41
15684.3;41
15686.3;41
15688.3;41
15690.3;41
15692.3;41
15694.3;41
15696.3;41
15698.3;41
15700.3;41
15702.3;41
15704.3;41
15706.5;41
15708.5;41
15710.5;41
15712.5;41
15714.5;41
15716.5;41
15718.7;41
15720.7;41
15722.7;41
15724.7;41
15726.7;41
15728.7;41
15730.7;41
15732.7;41
15734.9;41
15736.9;41
15739.1;41
15741.1;41
15743.1;41
15745.1;41
15747.1;41
15749.1;41
15751.1;41
15753.3;41
15755.3;41
15757.5;41
15759.5;41
15761.5;41
15763.5;41
15765.5;41
15767.5;41
15769.5;41
15771.5;41
15773.7;41
15775.7;41
15777.7;41
15779.7;41
15781.7;41
15783.7;41
15785.7;41
15787.7;41
15789.9;41
15791.9;41
15794.1;41
15796.1;41
15798.3;41
15800.3;41
15802.3;41
15804.5;41
15806.5;41
15808.5;41
15810.5;41
15812.5;41
15814.5;41
15816.5;41
15818.5;41
15820.5;41
15822.7;41
15824.7;41
15826.7;41
15828.7;41
15830.7;41
15832.7;41
15834.7;41
15836.7;41
15838.7;41
15840.7;41
15842.7;41
15844.7;41
15846.7;41
15848.7;41
15850.7;41
15852.7;41
15854.9;41
15857.1;41
15859.1;41
15861.1;41
15863.3;41
15865.3;41
15867.3;41
15869.3;41
15871.3;41
15873.3;41
15875.3;41
15877.3;41
15879.3;41
15881.3;41
15883.3;41
15885.3;41
15887.3;41
15889.5;41
15891.5;41
15893.5;41
15895.5;41
15897.5;41
15899.7;41
15901.7;41
15903.7;41
15905.7;41
15907.9;41
15910.1;41
15912.1;41
15914.1;41
15916.3;41
15918.3;41
15920.3;41
15922.5;41
15924.5;41
15926.5;41
15928.5;41
15930.5;41
15932.7;41
15934.7;41
15936.7;41
15938.9;41
15941.1;41
15943.1;41
15945.1;41
15947.1;41
15949.1;41
15951.1;41
15953.1;41
15955.3;41
15957.3;41
15959.3;41
15961.3;41
15963.5;41
15965.5;41
15967.5;41
15969.5;41
15971.7;41
15973.7;41
15975.7;41
15977.7;41
15979.7;41
15981.7;41
15983.9;41
15985.9;41
15987.9;41
15989.9;41
15991.9;41
15993.9;41
15995.9;41
15997.9;41
15999.9;41
16001.9;41
16003.9;41
16006.1;41
16008.1;41
16010.1;41
16012.3;41
16014.3;41
16016.3;41
16018.3;41
16020.3;41
16022.5;41
16024.5;41
16026.7;41
16028.7;41
16030.7;41
16032.7;41
16034.7;41
16036.7;41
16038.7;41
16040.7;41
16042.7;41
16044.7;41
16046.7;41
16048.7;41
16050.7;41
16052.7;41
16054.7;41
16056.7;41
16058.7;41
16060.7;41
16062.7;41
16064.7;41
16066.7;41
16068.7;41
16070.7;41
16072.7;41
16074.7;41
16076.7;41
16078.7;41
16080.7;41
16082.7;41
16084.9;41
16086.9;41
16088.9;41
16091.1;41
16093.1;41
16095.1;41
16097.1;41
16099.1;41
16101.1;41
16103.3;41
16105.5;41
16107.5;41
16109.5;41
16111.5;41
16113.5;41
16115.5;41
16117.5;41
16119.5;41
16121.7;41
16123.7;41
16125.7;41
16127.7;41
16129.7;41
16131.9;41
16133.9;41
16135.9;41
16137.9;41
16139.9;41
16142.1;41
16144.1;41
16146.3;41
16148.3;41
16150.5;41
16152.7;41
16154.7;41
16156.7;41
16158.7;41
16160.9;41
16162.9;41
16164.9;41
16167.1;41
16169.1;41
16171.1;41
16173.1;41
16175.1;41
16177.1;41
16179.1;41
16181.1;41
16183.3;41
16185.3;41
16187.3;41
16189.3;41
16191.3;41
16193.3;41
16195.3;41
16197.3;41
16199.3;41
16201.3;41
16203.3;41
16205.5;41
16207.5;41
16209.5;41
16211.5;41
16213.7;41
16215.7;41
16217.9;41
16219.9;41
16222.1;41
16224.1;41
16226.1;41
16228.1;41
16230.1;41
16232.3;41
16234.5;41
16236.5;41
16238.5;41
16240.5;41
16242.5;41
16244.5;41
16246.5;41
16248.5;41
16250.5;41
16252.5;41
16254.5;41
16256.7;41
16258.7;41
16260.7;41
16262.7;41
16264.7;41
16266.7;41
16268.7;41
16270.7;41
16272.7;41
16274.7;41
16276.7;41
16278.7;41
16280.7;41
16282.7;41
16284.7;41
16286.9;41
16288.9;41
16290.9;41
16292.9;41
16294.9;41
16296.9;41
16298.9;41
16300.9;41
16302.9;41
16304.9;41
16306.9;41
16308.9;41
16311.1;41
16313.3;41
16315.5;41
16317.5;41
16319.5;41
16321.5;41
16323.7;41
16325.7;41
16327.9;41
16329.9;41
16331.9;41
16333.9;41
16335.9;41
16337.9;41
16340.1;41
16342.1;41
16344.1;41
16346.1;41
16348.1;41
16350.3;41
16352.3;41
16354.3;41
16356.3;41
16358.3;41
16360.3;41
16362.3;41
16364.3;41
16366.3;41
16368.3;41
16370.3;41
16372.3;41
16374.5;41
16376.5;41
16378.5;41
16380.5;41
16382.5;41
16384.5;41
16386.5;41
16388.5;41
16390.5;41
16392.5;41
16394.5;41
16396.5;41
16398.5;41
16400.5;41
16402.5;41
16404.7;41
16406.7;41
16408.7;41
16410.7;41
16412.7;41
16414.7;41
16416.7;41
16418.7;41
16420.7;41
16422.7;41
16424.7;41
16426.7;41
16428.9;41
16430.9;41
16432.9;41
16434.9;41
16436.9;41
16438.9;41
16440.9;41
16442.9;41
16444.9;41
16446.9;41
16448.9;273
16450.9;273
16452.9;273
16454.9;273
16457.1;273
16459.1;273
16461.1;273
16463.1;273
16465.1;273
16467.1;273
16469.1;273
16471.1;273
16473.1;273
16475.1;273
16477.1;273
16479.1;273
16481.1;273
16483.1;273
16485.1;273
16487.1;273
16489.1;273
16491.1;273
16493.1;273
16495.1;273
16497.1;273
16499.1;273
16501.1;273
16503.1;273
16505.1;273
16507.3;273
16509.3;273
16511.3;273
16513.3;273
16515.3;273
16517.5;273
16519.5;273
16521.5;273
16523.5;273
16525.5;273
16527.7;273
16529.7;273
16531.7;273
16533.7;273
16535.9;273
16537.9;273
16539.9;273
16541.9;273
16543.9;273
16545.9;273
16547.9;273
16550.1;273
16552.1;273
16554.1;273
16556.1;273
16558.1;273
16560.1;273
16562.1;273
16564.3;273
16566.3;273
16568.5;273
16570.5;273
16572.5;273
16574.5;273
16576.5;273
16578.7;273
16580.7;273
16582.7;273
16584.7;273
16586.7;273
16588.7;273
16590.7;273
16592.7;273
16594.7;273
16596.7;273
16598.7;273
16600.7;273
16602.7;273
16604.7;273
16606.7;273
16608.7;273
16610.9;273
16612.9;273
16614.9;273
16616.9;273
16618.9;273
16620.9;273
16622.9;273
16624.9;273
16626.9;273
16628.9;273
16630.9;273
16632.9;273
16634.9;273
16636.9;273
16638.9;273
16640.9;273
16642.9;273
16644.9;273
16646.9;273
16648.9;273
16650.9;273
16653.1;273
16655.1;273
16657.1;273
16659.1;273
16661.1;273
16663.1;273
16665.3;273
16667.5;273
16669.5;273
16671.7;273
16673.7;273
16675.7;273
16677.7;273
16679.7;273
16681.7;273
16683.7;273
16685.7;273
16687.7;273
16689.9;273
16692.1;273
16694.1;273
16696.1;273
16698.1;273
16700.1;273
16702.1;273
16704.1;273
16706.1;273
16708.1;273
16710.1;273
16712.1;273
16714.1;273
16716.1;273
16718.1;273
16720.3;273
16722.3;273
16724.3;273
16726.3;273
16728.3;273
16730.3;273
16732.3;273
16734.3;273
16736.3;273
16738.3;273
16740.3;273
16742.3;273
16744.3;273
16746.3;273
16748.3;273
16750.5;273
16752.5;273
16754.5;273
16756.5;273
16758.5;273
16760.5;273
16762.5;273
16764.5;273
16766.5;273
16768.5;273
16770.5;273
16772.5;273
16774.5;273
16776.7;273
16778.7;273
16780.7;273
16782.7;273
16784.7;273
16786.7;273
16788.7;273
16790.7;273
16792.7;273
16794.7;273
16796.7;273
16798.7;273
16800.7;273
16802.7;273
16804.7;273
16806.7;273
16808.7;273
16810.7;273
16812.7;273
16814.7;273
16816.7;273
16818.7;273
16820.7;273
16822.7;273
16824.9;273
16826.9;273
16828.9;273
16831.1;273
16833.1;273
16835.3;273
16837.3;273
16839.3;273
16841.3;273
16843.3;273
16845.3;273
16847.3;273
16849.5;273
16851.5;273
16853.7;273
16855.7;273
16857.7;273
16859.7;273
16861.7;273
16863.7;273
16865.7;273
16867.7;273
16869.7;273
16871.7;273
16873.7;273
16875.7;273
16877.7;273
16879.7;273
16881.7;273
16883.9;273
16885.9;273
16887.9;273
16889.9;273
16891.9;273
16894.1;273
16896.1;273
16898.1;273
16900.1;273
16902.1;273
16904.3;273
16906.3;273
16908.3;273
16910.5;273
16912.7;273
16914.7;273
16916.7;273
16918.7;273
16920.7;273
16922.7;273
16924.7;273
16926.7;273
16928.9;273
16930.9;273
16932.9;273
16934.9;273
16936.9;273
16938.9;273
16940.9;273
16942.9;273
16944.9;273
16946.9;273
16948.9;273
16950.9;273
16952.9;273
16954.9;273
16956.9;273
16958.9;273
16960.9;273
16962.9;273
16964.9;273
16967.1;273
16969.1;273
16971.1;273
16973.1;273
16975.1;273
16977.1;273
16979.1;273
16981.1;273
16983.1;273
16985.1;273
16987.1;273
16989.1;273
16991.1;273
16993.1;273
16995.1;273
16997.1;273
16999.1;273
17001.1;273
17003.1;273
17005.1;273
17007.1;273
17009.1;273
17011.1;273
17013.3;273
17015.3;273
17017.3;273
17019.5;273
17021.5;273
17023.5;273
17025.5;273
17027.5;273
17029.5;273
17031.7;273
17033.7;273
17035.7;273
17037.7;273
17039.7;273
17041.7;273
17043.7;273
17045.7;273
17047.7;273
17049.7;273
17051.7;273
17053.7;273
17055.7;273
17057.7;273
17059.7;273
17061.7;273
17063.9;273
17065.9;273
17067.9;273
17069.9;273
17071.9;273
17074.1;273
17076.1;273
17078.1;273
17080.1;273
17082.1;273
17084.1;273
17086.1;273
17088.1;273
17090.3;273
17092.3;273
17094.5;273
17096.5;273
17098.5;273
17100.5;273
17102.7;273
17104.7;273
17106.7;273
17108.7;273
17110.9;273
17112.9;273
17114.9;273
17116.9;273
17118.9;273
17121.1;273
17123.1;273
17125.1;273
17127.3;273
17129.5;273
17131.7;273
17133.7;273
17135.7;273
17137.7;273
17139.7;273
17141.7;273
17143.7;273
17145.7;273
17147.7;273
17149.7;273
17151.7;273
17153.7;273
17155.7;273
17157.7;273
17159.7;273
17161.7;273
17163.7;273
17165.7;273
17167.7;273
17169.7;273
17171.7;273
17173.7;273
17175.7;273
17177.7;273
17179.7;273
17181.7;273
17183.7;273
17185.7;273
17187.7;273
17189.7;273
17191.7;273
17193.9;273
17195.9;273
17197.9;273
17199.9;273
17201.9;273
17204.1;273
17206.1;273
17208.3;273
17210.5;273
17212.5;273
17214.5;273
17216.5;273
17218.5;273
17220.7;273
17222.7;273
17224.7;273
17226.7;273
17228.9;273
17230.9;273
17232.9;273
17234.9;273
17236.9;273
17238.9;273
17241.1;273
17243.3;273
17245.3;273
17247.3;273
17249.3;273
17251.3;273
17253.3;273
17255.3;273
17257.5;273
17259.5;273
17261.5;273
17263.5;273
17265.5;273
17267.5;273
17269.5;273
17271.5;273
17273.5;273
17275.7;273
17277.7;273
17279.7;273
17281.9;273
17283.9;273
17286.1;273
17288.1;273
17290.1;273
17292.1;273
17294.1;273
17296.1;273
17298.1;273
17300.1;273
17302.1;273
17304.1;273
17306.3;273
17308.5;273
17310.5;273
17312.5;273
17314.5;273
17316.5;273
17318.5;273
17320.5;273
17322.7;273
17324.7;273
17326.9;273
17328.9;273
17330.9;273
17332.9;273
17334.9;273
17336.9;273
17338.9;273
17340.9;273
17342.9;273
17345.1;273
17347.1;273
17349.3;273
17351.3;273
17353.3;273
17355.3;273
17357.3;273
17359.3;273
17361.3;272
17363.5;272
17365.7;272
17367.7;272
17369.7;272
17371.7;272
17373.9;272
17375.9;272
17377.9;272
17379.9;272
17381.9;272
17383.9;272
17385.9;272
17388.1;272
17390.1;272
17392.1;272
17394.1;272
17396.1;272
17398.3;272
17400.3;272
17402.3;272
17404.3;272
17406.5;272
17408.5;272
17410.5;272
17412.5;272
17414.5;272
17416.5;272
17418.5;272
17420.7;272
17422.7;272
17424.7;272
17426.9;272
17428.9;272
17430.9;272
17432.9;272
17435.1;272
17437.1;272
17439.3;272
17441.3;272
17443.3;272
17445.3;272
17447.5;272
17449.5;272
17451.5;272
17453.7;272
17455.7;272
17457.7;272
17459.7;272
17461.7;272
17463.7;272
17465.9;272
17467.9;272
17469.9;272
17471.9;272
17474.1;272
17476.1;272
17478.1;272
17480.1;272
17482.1;272
17484.1;272
17486.1;272
17488.1;272
17490.1;272
17492.1;272
17494.1;272
17496.3;272
17498.3;272
17500.3;272
17502.3;272
17504.3;272
17506.3;272
17508.3;272
17510.3;272
17512.3;272
17514.3;272
17516.3;272
17518.5;272
17520.5;272
17522.5;272
17524.5;272
17526.5;272
17528.5;272
17530.5;272
17532.5;272
17534.5;272
17536.5;272
17538.5;272
17540.5;272
17542.5;272
17544.5;272
17546.7;272
17548.7;272
17550.7;272
17552.7;272
17554.7;272
17556.7;272
17558.7;272
17560.7;272
17562.7;272
17564.7;272
17566.9;272
17568.9;272
17570.9;272
17572.9;272
17574.9;272
17576.9;272
17579.1;272
17581.1;272
17583.1;272
17585.1;272
17587.1;272
17589.1;272
17591.3;272
17593.3;272
17595.5;272
17597.5;272
17599.5;272
17601.5;272
17603.5;272
17605.5;272
17607.7;272
17609.7;272
17611.7;272
17613.7;272
17615.7;272
17617.7;272
17619.7;272
17621.7;272
17623.9;272
17625.9;272
17627.9;272
17630.1;272
17632.1;272
17634.1;272
17636.1;272
17638.1;272
17640.3;272
17642.3;272
17644.3;272
17646.3;272
17648.3;272
17650.3;272
17652.3;272
17654.3;272
17656.3;272
17658.3;272
17660.3;272
17662.3;272
17664.5;272
17666.5;272
17668.5;272
17670.5;272
17672.5;272
17674.5;272
17676.7;272
17678.7;272
17680.7;272
17682.7;272
17684.7;272
17686.7;272
17688.7;272
17690.7;272
17692.7;272
17694.7;272
17696.7;272
17698.7;272
17700.7;272
17702.7;272
17704.7;272
17706.7;272
17708.9;272
17710.9;272
17712.9;272
17714.9;272
17716.9;272
17718.9;272
17720.9;272
17722.9;272
17724.9;272
17726.9;272
17728.9;272
17730.9;272
17732.9;272
17735.1;272
17737.1;272
17739.1;272
17741.1;272
17743.3;272
17745.3;272
17747.5;272
17749.5;272
17751.5;272
17753.5;272
17755.7;272
17757.7;272
17759.7;272
17761.7;272
17763.7;272
17765.7;272
17767.7;272
17769.9;272
17771.9;272
17773.9;272
17775.9;272
17777.9;272
17780.1;272
17782.1;272
17784.1;272
17786.1;272
17788.1;272
17790.1;272
17792.1;272
17794.3;272
17796.3;272
17798.3;272
17800.3;272
17802.3;272
17804.5;272
17806.5;272
17808.5;272
17810.5;272
17812.5;272
17814.5;272
17816.5;272
17818.5;272
17820.5;272
17822.5;272
17824.5;272
17826.5;272
17828.5;272
17830.5;272
17832.5;272
17834.5;272
17836.5;272
17838.5;272
17840.5;272
17842.5;272
17844.5;272
17846.5;272
17848.5;272
17850.5;272
17852.5;272
17854.5;272
17856.5;272
17858.7;272
17860.7;272
17862.7;272
17864.7;272
17866.7;272
17868.7;272
17870.7;272
17872.9;272
17875.1;272
17877.3;272
17879.3;272
17881.3;272
17883.3;272
17885.3;272
17887.3;272
17889.3;272
17891.3;272
17893.3;272
17895.3;272
17897.5;272
17899.7;272
17901.9;272
17903.9;272
17905.9;272
17907.9;272
17909.9;272
17911.9;272
17913.9;272
17915.9;272
17917.9;272
17920.1;272
17922.3;272
17924.3;272
17926.3;272
17928.3;272
17930.3;272
17932.5;272
17934.5;272
17936.7;272
17938.7;272
17940.7;272
17942.7;272
17944.7;272
17946.7;272
17948.7;272
17950.9;272
17953.1;272
17955.1;272
17957.1;272
17959.1;272
17961.3;272
17963.3;272
17965.3;272
17967.3;272
17969.3;272
17971.3;272
17973.3;272
17975.3;272
17977.3;272
17979.3;272
17981.3;272
17983.3;272
17985.3;272
17987.3;272
17989.3;272
17991.3;272
17993.3;272
17995.3;272
17997.3;272
