#	X	Y
2.18602;50
4.18601;50
6.18601;50
8.38601;50
10.586;50
12.586;50
14.586;50
16.586;50
18.786;50
20.986;50
22.986;50
24.986;50
26.986;50
28.986;50
30.986;50
32.986;50
34.986;50
36.986;50
38.986;50
40.986;50
42.986;50
44.986;50
46.986;50
48.986;50
50.986;50
52.986;50
54.986;50
56.986;50
58.986;50
60.986;50
62.986;50
64.986;50
66.986;50
68.986;50
70.986;50
72.986;50
75.186;50
77.386;50
79.386;50
81.386;50
83.386;50
85.386;50
87.386;50
89.386;50
91.386;50
93.386;50
95.386;50
97.386;50
99.386;50
101.386;50
103.586;50
105.586;50
107.586;50
109.786;50
111.786;50
113.786;50
115.786;50
117.786;50
119.786;50
121.786;50
123.786;50
125.786;50
127.786;50
129.786;50
131.786;50
133.786;50
135.786;50
137.786;50
139.786;50
141.786;50
143.786;50
145.786;50
147.786;50
149.786;50
151.786;50
153.786;50
155.986;50
157.986;50
159.986;50
161.986;50
163.986;50
165.986;50
167.986;50
170.186;80
172.186;80
174.186;80
176.386;80
178.386;80
180.386;80
182.586;80
184.586;80
186.586;80
188.586;80
190.586;80
192.586;80
194.586;80
196.586;80
198.586;80
200.586;80
202.586;80
204.786;80
206.786;80
208.786;80
210.786;80
212.786;80
214.786;80
216.786;80
218.786;80
220.786;80
222.786;80
224.786;80
226.786;80
228.786;80
230.786;80
232.786;80
234.986;80
236.986;80
239.186;80
241.386;80
243.386;80
245.386;80
247.386;80
249.386;80
251.386;80
253.386;80
255.386;80
257.386;80
259.386;80
261.586;80
263.786;80
265.786;80
267.786;80
269.786;80
271.786;80
273.786;80
275.786;80
277.786;80
279.786;80
281.786;80
283.786;80
285.986;80
287.986;80
289.986;80
292.186;80
294.186;80
296.186;80
298.186;80
300.186;80
302.186;80
304.186;80
306.186;80
308.186;80
310.386;80
312.586;80
314.586;80
316.786;80
318.786;80
320.786;80
322.786;80
324.786;80
326.986;80
328.986;80
330.986;80
332.986;80
334.986;80
336.986;80
339.186;80
341.186;80
343.186;80
345.186;80
347.186;80
349.186;80
351.186;80
353.186;80
355.386;80
357.386;80
359.386;80
361.386;80
363.386;80
365.386;80
367.386;80
369.386;80
371.386;80
373.386;80
375.386;80
377.586;80
379.586;80
381.586;80
383.586;80
385.586;80
387.586;80
389.586;80
391.586;80
393.786;80
395.786;80
397.786;80
399.786;80
401.986;80
404.186;80
406.186;80
408.186;80
410.186;80
412.186;80
414.186;80
416.186;80
418.186;80
420.186;80
422.186;80
424.186;80
426.186;80
428.186;80
430.186;80
432.386;80
434.386;80
436.386;80
438.586;80
440.586;80
442.586;80
444.586;80
446.586;80
448.586;80
450.786;80
452.786;80
454.786;80
456.786;80
458.786;80
460.786;80
462.786;80
464.786;80
466.786;80
468.786;80
470.786;80
472.986;80
474.986;80
476.986;80
479.186;80
481.186;80
483.186;80
485.386;80
487.386;80
489.386;80
491.386;80
493.386;80
495.386;80
497.386;80
499.386;80
501.386;80
503.386;80
505.386;80
507.586;80
509.586;80
511.586;80
513.786;80
515.786;80
517.786;80
519.786;80
521.786;80
523.986;80
525.986;80
527.986;80
529.986;80
531.986;80
533.986;80
535.986;80
537.986;80
539.986;80
541.986;80
543.986;80
545.986;80
547.986;80
549.986;80
551.986;80
553.986;80
555.986;80
557.986;80
559.986;80
561.986;80
563.986;80
565.986;80
567.986;80
569.986;80
571.986;80
574.186;80
576.186;80
578.186;80
580.186;80
582.186;80
584.186;80
586.386;80
588.386;80
590.386;80
592.386;80
594.386;80
596.386;80
598.386;80
600.386;80
602.386;80
604.386;80
606.386;80
608.386;80
610.386;80
612.386;80
614.386;80
616.386;80
618.586;80
620.586;80
622.786;80
624.786;80
626.786;80
628.786;80
630.786;80
632.786;80
634.986;80
636.986;80
638.986;80
640.986;80
642.986;80
644.986;80
646.986;80
648.986;80
650.986;80
652.986;80
654.986;80
656.986;80
658.986;80
660.986;80
662.986;80
664.986;80
667.186;80
669.186;80
671.186;80
673.186;80
675.186;80
677.186;80
679.186;80
681.186;80
683.186;80
685.186;80
687.186;80
689.386;80
691.386;80
693.386;80
695.386;80
697.386;80
699.386;80
701.386;80
703.386;80
705.386;80
707.386;80
709.386;80
711.386;80
713.386;80
715.386;80
717.386;80
719.386;80
721.386;80
723.386;80
725.386;80
727.386;80
729.386;80
731.386;80
733.586;80
735.586;80
737.586;80
739.586;80
741.586;80
743.586;80
745.786;80
747.786;80
749.786;80
751.786;80
753.786;80
755.786;80
757.786;80
759.786;80
761.786;80
763.786;80
765.786;80
767.786;80
769.786;80
771.786;80
773.986;80
775.986;80
777.986;80
779.986;80
781.986;80
783.986;80
785.986;80
787.986;80
789.986;80
791.986;80
793.986;80
795.986;80
797.986;80
799.986;80
801.986;80
803.986;80
805.986;80
807.986;80
809.986;80
811.986;80
813.986;80
815.986;80
817.986;80
819.986;80
821.986;80
823.986;80
825.986;80
827.986;80
829.986;80
831.986;80
833.986;80
835.986;80
837.986;80
839.986;80
841.986;80
843.986;80
845.986;80
847.986;80
849.986;80
851.986;80
853.986;80
855.986;80
857.986;80
860.186;80
862.186;80
864.186;80
866.186;80
868.186;80
870.386;80
872.386;80
874.386;80
876.586;80
878.586;80
880.786;80
882.786;80
884.986;80
886.986;80
888.986;80
890.986;80
892.986;80
895.186;80
897.186;80
899.386;80
901.586;80
903.586;80
905.586;80
907.586;80
909.586;80
911.586;80
913.586;80
915.586;80
917.586;80
919.586;80
921.586;80
923.586;80
925.586;80
927.586;80
929.586;80
931.586;80
933.586;80
935.586;80
937.586;80
939.586;80
941.586;80
943.586;80
945.786;80
947.786;80
949.786;80
951.786;80
953.786;80
955.786;80
957.786;80
959.786;80
961.786;80
963.986;80
965.986;80
967.986;80
969.986;80
971.986;80
973.986;80
976.186;80
978.186;80
980.386;80
982.386;80
984.386;80
986.386;80
988.386;80
990.386;80
992.386;80
994.386;80
996.386;80
998.386;80
1000.39;80
1002.59;80
1004.59;80
1006.59;80
1008.59;80
1010.59;80
1012.59;80
1014.59;80
1016.79;80
1018.79;80
1020.99;80
1022.99;80
1025.19;80
1027.19;80
1029.19;80
1031.19;80
1033.19;80
1035.19;80
1037.19;80
1039.19;80
1041.19;80
1043.19;80
1045.19;80
1047.19;80
1049.19;80
1051.39;80
1053.39;80
1055.59;80
1057.59;80
1059.79;80
1061.99;80
1063.99;80
1065.99;80
1067.99;80
1070.19;80
1072.19;80
1074.19;80
1076.19;80
1078.19;80
1080.19;80
1082.19;80
1084.19;80
1086.19;80
1088.19;80
1090.39;80
1092.39;80
1094.39;80
1096.39;80
1098.39;80
1100.59;80
1102.79;80
1104.79;80
1106.79;80
1108.79;80
1110.79;80
1112.79;80
1114.79;80
1116.79;80
1118.79;80
1120.79;80
1122.79;80
1124.79;80
1126.79;80
1128.79;80
1130.79;80
1132.79;80
1134.99;80
1136.99;80
1139.19;80
1141.19;80
1143.19;80
1145.19;80
1147.19;80
1149.19;80
1151.19;80
1153.19;80
1155.19;80
1157.19;80
1159.39;80
1161.39;80
1163.39;80
1165.39;80
1167.39;80
1169.39;80
1171.59;80
1173.59;80
1175.59;80
1177.59;80
1179.79;80
1181.79;80
1183.79;80
1185.79;80
1187.79;80
1189.79;80
1191.79;80
1193.99;80
1195.99;80
1197.99;80
1199.99;80
1201.99;80
1203.99;80
1205.99;80
1207.99;80
1209.99;80
1211.99;80
1214.19;80
1216.19;80
1218.39;80
1220.39;80
1222.39;80
1224.59;80
1226.79;80
1228.79;80
1230.79;80
1232.79;80
1234.79;80
1236.79;80
1238.99;80
1240.99;80
1242.99;80
1244.99;80
1246.99;80
1248.99;80
1250.99;80
1252.99;80
1254.99;80
1256.99;80
1258.99;80
1260.99;80
1263.19;80
1265.19;80
1267.19;80
1269.19;80
1271.19;80
1273.19;80
1275.39;80
1277.39;80
1279.39;80
1281.39;80
1283.39;80
1285.39;80
1287.39;80
1289.59;80
1291.59;80
1293.59;80
1295.79;80
1297.99;80
1300.19;80
1302.39;80
1304.39;80
1306.39;80
1308.39;80
1310.39;80
1312.39;80
1314.39;80
1316.39;80
1318.39;80
1320.59;80
1322.59;80
1324.59;80
1326.79;80
1328.79;80
1330.79;80
1332.99;80
1334.99;80
1336.99;80
1338.99;80
1341.19;80
1343.19;80
1345.19;80
1347.19;80
1349.19;80
1351.19;80
1353.19;80
1355.39;80
1357.39;80
1359.59;80
1361.59;80
1363.59;80
1365.59;80
1367.59;80
1369.59;80
1371.59;80
1373.59;80
1375.59;80
1377.59;80
1379.79;80
1381.79;80
1383.79;80
1385.79;80
1387.79;80
1389.79;80
1391.99;80
1393.99;80
1395.99;80
1397.99;80
1399.99;80
1401.99;80
1403.99;80
1405.99;80
1407.99;80
1409.99;80
1411.99;80
1413.99;80
1415.99;80
1418.19;80
1420.19;80
1422.19;80
1424.19;80
1426.39;80
1428.39;80
1430.39;80
1432.59;80
1434.79;80
1436.99;80
1438.99;80
1440.99;80
1442.99;80
1444.99;80
1446.99;80
1448.99;80
1451.19;80
1453.19;80
1455.39;80
1457.39;80
1459.39;80
1461.39;80
1463.39;80
1465.39;80
1467.39;80
1469.39;80
1471.39;80
1473.39;80
1475.39;80
1477.39;80
1479.59;80
1481.59;80
1483.59;80
1485.59;80
1487.59;80
1489.59;80
1491.59;80
1493.59;80
1495.59;80
1497.59;80
1499.59;80
1501.59;80
1503.59;80
1505.59;80
1507.59;80
1509.59;80
1511.59;80
1513.59;80
1515.59;80
1517.59;80
1519.59;80
1521.59;80
1523.59;80
1525.59;80
1527.59;80
1529.59;80
1531.59;80
1533.59;80
1535.59;80
1537.79;80
1539.79;80
1541.79;80
1543.79;80
1545.79;80
1547.79;80
1549.79;80
1551.79;80
1553.79;80
1555.79;80
1557.79;80
1559.99;80
1561.99;80
1563.99;80
1565.99;80
1567.99;80
1569.99;80
1571.99;80
1573.99;80
1575.99;80
1577.99;80
1579.99;80
1582.19;80
1584.19;80
1586.19;80
1588.19;80
1590.19;80
1592.19;80
1594.19;80
1596.19;80
1598.19;80
1600.19;80
1602.19;80
1604.19;80
1606.19;80
1608.19;80
1610.19;80
1612.39;80
1614.39;80
1616.39;80
1618.39;80
1620.39;80
1622.39;80
1624.39;80
1626.39;80
1628.39;80
1630.39;80
1632.39;80
1634.39;80
1636.39;80
1638.39;80
1640.39;80
1642.39;80
1644.39;80
1646.39;80
1648.39;80
1650.59;80
1652.59;80
1654.59;80
1656.59;80
1658.59;80
1660.79;80
1662.79;80
1664.79;80
1666.79;80
1668.79;80
1670.79;80
1672.79;80
1674.99;80
1676.99;80
1679.19;80
1681.39;80
1683.39;80
1685.39;80
1687.39;80
1689.59;80
1691.59;80
1693.59;80
1695.59;80
1697.59;80
1699.59;80
1701.59;80
1703.59;80
1705.59;80
1707.59;80
1709.59;80
1711.59;80
1713.59;80
1715.59;80
1717.59;80
1719.79;80
1721.79;80
1723.79;80
1725.79;80
1727.79;80
1729.79;80
1731.79;80
1733.79;80
1735.79;80
1737.79;80
1739.79;80
1741.79;80
1743.79;80
1745.79;80
1747.79;80
1749.79;80
1751.79;80
1753.79;80
1755.79;80
1757.79;80
1759.99;80
1761.99;80
1763.99;80
1765.99;80
1767.99;80
1769.99;80
1771.99;80
1773.99;80
1775.99;80
1777.99;80
1779.99;80
1782.19;80
1784.19;80
1786.19;80
1788.19;80
1790.19;80
1792.39;80
1794.39;80
1796.39;80
