#	X	Y
2.42402;280
4.42401;280
6.42401;280
8.42401;280
10.424;280
12.424;280
14.424;280
16.424;280
18.424;280
20.424;280
22.424;280
24.424;280
26.624;280
28.624;280
30.824;280
32.824;280
34.824;280
36.824;280
39.024;280
41.024;280
43.224;280
45.224;280
47.224;280
49.224;280
51.224;280
53.224;280
55.224;280
57.224;280
59.224;280
61.224;280
63.224;280
65.224;280
67.224;280
69.224;280
71.224;280
73.224;280
75.224;280
77.224;280
79.424;280
81.424;280
83.424;280
85.424;280
87.424;280
89.424;280
91.624;280
93.624;280
95.824;280
97.824;280
99.824;280
101.824;280
103.824;280
105.824;280
107.824;280
109.824;280
111.824;280
113.824;280
115.824;280
117.824;280
119.824;280
121.824;280
123.824;280
125.824;280
127.824;280
129.824;280
131.824;280
133.824;280
135.824;280
137.824;280
139.824;280
141.824;280
143.824;280
145.824;280
147.824;280
150.024;280
152.024;280
154.024;280
156.224;640
158.224;640
160.224;640
162.224;640
164.224;640
166.224;640
168.224;640
170.224;640
172.224;640
174.224;640
176.224;640
178.224;640
180.224;640
182.424;640
184.424;640
186.424;640
188.424;640
190.424;640
192.424;640
194.424;640
196.624;640
198.624;640
200.824;640
202.824;640
205.024;640
207.024;640
209.024;640
211.024;640
213.024;640
215.024;640
217.224;640
219.224;640
221.224;640
223.224;640
225.224;640
227.424;640
229.424;640
231.424;640
233.424;640
235.424;640
237.424;640
239.424;640
241.424;640
243.424;640
245.624;640
247.624;640
249.624;640
251.624;640
253.624;640
255.624;640
257.824;640
259.824;640
261.824;640
263.824;640
265.824;640
267.824;640
269.824;640
271.824;640
273.824;640
275.824;640
277.824;640
279.824;640
282.024;640
284.024;640
286.024;640
288.024;640
290.224;640
292.224;640
294.224;640
296.224;640
298.424;640
300.424;640
302.424;640
304.424;640
306.424;640
308.424;640
310.624;640
312.824;640
314.824;640
316.824;640
318.824;640
320.824;640
322.824;640
324.824;640
326.824;640
328.824;640
331.024;640
333.024;640
335.024;640
337.224;640
339.224;640
341.424;640
343.424;640
345.424;640
347.624;640
349.624;640
351.624;640
353.624;640
355.624;640
357.624;640
359.624;640
361.624;640
363.624;640
365.624;640
367.624;640
369.624;640
371.624;640
373.824;640
375.824;640
377.824;640
379.824;640
381.824;640
383.824;640
386.024;640
388.024;640
390.224;640
392.224;640
394.224;640
396.224;640
398.224;640
400.224;640
402.224;640
404.224;640
406.224;640
408.224;640
410.424;640
412.624;640
414.624;640
416.624;640
418.624;640
420.624;640
422.624;640
424.624;640
426.624;640
428.824;640
430.824;640
432.824;640
434.824;640
436.824;640
438.824;640
440.824;640
442.824;640
444.824;640
446.824;640
448.824;640
450.824;640
452.824;640
454.824;640
456.824;640
459.024;640
461.024;640
463.024;640
465.024;640
467.024;640
469.024;640
471.024;640
473.224;640
475.224;640
477.424;640
479.424;640
481.424;640
483.424;640
485.624;640
487.624;640
489.624;640
491.624;640
493.624;640
495.624;640
497.624;640
499.624;640
501.624;640
503.824;640
505.824;640
507.824;640
509.824;640
511.824;640
513.824;640
515.824;640
517.824;640
519.824;640
521.824;640
523.824;640
525.824;640
527.824;640
529.824;640
531.824;640
534.024;640
536.024;640
538.024;640
540.024;640
542.024;640
544.024;640
546.024;640
548.024;640
550.024;640
552.024;640
554.024;640
556.024;640
558.024;640
560.024;640
562.024;640
564.224;640
566.224;640
568.224;640
570.224;640
572.224;640
574.224;640
576.424;640
578.424;640
580.424;640
582.424;640
584.424;640
586.624;640
588.624;640
590.624;640
592.624;640
594.624;640
596.824;640
598.824;640
600.824;640
602.824;640
604.824;640
606.824;640
608.824;640
610.824;640
612.824;640
614.824;640
616.824;640
618.824;640
620.824;640
622.824;640
624.824;640
626.824;640
628.824;640
630.824;640
632.824;640
634.824;640
636.824;640
638.824;640
640.824;640
643.024;640
645.024;640
647.024;640
649.024;640
651.024;640
653.024;640
655.024;640
657.024;640
659.224;640
661.224;640
663.224;640
665.224;640
667.224;640
669.224;640
671.224;640
673.224;640
675.224;640
677.224;640
679.424;640
681.424;640
683.424;640
685.424;640
687.424;640
689.424;640
691.424;640
693.424;640
695.424;640
697.424;640
699.424;640
701.424;640
703.424;640
705.624;640
707.824;640
709.824;640
711.824;640
714.024;640
716.024;640
718.024;640
720.024;640
722.024;640
724.224;640
726.224;640
728.224;640
730.424;640
732.424;640
734.424;640
736.424;640
738.424;640
740.424;640
742.424;640
744.424;640
746.424;640
748.424;640
750.424;640
752.424;640
754.624;640
756.824;640
758.824;640
760.824;640
762.824;640
764.824;640
766.824;640
769.024;640
771.024;640
773.024;640
775.024;640
777.024;640
779.024;640
781.224;640
783.224;640
785.224;640
787.224;640
789.224;640
791.224;640
793.224;640
795.224;640
797.224;640
799.224;640
801.224;640
803.224;640
805.424;640
807.424;640
809.424;640
811.424;640
813.424;640
815.424;640
817.424;640
819.424;640
821.424;640
823.424;640
825.424;640
827.424;640
829.424;640
831.424;640
833.424;640
835.424;640
837.424;640
839.424;640
841.424;640
843.424;640
845.424;640
847.424;640
849.424;640
851.424;640
853.424;640
855.424;640
857.424;640
859.624;640
861.624;640
863.624;640
865.624;640
867.624;640
869.624;640
871.624;640
873.824;640
876.024;640
878.024;640
880.024;640
882.024;640
884.024;640
886.024;640
888.024;640
890.024;640
892.024;640
894.024;640
896.224;640
898.224;640
900.224;640
902.224;640
904.424;640
906.424;640
908.424;640
910.424;640
912.424;640
914.424;1364
916.424;1364
918.424;1364
920.424;1364
922.424;1364
924.424;1364
926.424;1364
928.624;1364
930.624;1364
932.624;1364
934.624;1364
936.624;1364
938.624;1364
940.624;1364
942.624;1364
944.824;1364
946.824;1364
948.824;1364
950.824;1364
952.824;1364
954.824;1364
956.824;1364
958.824;1364
960.824;1364
962.824;1364
964.824;1364
966.824;1364
969.024;1364
971.024;1364
973.024;1364
975.024;1364
977.024;1364
979.024;1364
981.024;1364
983.024;1364
985.024;1364
987.024;1364
989.024;1364
991.024;1364
993.024;1364
995.024;1364
997.224;1364
999.224;1364
1001.22;1364
1003.42;1364
1005.42;1364
1007.42;1364
1009.42;1364
1011.42;1364
1013.42;1364
1015.42;1364
1017.42;1364
1019.42;1364
1021.42;1364
1023.62;1364
1025.82;1364
1027.82;1364
1029.82;1364
1032.02;1364
1034.02;1364
1036.02;1364
1038.02;1364
1040.02;1364
1042.02;1364
1044.22;1364
1046.22;1364
1048.22;1364
1050.22;1364
1052.22;1364
1054.22;1364
1056.22;1364
1058.42;1364
1060.42;1364
1062.42;1364
1064.42;1364
1066.42;1364
1068.42;1364
1070.62;1364
1072.62;1364
1074.62;1364
1076.62;1364
1078.62;1364
1080.62;1364
1082.62;1364
1084.62;1364
1086.62;1364
1088.82;1364
1090.82;1364
1092.82;1364
1094.82;1364
1096.82;1364
1098.82;1364
1100.82;1364
1102.82;1364
1104.82;1364
1106.82;1364
1108.82;1364
1111.02;1364
1113.02;1364
1115.02;1364
1117.22;1364
1119.22;1364
1121.22;1364
1123.22;1364
1125.42;1364
1127.42;1364
1129.42;1364
1131.42;1364
1133.42;1364
1135.62;1364
1137.62;1364
1139.62;1364
1141.82;1364
1143.82;1364
1146.02;1364
1148.02;1364
1150.22;1364
1152.22;1364
1154.22;1364
1156.22;1364
1158.42;1364
1160.42;1364
1162.42;1364
1164.42;1364
1166.42;1364
1168.42;1364
1170.62;1364
1172.62;1364
1174.62;1364
1176.62;1364
1178.62;1364
1180.62;1364
1182.62;1364
1184.62;1364
1186.62;1364
1188.62;1364
1190.62;1364
1192.82;1364
1194.82;1364
1196.82;1364
1198.82;1364
1200.82;1364
1202.82;1364
1204.82;1364
1206.82;1364
1208.82;1364
1210.82;1364
1212.82;1364
1214.82;1364
1216.82;1364
1218.82;1364
1220.82;1364
1222.82;1364
1225.02;1364
1227.02;1364
1229.02;1364
1231.02;1364
1233.02;1364
1235.02;1364
1237.02;1364
1239.02;1364
1241.02;1364
1243.02;1364
1245.22;1364
1247.22;1364
1249.22;1364
1251.22;1364
1253.22;1364
1255.22;1364
1257.42;1364
1259.42;1364
1261.42;1364
1263.42;1364
1265.42;1364
1267.62;1364
1269.82;1364
1271.82;1364
1274.02;1364
1276.02;1364
1278.02;1364
1280.22;1364
1282.22;1364
1284.22;1364
1286.22;1364
1288.22;1364
1290.22;1364
1292.22;1364
1294.42;1364
1296.42;1364
1298.42;1364
1300.42;1364
1302.42;1364
1304.42;1364
1306.42;1364
1308.42;1364
1310.42;1364
1312.42;1364
1314.42;1364
1316.42;1364
1318.62;1364
1320.62;1364
1322.62;1364
1324.62;1364
1326.62;1364
1328.62;1364
1330.62;1364
1332.82;1364
1334.82;1364
1336.82;1364
1338.82;1364
1340.82;1364
1342.82;1364
1344.82;1364
1346.82;1364
1349.02;1364
1351.02;1364
1353.22;1364
1355.22;1364
1357.22;1364
1359.22;1364
1361.22;1364
1363.22;1364
1365.22;1364
1367.22;1364
1369.22;1364
1371.22;1364
1373.22;1364
1375.22;1364
1377.22;1364
1379.42;1364
1381.42;1364
1383.42;1364
1385.42;1364
1387.42;1364
1389.42;1364
1391.62;1364
1393.62;1364
1395.62;1364
1397.82;1364
1399.82;1364
1401.82;1364
1403.82;1364
1405.82;1364
1408.02;1364
1410.22;1364
1412.42;1364
1414.42;1364
1416.42;1364
1418.42;1364
1420.42;1364
1422.42;1364
1424.42;1364
1426.62;1364
1428.62;1364
1430.62;1364
1432.62;1364
1434.62;1364
1436.62;1364
1438.62;1364
1440.62;1364
1442.62;1364
1444.62;1364
1446.62;1364
1448.62;1364
1450.62;1364
1452.62;1364
1454.62;1364
1456.82;1364
1458.82;1364
1460.82;1364
1462.82;1364
1464.82;1364
1466.82;1364
1468.82;1364
1470.82;1364
1473.02;1364
1475.02;1364
1477.02;1364
1479.22;1364
1481.22;1364
1483.42;1364
1485.42;1364
1487.42;1364
1489.42;1364
1491.42;1364
1493.42;1364
1495.42;1364
1497.62;1364
1499.62;1364
1501.62;1364
1503.62;1364
1505.62;1364
1507.62;1364
1509.82;1364
1511.82;1364
1513.82;1364
1515.82;1364
1517.82;1364
1519.82;1364
1521.82;1364
1523.82;1364
1525.82;1364
1527.82;1364
1529.82;1364
1531.82;1364
1533.82;1364
1536.02;1364
1538.02;1364
1540.22;1364
1542.22;1364
1544.22;1364
1546.22;1364
1548.22;1364
1550.22;1364
1552.22;1364
1554.22;1364
1556.22;1364
1558.22;1364
1560.22;1364
1562.22;1364
1564.22;1364
1566.22;1364
1568.22;1364
1570.22;1364
1572.42;1364
1574.62;1364
1576.62;1364
1578.62;1364
1580.62;1364
1582.62;1364
1584.82;1364
1587.02;1364
1589.02;1364
1591.02;1364
1593.02;1364
1595.02;1364
1597.02;1364
1599.02;1364
1601.02;1364
1603.02;1364
1605.22;1364
1607.22;1364
1609.22;1364
1611.22;1364
1613.22;1364
1615.42;1364
1617.42;1364
1619.42;1364
1621.42;1364
1623.62;1364
1625.62;1364
1627.62;1364
1629.62;1364
1631.62;1364
1633.62;1364
1635.62;1364
1637.62;1364
1639.62;1364
1641.62;1364
1643.62;1364
1645.62;1364
1647.82;1364
1649.82;1364
1652.02;1364
1654.02;1364
1656.02;1364
1658.02;1364
1660.02;1364
1662.02;1364
1664.22;1364
1666.22;1364
1668.22;1364
1670.22;1364
1672.22;1364
1674.22;1364
1676.22;1364
1678.42;1364
1680.42;1364
1682.62;1364
1684.62;1364
1686.62;1364
1688.62;1364
1690.62;1364
1692.62;1364
1694.62;1364
1696.82;1364
1698.82;1364
1701.02;1364
1703.22;1364
1705.22;1364
1707.22;1364
1709.22;1364
1711.22;1364
1713.22;1364
1715.22;1364
1717.22;1364
1719.22;1364
1721.22;1364
1723.42;1364
1725.42;1364
1727.42;1364
1729.42;1364
1731.42;1364
1733.42;1364
1735.42;1364
1737.42;1364
1739.42;1364
1741.42;1364
1743.62;1364
1745.62;1364
1747.62;1364
1749.62;1364
1751.62;1364
1753.62;1364
1755.62;1364
1757.62;1364
1759.62;1364
1761.82;1364
1763.82;1364
1766.02;1364
1768.02;1364
1770.02;1364
1772.02;1364
1774.22;1364
1776.22;1364
1778.22;1364
1780.22;1364
1782.22;1364
1784.22;1364
1786.22;1364
1788.42;1364
1790.42;1364
1792.42;1364
1794.42;1364
1796.42;1364
