#	X	Y
2.41602;41
4.41601;41
6.41601;41
8.41601;41
10.416;41
12.416;41
14.416;41
16.416;41
18.616;41
20.816;41
22.816;41
24.816;41
26.816;41
29.016;41
31.016;41
33.016;41
35.016;41
37.216;41
39.416;41
41.616;41
43.616;41
45.616;41
47.616;41
49.616;41
51.816;41
53.816;41
56.016;41
58.016;41
60.016;41
62.016;41
64.016;41
66.016;41
68.216;65
70.216;65
72.216;65
74.216;65
76.216;65
78.216;65
80.216;65
82.216;65
84.216;65
86.216;65
88.216;65
90.216;65
92.216;65
94.216;65
96.216;65
98.216;65
100.216;65
102.216;65
104.216;65
106.216;65
108.216;65
110.216;65
112.216;65
114.216;65
116.216;65
118.216;65
120.216;65
122.216;65
124.216;65
126.416;65
128.416;65
130.416;65
132.416;65
134.416;65
136.416;65
138.616;65
140.616;65
142.616;65
144.816;65
147.016;65
149.016;65
151.016;65
153.016;65
155.016;65
157.016;65
159.016;65
161.016;65
163.216;65
165.216;65
167.216;65
169.216;65
171.216;65
173.216;65
175.216;65
177.216;65
179.216;65
181.216;65
183.216;65
185.216;65
187.216;65
189.416;65
191.416;65
193.416;65
195.416;65
197.416;65
199.416;65
201.616;65
203.616;65
205.616;65
207.616;65
209.616;65
211.616;65
213.616;65
215.616;65
217.616;65
219.616;65
221.616;65
223.616;65
225.616;65
227.616;65
229.616;65
231.616;65
233.616;65
235.616;65
237.816;65
239.816;65
241.816;65
243.816;65
245.816;65
247.816;65
249.816;65
251.816;65
253.816;65
255.816;65
257.816;65
259.816;65
261.816;65
263.816;65
265.816;65
267.816;65
269.816;65
271.816;65
273.816;65
275.816;65
277.816;65
279.816;65
281.816;65
284.016;65
286.016;65
288.016;65
290.016;65
292.016;65
294.016;65
296.216;65
298.216;65
300.216;65
302.216;65
304.216;65
306.216;65
308.416;65
310.416;65
312.416;65
314.416;65
316.416;65
318.416;65
320.616;65
322.616;65
324.616;65
326.816;65
328.816;65
330.816;65
332.816;65
335.016;65
337.016;65
339.016;65
341.016;65
343.016;65
345.016;65
347.016;65
349.216;65
351.216;65
353.216;65
355.416;65
357.416;65
359.416;65
361.416;65
363.416;65
365.416;65
367.616;65
369.816;65
371.816;65
373.816;65
375.816;65
377.816;65
380.016;65
382.016;65
384.016;65
386.016;65
388.016;65
390.016;65
392.016;65
394.016;65
396.016;65
398.216;65
400.216;65
402.216;65
404.216;65
406.216;65
408.216;65
410.216;65
412.216;65
414.216;65
416.216;65
418.216;65
420.216;65
422.216;65
424.216;65
426.216;65
428.216;65
430.216;65
432.216;65
434.216;65
436.216;65
438.216;65
440.216;65
442.216;65
444.216;65
446.216;65
448.216;65
450.216;65
452.216;65
454.216;65
456.216;65
458.216;65
460.216;65
462.216;65
464.216;65
466.216;65
468.216;65
470.216;65
472.216;65
474.216;65
476.416;65
478.416;65
480.416;65
482.416;65
484.416;65
486.416;65
488.416;65
490.416;65
492.416;65
494.416;65
496.416;65
498.416;65
500.416;65
502.416;65
504.416;65
506.416;65
508.416;65
510.416;65
512.616;65
514.616;65
516.616;65
518.616;65
520.616;65
522.816;65
524.816;65
526.816;65
528.816;65
530.816;65
533.016;65
535.016;65
537.016;65
539.016;65
541.016;65
543.016;65
545.016;65
547.216;65
549.216;65
551.216;65
553.216;65
555.216;65
557.216;65
559.216;65
561.216;65
563.216;65
565.216;65
567.216;65
569.416;65
571.416;65
573.416;65
575.416;65
577.416;65
579.416;65
581.416;65
583.416;65
585.416;65
587.616;65
589.616;65
591.616;65
593.616;65
595.816;65
597.816;65
600.016;65
602.016;65
604.016;65
606.016;65
608.016;65
610.016;65
612.016;65
614.016;65
616.016;65
618.016;65
620.016;65
622.016;65
624.216;65
626.216;65
628.216;65
630.216;65
632.216;65
634.216;65
636.216;65
638.216;65
640.216;65
642.216;65
644.216;65
646.216;65
648.416;65
650.616;65
652.616;65
654.616;65
656.616;65
658.816;65
660.816;65
663.016;65
665.016;65
667.016;65
669.016;65
671.016;65
673.016;65
675.016;65
677.016;65
679.016;65
681.216;65
683.216;65
685.216;65
687.216;65
689.216;65
691.216;65
693.416;65
695.416;65
697.416;65
699.416;65
701.416;65
703.416;65
705.416;65
707.416;65
709.616;65
711.816;65
713.816;65
715.816;65
717.816;65
719.816;65
721.816;65
724.016;65
726.016;65
728.016;65
730.016;65
732.016;65
734.016;65
736.016;65
738.016;65
740.016;65
742.016;65
744.016;65
746.216;65
748.416;65
750.416;65
752.416;65
754.416;65
756.416;65
758.416;65
760.416;65
762.416;65
764.416;65
766.416;65
768.416;65
770.416;65
772.416;65
774.416;65
776.416;65
778.416;65
780.416;65
782.416;65
784.416;65
786.416;65
788.416;65
790.616;65
792.616;65
794.616;65
796.616;65
798.616;65
800.816;65
802.816;65
804.816;65
806.816;65
808.816;65
810.816;65
812.816;65
814.816;65
816.816;65
818.816;65
820.816;65
822.816;65
824.816;65
826.816;65
828.816;65
830.816;65
832.816;65
834.816;65
836.816;65
838.816;65
840.816;65
842.816;65
844.816;65
847.016;65
849.216;65
851.216;65
853.216;65
855.216;65
857.216;65
859.216;65
861.216;65
863.216;65
865.216;65
867.416;65
869.416;65
871.416;65
873.416;65
875.416;65
877.616;65
879.616;65
881.616;65
883.616;65
885.816;65
888.016;65
890.216;65
892.216;65
894.216;65
896.216;65
898.216;65
900.216;65
902.216;65
904.216;65
906.216;65
908.216;65
910.216;65
912.216;65
914.216;793
916.216;793
918.216;793
920.216;793
922.216;793
924.216;793
926.216;793
928.216;793
930.216;793
932.216;793
934.416;793
936.416;793
938.416;793
940.416;793
942.416;793
944.416;793
946.416;793
948.416;793
950.416;793
952.616;793
954.616;793
956.616;793
958.616;793
960.616;793
962.616;793
964.616;793
966.616;793
968.616;793
970.616;793
972.616;793
974.616;793
976.616;793
978.616;793
980.616;793
982.616;793
984.616;793
986.616;793
988.616;793
990.616;793
992.616;793
994.616;793
996.616;793
998.616;793
1000.62;793
1002.62;793
1004.62;793
1006.82;793
1009.02;793
1011.02;793
1013.02;793
1015.02;793
1017.02;793
1019.02;793
1021.02;793
1023.02;793
1025.02;793
1027.02;793
1029.22;793
1031.22;793
1033.22;793
1035.22;793
1037.42;793
1039.42;793
1041.42;793
1043.42;793
1045.42;793
1047.42;793
1049.42;793
1051.42;793
1053.62;793
1055.62;793
1057.62;793
1059.62;793
1061.62;793
1063.82;793
1066.02;793
1068.02;793
1070.02;793
1072.22;793
1074.22;793
1076.22;793
1078.22;793
1080.22;793
1082.22;793
1084.22;793
1086.22;793
1088.22;793
1090.22;793
1092.42;793
1094.62;793
1096.82;793
1098.82;793
1101.02;793
1103.02;793
1105.02;793
1107.02;793
1109.02;793
1111.02;793
1113.02;793
1115.02;793
1117.02;793
1119.02;793
1121.02;793
1123.02;793
1125.02;793
1127.02;793
1129.02;793
1131.02;793
1133.02;793
1135.02;793
1137.02;793
1139.02;793
1141.02;793
1143.22;793
1145.22;793
1147.22;793
1149.22;793
1151.22;793
1153.22;793
1155.22;793
1157.22;793
1159.22;793
1161.22;793
1163.22;793
1165.22;793
1167.42;793
1169.42;793
1171.42;793
1173.42;793
1175.62;793
1177.62;793
1179.62;793
1181.62;793
1183.82;793
1185.82;793
1187.82;793
1189.82;793
1191.82;793
1193.82;793
1195.82;793
1198.02;793
1200.22;793
1202.22;793
1204.22;793
1206.22;793
1208.22;793
1210.22;793
1212.22;793
1214.22;793
1216.42;793
1218.42;793
1220.42;793
1222.42;793
1224.42;793
1226.42;793
1228.42;793
1230.62;793
1232.62;793
1234.82;793
1236.82;793
1238.82;793
1241.02;793
1243.02;793
1245.02;793
1247.02;793
1249.02;793
1251.02;793
1253.02;793
1255.22;793
1257.22;793
1259.22;793
1261.22;793
1263.22;793
1265.42;793
1267.42;793
1269.62;793
1271.62;793
1273.62;793
1275.62;793
1277.62;793
1279.82;793
1281.82;793
1284.02;793
1286.02;793
1288.02;793
1290.02;793
1292.02;793
1294.22;793
1296.22;793
1298.42;793
1300.42;793
1302.42;793
1304.42;793
1306.42;793
1308.42;793
1310.42;793
1312.42;793
1314.42;793
1316.42;793
1318.42;793
1320.62;793
1322.82;793
1324.82;793
1326.82;793
1328.82;793
1330.82;793
1332.82;793
1334.82;793
1336.82;793
1338.82;793
1340.82;793
1342.82;793
1344.82;793
1346.82;793
1348.82;793
1350.82;793
1353.02;793
1355.02;793
1357.02;793
1359.02;793
1361.02;793
1363.02;793
1365.02;793
1367.02;793
1369.22;793
1371.22;793
1373.22;793
1375.22;793
1377.22;793
1379.22;793
1381.22;793
1383.22;793
1385.22;793
1387.42;793
1389.42;793
1391.42;793
1393.42;793
1395.62;793
1397.62;793
1399.62;793
1401.62;793
1403.62;793
1405.62;793
1407.62;793
1409.62;793
1411.62;793
1413.62;793
1415.62;793
1417.62;793
1419.62;793
1421.62;793
1423.62;793
1425.62;793
1427.62;793
1429.62;793
1431.62;793
1433.62;793
1435.62;793
1437.62;793
1439.62;793
1441.62;793
1443.82;793
1446.02;793
1448.02;793
1450.02;793
1452.02;793
1454.02;793
1456.22;793
1458.22;793
1460.22;793
1462.22;793
1464.22;793
1466.42;793
1468.42;793
1470.42;793
1472.42;793
1474.42;793
1476.42;793
1478.42;793
1480.42;793
1482.62;793
1484.62;793
1486.62;793
1488.62;793
1490.62;793
1492.62;793
1494.62;793
1496.62;793
1498.62;793
1500.62;793
1502.62;793
1504.62;793
1506.62;793
1508.62;793
1510.62;793
1512.62;793
1514.62;793
1516.62;793
1518.62;793
1520.62;793
1522.62;793
1524.62;793
1526.82;793
1528.82;793
1530.82;793
1532.82;793
1534.82;793
1537.02;793
1539.02;793
1541.02;793
1543.02;793
1545.02;793
1547.02;793
1549.02;793
1551.02;793
1553.02;793
1555.22;793
1557.42;793
1559.42;793
1561.42;793
1563.42;793
1565.42;793
1567.42;793
1569.42;793
1571.42;793
1573.42;793
1575.42;793
1577.42;793
1579.42;793
1581.62;793
1583.62;793
1585.82;793
1587.82;793
1589.82;793
1592.02;793
1594.22;793
1596.22;793
1598.42;793
1600.42;793
1602.42;793
1604.42;793
1606.62;793
1608.62;793
1610.62;793
1612.62;793
1614.62;793
1616.62;793
1618.82;793
1620.82;793
1622.82;793
1625.02;793
1627.02;793
1629.02;793
1631.02;793
1633.02;793
1635.22;793
1637.22;793
1639.22;793
1641.22;793
1643.22;793
1645.22;793
1647.22;793
1649.22;793
1651.22;793
1653.22;793
1655.22;793
1657.22;793
1659.22;793
1661.22;793
1663.22;793
1665.22;793
1667.22;793
1669.22;793
1671.22;793
1673.22;793
1675.22;793
1677.22;793
1679.22;793
1681.22;793
1683.42;793
1685.42;793
1687.42;793
1689.42;793
1691.62;793
1693.62;793
1695.62;793
1697.82;793
1699.82;793
1701.82;793
1703.82;793
1705.82;793
1707.82;793
1709.82;793
1711.82;793
1713.82;793
1715.82;793
1718.02;793
1720.02;793
1722.02;793
1724.02;793
1726.02;793
1728.02;793
1730.02;793
1732.22;793
1734.22;793
1736.22;793
1738.22;793
1740.42;793
1742.42;793
1744.62;793
1746.62;793
1748.62;793
1750.62;793
1752.62;793
1754.62;793
1756.62;793
1758.62;793
1760.62;793
1762.62;793
1764.82;793
1766.82;793
1769.02;793
1771.02;793
1773.02;793
1775.02;793
1777.22;793
1779.22;793
1781.42;793
1783.62;793
1785.62;793
1787.62;793
1789.62;793
1791.62;793
1793.62;793
1795.62;793
1797.62;793
