#	X	Y
2.32602;117
4.32601;117
6.32601;117
8.52601;117
10.526;117
12.526;117
14.526;117
16.526;117
18.726;117
20.726;117
22.726;117
24.726;117
26.726;117
28.726;117
30.726;117
32.726;117
34.726;117
36.726;117
38.726;117
40.726;117
42.726;117
44.726;117
46.726;117
48.926;117
50.926;117
53.126;117
55.126;117
57.126;117
59.126;117
61.126;117
63.126;117
65.126;117
67.126;117
69.326;117
71.526;117
73.526;117
75.526;117
77.526;117
79.726;117
81.726;117
83.726;117
85.726;117
87.726;117
89.726;117
91.726;117
93.726;117
95.726;117
97.726;117
99.726;117
101.726;117
103.726;117
105.926;117
107.926;117
109.926;117
111.926;117
113.926;117
116.126;117
118.126;117
120.126;117
122.126;117
124.126;117
126.126;117
128.126;117
130.126;117
132.126;117
134.126;117
136.126;117
138.326;279
140.326;279
142.326;279
144.326;279
146.526;279
148.526;279
150.526;279
152.526;279
154.526;279
156.526;279
158.726;279
160.726;279
162.726;279
164.726;279
166.726;279
168.726;279
170.726;279
172.926;279
174.926;279
176.926;279
178.926;279
180.926;279
182.926;279
184.926;279
186.926;279
188.926;279
190.926;279
193.126;279
195.126;279
197.126;279
199.126;279
201.326;279
203.326;279
205.326;279
207.526;279
209.526;279
211.526;279
213.726;279
215.726;279
217.726;279
219.726;279
221.726;279
223.726;279
225.726;279
227.726;279
229.726;279
231.726;279
233.726;279
235.726;279
237.726;279
239.726;279
241.726;279
243.726;279
245.926;279
247.926;279
250.126;279
252.126;279
254.126;279
256.126;279
258.126;279
260.126;279
262.126;279
264.126;279
266.126;279
268.126;279
270.326;279
272.326;279
274.326;279
276.326;279
278.326;279
280.326;279
282.326;279
284.326;279
286.326;279
288.326;279
290.326;279
292.326;279
294.526;279
296.726;279
298.726;279
300.926;279
303.126;279
305.126;279
307.126;279
309.126;279
311.126;279
313.126;279
315.126;279
317.126;279
319.126;279
321.126;279
323.126;279
325.126;279
327.126;279
329.126;279
331.126;279
333.126;279
335.126;279
337.126;279
339.126;279
341.126;279
343.126;279
345.126;279
347.126;279
349.126;279
351.126;279
353.126;279
355.126;279
357.126;279
359.326;279
361.326;279
363.326;279
365.326;279
367.326;279
369.326;279
371.326;279
373.326;279
375.326;279
377.326;279
379.526;279
381.526;279
383.526;279
385.526;279
387.526;279
389.526;279
391.726;279
393.726;279
395.726;279
397.726;279
399.726;279
401.726;279
403.726;279
405.726;279
407.726;279
409.926;279
411.926;279
413.926;279
415.926;279
417.926;279
419.926;279
422.126;279
424.326;279
426.326;279
428.326;279
430.326;279
432.326;279
434.326;279
436.326;279
438.326;279
440.526;279
442.526;279
444.526;279
446.526;279
448.526;279
450.726;279
452.726;279
454.726;279
456.726;279
458.726;279
460.726;279
462.726;279
464.726;279
466.926;279
468.926;279
470.926;279
472.926;279
474.926;279
476.926;279
478.926;279
480.926;279
482.926;279
484.926;279
486.926;279
488.926;279
490.926;279
493.126;279
495.126;279
497.126;279
499.126;279
501.126;279
503.126;279
505.126;279
507.126;279
509.126;279
511.126;279
513.126;279
515.126;279
517.126;279
519.126;279
521.126;279
523.126;279
525.126;279
527.126;279
529.126;279
531.126;279
533.126;279
535.326;279
537.326;279
539.326;279
541.326;279
543.326;279
545.326;279
547.326;279
549.326;279
551.326;279
553.326;279
555.326;279
557.326;279
559.326;279
561.526;279
563.526;279
565.526;279
567.726;279
569.726;279
571.726;279
573.726;279
575.726;279
577.726;279
579.726;279
581.726;279
583.726;279
585.726;279
587.926;279
589.926;279
591.926;279
593.926;279
595.926;279
597.926;279
599.926;279
601.926;279
603.926;279
605.926;279
607.926;279
609.926;279
611.926;279
613.926;279
615.926;279
617.926;279
620.126;279
622.126;279
624.126;279
626.126;279
628.126;279
630.126;279
632.126;279
634.126;279
636.126;279
638.326;279
640.526;279
642.526;279
644.526;279
646.526;279
648.526;279
650.526;279
652.726;279
654.726;279
656.726;279
658.726;279
660.926;279
662.926;279
664.926;279
666.926;279
669.126;279
671.126;279
673.126;279
675.326;279
677.526;279
679.526;279
681.526;279
683.526;279
685.526;279
687.526;279
689.526;279
691.526;279
693.526;279
695.526;279
697.526;279
699.526;279
701.526;279
703.526;279
705.526;279
707.526;279
709.526;279
711.526;279
713.526;279
715.526;279
717.526;279
719.526;279
721.526;279
723.526;279
725.526;279
727.526;279
729.726;279
731.726;279
733.726;279
735.726;279
737.726;279
739.926;279
741.926;279
743.926;279
745.926;279
747.926;279
749.926;279
751.926;279
753.926;279
755.926;279
757.926;279
759.926;279
761.926;279
763.926;279
765.926;279
767.926;279
769.926;279
771.926;279
774.126;279
776.326;279
778.326;279
780.326;279
782.326;279
784.326;279
786.326;279
788.326;279
790.526;279
792.726;279
794.726;279
796.726;279
798.726;279
800.726;279
802.926;279
805.126;279
807.126;279
809.126;279
811.126;279
813.126;279
815.126;279
817.126;279
819.126;279
821.326;279
823.326;279
825.326;279
827.326;279
829.326;279
831.326;279
833.526;279
835.526;279
837.726;279
839.726;279
841.926;279
843.926;279
845.926;279
847.926;279
849.926;279
851.926;279
853.926;279
855.926;279
857.926;279
859.926;279
862.126;279
864.126;279
866.126;279
868.326;279
870.326;279
872.326;279
874.326;279
876.526;279
878.526;279
880.526;279
882.726;279
884.926;279
886.926;279
888.926;279
890.926;279
893.126;279
895.126;279
897.126;279
899.126;279
901.126;279
903.126;279
905.126;279
907.126;279
909.126;279
911.326;279
913.326;279
915.326;278
917.526;278
919.526;278
921.726;278
923.726;278
925.726;278
927.726;278
929.726;278
931.726;278
933.726;278
935.726;278
937.726;278
939.726;278
941.726;278
943.926;278
945.926;278
948.126;278
950.126;278
952.126;278
954.126;278
956.126;278
958.126;278
960.126;278
962.126;278
964.126;278
966.126;278
968.326;278
970.526;278
972.526;278
974.526;278
976.726;278
978.726;278
980.726;278
982.726;278
984.726;278
986.726;278
988.726;278
990.926;278
992.926;278
994.926;278
997.126;278
999.126;278
1001.13;278
1003.13;278
1005.13;278
1007.13;278
1009.13;278
1011.13;278
1013.33;278
1015.33;278
1017.33;278
1019.33;278
1021.53;278
1023.73;278
1025.73;278
1027.73;278
1029.73;278
1031.93;278
1033.93;278
1036.13;278
1038.13;278
1040.13;278
1042.13;278
1044.33;278
1046.33;278
1048.33;278
1050.33;278
1052.33;278
1054.33;278
1056.33;278
1058.33;278
1060.33;278
1062.33;278
1064.53;278
1066.53;278
1068.53;278
1070.53;278
1072.73;278
1074.73;278
1076.73;278
1078.73;278
1080.73;278
1082.93;278
1084.93;278
1086.93;278
1088.93;278
1091.13;278
1093.13;278
1095.13;278
1097.13;278
1099.13;278
1101.13;278
1103.13;278
1105.33;278
1107.33;278
1109.53;278
1111.53;278
1113.53;278
1115.53;278
1117.53;278
1119.73;278
1121.73;278
1123.93;278
1125.93;278
1127.93;278
1129.93;278
1131.93;278
1134.13;278
1136.13;278
1138.13;278
1140.13;278
1142.33;278
1144.33;278
1146.33;278
1148.33;278
1150.33;278
1152.33;278
1154.33;278
1156.33;278
1158.33;278
1160.33;278
1162.33;278
1164.33;278
1166.33;278
1168.33;278
1170.33;278
1172.33;278
1174.53;278
1176.53;278
1178.53;278
1180.53;278
1182.53;278
1184.53;278
1186.53;278
1188.53;278
1190.53;278
1192.53;278
1194.53;278
1196.73;278
1198.73;278
1200.73;278
1202.93;278
1204.93;278
1206.93;278
1208.93;278
1210.93;278
1212.93;278
1214.93;278
1216.93;278
1218.93;278
1220.93;278
1222.93;278
1225.13;278
1227.13;278
1229.13;278
1231.13;278
1233.13;278
1235.13;278
1237.13;278
1239.13;278
1241.13;278
1243.13;278
1245.13;278
1247.13;278
1249.13;278
1251.13;278
1253.13;278
1255.33;278
1257.33;278
1259.33;278
1261.33;278
1263.33;278
1265.33;278
1267.33;278
1269.33;278
1271.33;278
1273.53;278
1275.53;278
1277.53;278
1279.73;278
1281.73;278
1283.73;278
1285.73;278
1287.73;278
1289.73;278
1291.93;278
1294.13;278
1296.13;278
1298.13;278
1300.33;278
1302.53;278
1304.53;278
1306.53;278
1308.53;278
1310.53;278
1312.53;278
1314.53;278
1316.53;278
1318.53;278
1320.53;278
1322.53;278
1324.53;278
1326.53;278
1328.53;278
1330.53;278
1332.53;278
1334.53;278
1336.53;278
1338.53;278
1340.53;278
1342.53;278
1344.73;278
1346.73;278
1348.73;278
1350.73;278
1352.73;278
1354.73;278
1356.73;278
1358.73;278
1360.73;278
1362.93;278
1365.13;278
1367.13;278
1369.13;278
1371.13;278
1373.33;278
1375.33;278
1377.33;278
1379.33;278
1381.33;278
1383.33;278
1385.33;278
1387.53;278
1389.53;278
1391.53;278
1393.53;278
1395.53;278
1397.53;278
1399.53;278
1401.73;278
1403.73;278
1405.73;278
1407.73;278
1409.73;278
1411.73;278
1413.73;278
1415.73;278
1417.73;278
1419.93;278
1422.13;278
1424.33;278
1426.33;278
1428.33;278
1430.33;278
1432.33;278
1434.33;278
1436.33;278
1438.33;278
1440.53;278
1442.53;278
1444.53;278
1446.53;278
1448.73;278
1450.93;278
1453.13;278
1455.13;278
1457.13;278
1459.13;278
1461.33;278
1463.33;278
1465.33;278
1467.33;278
1469.33;278
1471.33;278
1473.33;278
1475.33;278
1477.33;278
1479.33;278
1481.33;278
1483.33;278
1485.53;278
1487.53;278
1489.53;278
1491.53;278
1493.53;278
1495.53;278
1497.53;278
1499.53;278
1501.53;278
1503.53;278
1505.73;278
1507.93;278
1509.93;278
1511.93;278
1513.93;278
1515.93;278
1517.93;278
1519.93;278
1521.93;278
1523.93;278
1525.93;278
1527.93;278
1529.93;278
1531.93;278
1534.13;278
1536.13;278
1538.13;278
1540.13;278
1542.13;278
1544.13;278
1546.13;278
1548.13;278
1550.33;278
1552.33;278
1554.33;278
1556.33;278
1558.33;278
1560.33;278
1562.33;278
1564.33;278
1566.33;278
1568.33;278
1570.53;278
1572.53;278
1574.53;278
1576.53;278
1578.73;278
1580.73;278
1582.93;278
1584.93;278
1586.93;278
1588.93;278
1590.93;278
1592.93;278
1594.93;278
1596.93;278
1598.93;278
1600.93;278
1602.93;278
1605.13;278
1607.13;278
1609.13;278
1611.13;278
1613.13;278
1615.13;278
1617.13;278
1619.13;278
1621.33;278
1623.33;278
1625.53;278
1627.53;278
1629.53;278
1631.53;278
1633.73;278
1635.73;278
1637.73;278
1639.73;278
1641.73;278
1643.73;278
1645.73;278
1647.73;278
1649.73;278
1651.73;278
1653.73;278
1655.73;278
1657.73;278
1659.93;278
1661.93;278
1664.13;278
1666.13;278
1668.13;278
1670.13;278
1672.13;278
1674.13;278
1676.13;278
1678.13;278
1680.33;278
1682.33;278
1684.33;278
1686.33;278
1688.33;278
1690.53;278
1692.53;278
1694.53;278
1696.53;278
1698.53;278
1700.53;278
1702.53;278
1704.53;278
1706.53;278
1708.53;278
1710.53;278
1712.53;278
1714.53;278
1716.53;278
1718.53;278
1720.73;278
1722.73;278
1724.73;278
1726.73;278
1728.93;278
1730.93;278
1732.93;278
1734.93;278
1736.93;278
1738.93;278
1741.13;278
1743.13;278
1745.13;278
1747.13;278
1749.33;278
1751.53;278
1753.73;278
1755.73;278
1757.73;278
1759.73;278
1761.73;278
1763.93;278
1765.93;278
1768.13;278
1770.13;278
1772.13;278
1774.13;278
1776.13;278
1778.13;278
1780.13;278
1782.13;278
1784.13;278
1786.13;278
1788.13;278
1790.13;278
1792.33;278
1794.33;278
1796.33;278
