#	X	Y
2.21602;50
4.21601;50
6.41601;50
8.41601;50
10.416;50
12.616;50
14.616;50
16.616;50
18.616;50
20.616;50
22.616;50
24.616;50
26.816;50
28.816;50
30.816;50
32.816;50
35.016;50
37.016;50
39.016;50
41.016;50
43.016;50
45.016;50
47.016;50
49.016;50
51.016;50
53.216;50
55.216;50
57.216;50
59.216;50
61.216;50
63.216;50
65.416;50
67.616;50
69.616;50
71.816;50
74.016;50
76.016;50
78.016;50
80.216;80
82.216;80
84.216;80
86.216;80
88.216;80
90.216;80
92.216;80
94.416;80
96.416;80
98.616;80
100.816;80
102.816;80
104.816;80
106.816;80
108.816;80
110.816;80
112.816;80
114.816;80
116.816;80
118.816;80
120.816;80
122.816;80
124.816;80
126.816;80
128.816;80
130.816;80
132.816;80
135.016;80
137.016;80
139.216;80
141.216;80
143.416;80
145.416;80
147.416;80
149.416;80
151.416;80
153.416;80
155.416;80
157.416;80
159.416;80
161.416;80
163.416;80
165.416;80
167.616;80
169.616;80
171.616;80
173.616;80
175.616;80
177.616;80
179.616;80
181.616;80
183.616;80
185.616;80
187.616;80
189.616;80
191.616;80
193.616;80
195.816;80
197.816;80
199.816;80
201.816;80
203.816;80
205.816;80
207.816;80
209.816;80
211.816;80
213.816;80
216.016;80
218.016;80
220.016;80
222.016;80
224.016;80
226.016;80
228.016;80
230.016;80
232.216;80
234.416;80
236.416;80
238.616;80
240.616;80
242.816;80
244.816;80
246.816;80
248.816;80
251.016;80
253.016;80
255.016;80
257.016;80
259.016;80
261.016;80
263.016;80
265.016;80
267.016;80
269.016;80
271.016;80
273.016;80
275.016;80
277.216;80
279.216;80
281.216;80
283.216;80
285.216;80
287.216;80
289.216;80
291.216;80
293.216;80
295.216;80
297.216;80
299.216;80
301.216;80
303.216;80
305.216;80
307.216;80
309.216;80
311.416;80
313.416;80
315.416;80
317.416;80
319.416;80
321.416;80
323.416;80
325.616;80
327.616;80
329.616;80
331.616;80
333.816;80
335.816;80
337.816;80
339.816;80
341.816;80
344.016;80
346.016;80
348.016;80
350.016;80
352.016;80
354.016;80
356.016;80
358.016;80
360.016;80
362.016;80
364.016;80
366.016;80
368.016;80
370.016;80
372.016;80
374.016;80
376.016;80
378.016;80
380.216;80
382.216;80
384.216;80
386.216;80
388.416;80
390.616;80
392.616;80
394.616;80
396.816;80
398.816;80
400.816;80
402.816;80
404.816;80
406.816;80
408.816;80
410.816;80
412.816;80
414.816;80
417.016;80
419.016;80
421.016;80
423.016;80
425.016;80
427.016;80
429.216;80
431.216;80
433.216;80
435.416;80
437.416;80
439.416;80
441.416;80
443.416;80
445.416;80
447.416;80
449.416;80
451.616;80
453.816;80
455.816;80
457.816;80
459.816;80
461.816;80
463.816;80
465.816;80
467.816;80
469.816;80
471.816;80
473.816;80
475.816;80
477.816;80
479.816;80
482.016;80
484.016;80
486.016;80
488.016;80
490.016;80
492.216;80
494.216;80
496.216;80
498.216;80
500.216;80
502.216;80
504.216;80
506.216;80
508.216;80
510.216;80
512.216;80
514.416;80
516.416;80
518.416;80
520.416;80
522.616;80
524.616;80
526.616;80
528.616;80
530.616;80
532.616;80
534.616;80
536.616;80
538.616;80
540.616;80
542.816;80
544.816;80
546.816;80
549.016;80
551.016;80
553.016;80
555.016;80
557.016;80
559.016;80
561.016;80
563.016;80
565.216;80
567.216;80
569.416;80
571.416;80
573.416;80
575.616;80
577.616;80
579.816;80
581.816;80
583.816;80
585.816;80
587.816;80
589.816;80
592.016;80
594.016;80
596.016;80
598.016;80
600.016;80
602.016;80
604.016;80
606.016;80
608.016;80
610.216;80
612.216;80
614.216;80
616.216;80
618.216;80
620.216;80
622.216;80
624.216;80
626.216;80
628.216;80
630.216;80
632.416;80
634.416;80
636.416;80
638.416;80
640.416;80
642.416;80
644.616;80
646.616;80
648.616;80
650.616;80
652.816;80
655.016;80
657.016;80
659.016;80
661.016;80
663.216;80
665.216;80
667.216;80
669.216;80
671.216;80
673.216;80
675.216;80
677.216;80
679.216;80
681.416;80
683.416;80
685.416;80
687.416;80
689.616;80
691.616;80
693.616;80
695.616;80
697.616;80
699.616;80
701.616;80
703.616;80
705.616;80
707.616;80
709.616;80
711.616;80
713.616;80
715.616;80
717.816;80
719.816;80
722.016;80
724.016;80
726.216;80
728.416;80
730.416;80
732.416;80
734.616;80
736.616;80
738.616;80
740.616;80
742.616;80
744.616;80
746.616;80
748.816;80
750.816;80
753.016;80
755.216;80
757.216;80
759.216;80
761.216;80
763.216;80
765.216;80
767.216;80
769.216;80
771.216;80
773.216;80
775.216;80
777.216;80
779.216;80
781.216;80
783.216;80
785.416;80
787.416;80
789.616;80
791.616;80
793.616;80
795.816;80
797.816;80
799.816;80
801.816;80
803.816;80
805.816;80
807.816;80
809.816;80
811.816;80
814.016;80
816.216;80
818.416;80
820.416;80
822.416;80
824.416;80
826.416;80
828.416;80
830.416;80
832.416;80
834.416;80
836.416;80
838.416;80
840.616;80
842.616;80
844.616;80
846.616;80
848.616;80
850.616;80
852.616;80
854.616;80
856.616;80
858.616;80
860.816;80
862.816;80
864.816;80
866.816;80
868.816;80
870.816;80
872.816;80
875.016;80
877.016;80
879.016;80
881.016;80
883.016;80
885.016;80
887.016;80
889.016;80
891.016;80
893.016;80
895.016;80
897.216;80
899.216;80
901.216;80
903.216;80
905.216;80
907.216;80
909.216;80
911.216;80
913.216;80
915.216;80
917.216;80
919.216;80
921.216;80
923.216;80
925.216;80
927.416;80
929.616;80
931.616;80
933.616;80
935.616;80
937.616;80
939.816;80
942.016;80
944.216;80
946.216;80
948.216;80
950.216;80
952.416;80
954.416;80
956.416;80
958.416;80
960.616;80
962.616;80
964.616;80
966.616;80
968.616;80
970.616;80
972.816;80
974.816;80
976.816;80
978.816;80
980.816;80
982.816;80
985.016;80
987.016;80
989.016;80
991.216;80
993.216;80
995.416;80
997.416;80
999.416;80
1001.42;80
1003.42;80
1005.42;80
1007.42;80
1009.42;80
1011.62;80
1013.62;80
1015.62;80
1017.62;80
1019.62;80
1021.62;80
1023.62;80
1025.62;80
1027.62;80
1029.82;80
1031.82;80
1034.02;80
1036.22;80
1038.42;80
1040.42;80
1042.42;80
1044.42;80
1046.62;80
1048.62;80
1050.62;80
1052.62;80
1054.82;80
1056.82;80
1058.82;80
1060.82;80
1062.82;80
1064.82;80
1066.82;80
1068.82;80
1070.82;80
1072.82;80
1075.02;80
1077.02;80
1079.02;80
1081.22;80
1083.22;80
1085.22;80
1087.42;80
1089.42;80
1091.42;80
1093.42;80
1095.42;80
1097.42;80
1099.62;80
1101.62;80
1103.62;80
1105.62;80
1107.62;80
1109.62;80
1111.62;80
1113.62;80
1115.62;80
1117.62;80
1119.62;80
1121.62;80
1123.62;80
1125.62;80
1127.62;80
1129.62;80
1131.82;80
1133.82;80
1135.82;80
1137.82;80
1139.82;80
1141.82;80
1143.82;80
1146.02;80
1148.02;80
1150.02;80
1152.02;80
1154.02;80
1156.02;80
1158.02;80
1160.02;80
1162.22;80
1164.22;80
1166.22;80
1168.22;80
1170.22;80
1172.22;80
1174.22;80
1176.22;80
1178.22;80
1180.22;80
1182.22;80
1184.22;80
1186.22;80
1188.22;80
1190.22;80
1192.42;80
1194.42;80
1196.42;80
1198.42;80
1200.42;80
1202.42;80
1204.42;80
1206.42;80
1208.62;80
1210.62;80
1212.62;80
1214.62;80
1216.82;80
1218.82;80
1220.82;80
1222.82;80
1224.82;80
1226.82;80
1228.82;80
1231.02;80
1233.02;80
1235.02;80
1237.02;80
1239.02;80
1241.02;80
1243.02;80
1245.02;80
1247.02;80
1249.22;80
1251.22;80
1253.22;80
1255.22;80
1257.42;80
1259.42;80
1261.42;80
1263.42;80
1265.42;80
1267.42;80
1269.42;80
1271.42;80
1273.42;80
1275.42;80
1277.42;80
1279.42;80
1281.42;80
1283.42;80
1285.42;80
1287.42;80
1289.42;80
1291.42;80
1293.62;80
1295.62;80
1297.82;80
1299.82;80
1301.82;80
1303.82;80
1305.82;80
1307.82;80
1309.82;80
1311.82;80
1313.82;80
1315.82;80
1317.82;80
1319.82;80
1321.82;80
1323.82;80
1326.02;80
1328.22;80
1330.42;80
1332.42;80
1334.42;80
1336.42;80
1338.42;80
1340.42;80
1342.42;80
1344.42;80
1346.42;80
1348.42;80
1350.62;80
1352.62;80
1354.62;80
1356.62;80
1358.62;80
1360.82;80
1363.02;80
1365.22;80
1367.22;80
1369.22;80
1371.22;80
1373.22;80
1375.42;80
1377.42;80
1379.62;80
1381.62;80
1383.62;80
1385.82;80
1387.82;80
1389.82;80
1391.82;80
1394.02;80
1396.02;80
1398.02;80
1400.02;80
1402.02;80
1404.02;80
1406.02;80
1408.22;80
1410.22;80
1412.42;80
1414.62;80
1416.62;80
1418.62;80
1420.62;80
1422.82;80
1424.82;80
1427.02;80
1429.22;80
1431.22;80
1433.22;80
1435.42;80
1437.42;80
1439.42;80
1441.42;80
1443.42;80
1445.42;80
1447.42;80
1449.42;80
1451.42;80
1453.42;80
1455.42;80
1457.42;80
1459.42;80
1461.62;80
1463.62;80
1465.62;80
1467.62;80
1469.62;80
1471.62;80
1473.62;80
1475.62;80
1477.62;80
1479.62;80
1481.82;80
1483.82;80
1485.82;80
1487.82;80
1490.02;80
1492.02;80
1494.02;80
1496.02;80
1498.02;80
1500.02;80
1502.02;80
1504.22;80
1506.42;80
1508.42;80
1510.42;80
1512.42;80
1514.42;80
1516.42;80
1518.42;80
1520.42;80
1522.42;80
1524.42;80
1526.42;80
1528.42;80
1530.42;80
1532.42;80
1534.42;80
1536.42;80
1538.42;80
1540.42;80
1542.62;80
1544.62;80
1546.62;80
1548.62;80
1550.62;80
1552.62;80
1554.62;80
1556.62;80
1558.62;80
1560.62;80
1562.62;80
1564.62;80
1566.62;80
1568.62;80
1570.82;80
1572.82;80
1574.82;80
1576.82;80
1578.82;80
1580.82;80
1582.82;80
1584.82;80
1587.02;80
1589.02;80
1591.02;80
1593.02;80
1595.02;80
1597.02;80
1599.02;80
1601.22;80
1603.42;80
1605.42;80
1607.42;80
1609.42;80
1611.42;80
1613.42;80
1615.42;80
1617.42;80
1619.42;80
1621.42;80
1623.62;80
1625.62;80
1627.62;80
1629.62;80
1631.62;80
1633.62;80
1635.62;80
1637.62;80
1639.62;80
1641.62;80
1643.62;80
1645.62;80
1647.62;80
1649.82;80
1651.82;80
1653.82;80
1655.82;80
1657.82;80
1659.82;80
1661.82;80
1663.82;80
1665.82;80
1667.82;80
1670.02;80
1672.22;80
1674.22;80
1676.22;80
1678.22;80
1680.22;80
1682.42;80
1684.62;80
1686.82;80
1688.82;80
1690.82;80
1692.82;80
1694.82;80
1697.02;80
1699.02;80
1701.02;80
1703.02;80
1705.02;80
1707.02;80
1709.02;80
1711.02;80
1713.22;80
1715.22;80
1717.22;80
1719.22;80
1721.22;80
1723.42;80
1725.42;80
1727.42;80
1729.42;80
1731.42;80
1733.42;80
1735.42;80
1737.42;80
1739.42;80
1741.42;80
1743.62;80
1745.82;80
1747.82;80
1749.82;80
1751.82;80
1753.82;80
1756.02;80
1758.22;80
1760.22;80
1762.22;80
1764.22;80
1766.22;80
1768.22;80
1770.22;80
1772.42;80
1774.42;80
1776.42;80
1778.62;80
1780.62;80
1782.62;80
1784.62;80
1786.62;80
1788.62;80
1790.62;80
1792.62;80
1794.82;80
1796.82;80
