#	X	Y
2.46602;466
4.46601;466
6.46601;466
8.46601;466
10.466;466
12.466;466
14.466;466
16.466;466
18.666;466
20.866;466
22.866;466
24.866;466
26.866;466
29.066;466
31.066;466
33.066;466
35.066;466
37.266;466
39.466;466
41.666;466
43.666;466
45.666;466
47.666;466
49.666;466
51.866;466
53.866;466
56.066;466
58.066;466
60.066;466
62.066;466
64.066;466
66.066;466
68.266;1126
70.266;1126
72.266;1126
74.266;1126
76.266;1126
78.266;1126
80.266;1126
82.266;1126
84.266;1126
86.266;1126
88.266;1126
90.266;1126
92.266;1126
94.266;1126
96.266;1126
98.266;1126
100.266;1126
102.266;1126
104.266;1126
106.266;1126
108.266;1126
110.266;1126
112.266;1126
114.266;1126
116.266;1126
118.266;1126
120.266;1126
122.266;1126
124.266;1126
126.466;1126
128.466;1126
130.466;1126
132.466;1126
134.466;1126
136.466;1126
138.666;1126
140.666;1126
142.666;1126
144.866;1126
147.066;1126
149.066;1126
151.066;1126
153.066;1126
155.066;1126
157.066;1126
159.066;1126
161.066;1126
163.266;1126
165.266;1126
167.266;1126
169.266;1126
171.266;1126
173.266;1126
175.266;1126
177.266;1126
179.266;1126
181.266;1126
183.266;1126
185.266;1126
187.266;1126
189.466;1126
191.466;1126
193.466;1126
195.466;1126
197.466;1126
199.466;1126
201.666;1126
203.666;1126
205.666;1126
207.666;1126
209.666;1126
211.666;1126
213.666;1126
215.666;1126
217.666;1126
219.666;1126
221.666;1126
223.666;1126
225.666;1126
227.666;1126
229.666;1126
231.666;1126
233.666;1126
235.666;1126
237.866;1126
239.866;1126
241.866;1126
243.866;1126
245.866;1126
247.866;1126
249.866;1126
251.866;1126
253.866;1126
255.866;1126
257.866;1126
259.866;1126
261.866;1126
263.866;1126
265.866;1126
267.866;1126
269.866;1126
271.866;1126
273.866;1126
275.866;1126
277.866;1126
279.866;1126
281.866;1126
284.066;1126
286.066;1126
288.066;1126
290.066;1126
292.066;1126
294.066;1126
296.266;1126
298.266;1126
300.266;1126
302.266;1126
304.266;1126
306.266;1126
308.466;1126
310.466;1126
312.466;1126
314.466;1126
316.466;1126
318.466;1126
320.666;1126
322.666;1126
324.666;1126
326.866;1126
328.866;1126
330.866;1126
332.866;1126
335.066;1126
337.066;1126
339.066;1126
341.066;1126
343.066;1126
345.066;1126
347.066;1126
349.266;1126
351.266;1126
353.266;1126
355.466;1126
357.466;1126
359.466;1126
361.466;1126
363.466;1126
365.466;1126
367.666;1126
369.866;1126
371.866;1126
373.866;1126
375.866;1126
377.866;1126
380.066;1126
382.066;1126
384.066;1126
386.066;1126
388.066;1126
390.066;1126
392.066;1126
394.066;1126
396.066;1126
398.266;1126
400.266;1126
402.266;1126
404.266;1126
406.266;1126
408.266;1126
410.266;1126
412.266;1126
414.266;1126
416.266;1126
418.266;1126
420.266;1126
422.266;1126
424.266;1126
426.266;1126
428.266;1126
430.266;1126
432.266;1126
434.266;1126
436.266;1126
438.266;1126
440.266;1126
442.266;1126
444.266;1126
446.266;1126
448.266;1126
450.266;1126
452.266;1126
454.266;1126
456.266;1126
458.266;1126
460.266;1126
462.266;1126
464.266;1126
466.266;1126
468.266;1126
470.266;1126
472.266;1126
474.266;1126
476.466;1126
478.466;1126
480.466;1126
482.466;1126
484.466;1126
486.466;1126
488.466;1126
490.466;1126
492.466;1126
494.466;1126
496.466;1126
498.466;1126
500.466;1126
502.466;1126
504.466;1126
506.466;1126
508.466;1126
510.466;1126
512.666;1126
514.666;1126
516.666;1126
518.666;1126
520.666;1126
522.866;1126
524.866;1126
526.866;1126
528.866;1126
530.866;1126
533.066;1126
535.066;1126
537.066;1126
539.066;1126
541.066;1126
543.066;1126
545.066;1126
547.266;1126
549.266;1126
551.266;1126
553.266;1126
555.266;1126
557.266;1126
559.266;1126
561.266;1126
563.266;1126
565.266;1126
567.266;1126
569.466;1126
571.466;1126
573.466;1126
575.466;1126
577.466;1126
579.466;1126
581.466;1126
583.466;1126
585.466;1126
587.666;1126
589.666;1126
591.666;1126
593.666;1126
595.866;1126
597.866;1126
600.066;1126
602.066;1126
604.066;1126
606.066;1126
608.066;1126
610.066;1126
612.066;1126
614.066;1126
616.066;1126
618.066;1126
620.066;1126
622.066;1126
624.266;1126
626.266;1126
628.266;1126
630.266;1126
632.266;1126
634.266;1126
636.266;1126
638.266;1126
640.266;1126
642.266;1126
644.266;1126
646.266;1126
648.466;1126
650.666;1126
652.666;1126
654.666;1126
656.666;1126
658.866;1126
660.866;1126
663.066;1126
665.066;1126
667.066;1126
669.066;1126
671.066;1126
673.066;1126
675.066;1126
677.066;1126
679.066;1126
681.266;1126
683.266;1126
685.266;1126
687.266;1126
689.266;1126
691.266;1126
693.466;1126
695.466;1126
697.466;1126
699.466;1126
701.466;1126
703.466;1126
705.466;1126
707.466;1126
709.666;1126
711.866;1126
713.866;1126
715.866;1126
717.866;1126
719.866;1126
721.866;1126
724.066;1126
726.066;1126
728.066;1126
730.066;1126
732.066;1126
734.066;1126
736.066;1126
738.066;1126
740.066;1126
742.066;1126
744.066;1126
746.266;1126
748.466;1126
750.466;1126
752.466;1126
754.466;1126
756.466;1126
758.466;1126
760.466;1126
762.466;1126
764.466;1126
766.466;1126
768.466;1126
770.466;1126
772.466;1126
774.466;1126
776.466;1126
778.466;1126
780.466;1126
782.466;1126
784.466;1126
786.466;1126
788.466;1126
790.666;1126
792.666;1126
794.666;1126
796.666;1126
798.666;1126
800.866;1126
802.866;1126
804.866;1126
806.866;1126
808.866;1126
810.866;1126
812.866;1126
814.866;1126
816.866;1126
818.866;1126
820.866;1126
822.866;1126
824.866;1126
826.866;1126
828.866;1126
830.866;1126
832.866;1126
834.866;1126
836.866;1126
838.866;1126
840.866;1126
842.866;1126
844.866;1126
847.066;1126
849.266;1126
851.266;1126
853.266;1126
855.266;1126
857.266;1126
859.266;1126
861.266;1126
863.266;1126
865.266;1126
867.466;1126
869.466;1126
871.466;1126
873.466;1126
875.466;1126
877.666;1126
879.666;1126
881.666;1126
883.666;1126
885.866;1126
888.066;1126
890.266;1126
892.266;1126
894.266;1126
896.266;1126
898.266;1126
900.266;1126
902.266;1126
904.266;1126
906.266;1126
908.266;1126
910.266;1126
912.266;1126
914.266;897
916.266;897
918.266;897
920.266;897
922.266;897
924.266;897
926.266;897
928.266;897
930.266;897
932.266;897
934.466;897
936.466;897
938.466;897
940.466;897
942.466;897
944.466;897
946.466;897
948.466;897
950.466;897
952.666;897
954.666;897
956.666;897
958.666;897
960.666;897
962.666;897
964.666;897
966.666;897
968.666;897
970.666;897
972.666;897
974.666;897
976.666;897
978.666;897
980.666;897
982.666;897
984.666;897
986.666;897
988.666;897
990.666;897
992.666;897
994.666;897
996.666;897
998.666;897
1000.67;897
1002.67;897
1004.67;897
1006.87;897
1009.07;897
1011.07;897
1013.07;897
1015.07;897
1017.07;897
1019.07;897
1021.07;897
1023.07;897
1025.07;897
1027.07;897
1029.27;897
1031.27;897
1033.27;897
1035.27;897
1037.47;897
1039.47;897
1041.47;897
1043.47;897
1045.47;897
1047.47;897
1049.47;897
1051.47;897
1053.67;897
1055.67;897
1057.67;897
1059.67;897
1061.67;897
1063.87;897
1066.07;897
1068.07;897
1070.07;897
1072.27;897
1074.27;897
1076.27;897
1078.27;897
1080.27;897
1082.27;897
1084.27;897
1086.27;897
1088.27;897
1090.27;897
1092.47;897
1094.67;897
1096.87;897
1098.87;897
1101.07;897
1103.07;897
1105.07;897
1107.07;897
1109.07;897
1111.07;897
1113.07;897
1115.07;897
1117.07;897
1119.07;897
1121.07;897
1123.07;897
1125.07;897
1127.07;897
1129.07;897
1131.07;897
1133.07;897
1135.07;897
1137.07;897
1139.07;897
1141.07;897
1143.27;897
1145.27;897
1147.27;897
1149.27;897
1151.27;897
1153.27;897
1155.27;897
1157.27;897
1159.27;897
1161.27;897
1163.27;897
1165.27;897
1167.47;897
1169.47;897
1171.47;897
1173.47;897
1175.67;897
1177.67;897
1179.67;897
1181.67;897
1183.87;897
1185.87;897
1187.87;897
1189.87;897
1191.87;897
1193.87;897
1195.87;897
1198.07;897
1200.27;897
1202.27;897
1204.27;897
1206.27;897
1208.27;897
1210.27;897
1212.27;897
1214.27;897
1216.47;897
1218.47;897
1220.47;897
1222.47;897
1224.47;897
1226.47;897
1228.47;897
1230.67;897
1232.67;897
1234.87;897
1236.87;897
1238.87;897
1241.07;897
1243.07;897
1245.07;897
1247.07;897
1249.07;897
1251.07;897
1253.07;897
1255.27;897
1257.27;897
1259.27;897
1261.27;897
1263.27;897
1265.47;897
1267.47;897
1269.67;897
1271.67;897
1273.67;897
1275.67;897
1277.67;897
1279.87;897
1281.87;897
1284.07;897
1286.07;897
1288.07;897
1290.07;897
1292.07;897
1294.27;897
1296.27;897
1298.47;897
1300.47;897
1302.47;897
1304.47;897
1306.47;897
1308.47;897
1310.47;897
1312.47;897
1314.47;897
1316.47;897
1318.47;897
1320.67;897
1322.87;897
1324.87;897
1326.87;897
1328.87;897
1330.87;897
1332.87;897
1334.87;897
1336.87;897
1338.87;897
1340.87;897
1342.87;897
1344.87;897
1346.87;897
1348.87;897
1350.87;897
1353.07;897
1355.07;897
1357.07;897
1359.07;897
1361.07;897
1363.07;897
1365.07;897
1367.07;897
1369.27;897
1371.27;897
1373.27;897
1375.27;897
1377.27;897
1379.27;897
1381.27;897
1383.27;897
1385.27;897
1387.47;897
1389.47;897
1391.47;897
1393.47;897
1395.67;897
1397.67;897
1399.67;897
1401.67;897
1403.67;897
1405.67;897
1407.67;897
1409.67;897
1411.67;897
1413.67;897
1415.67;897
1417.67;897
1419.67;897
1421.67;897
1423.67;897
1425.67;897
1427.67;897
1429.67;897
1431.67;897
1433.67;897
1435.67;897
1437.67;897
1439.67;897
1441.67;897
1443.87;897
1446.07;897
1448.07;897
1450.07;897
1452.07;897
1454.07;897
1456.27;897
1458.27;897
1460.27;897
1462.27;897
1464.27;897
1466.47;897
1468.47;897
1470.47;897
1472.47;897
1474.47;897
1476.47;897
1478.47;897
1480.47;897
1482.67;897
1484.67;897
1486.67;897
1488.67;897
1490.67;897
1492.67;897
1494.67;897
1496.67;897
1498.67;897
1500.67;897
1502.67;897
1504.67;897
1506.67;897
1508.67;897
1510.67;897
1512.67;897
1514.67;897
1516.67;897
1518.67;897
1520.67;897
1522.67;897
1524.67;897
1526.87;897
1528.87;897
1530.87;897
1532.87;897
1534.87;897
1537.07;897
1539.07;897
1541.07;897
1543.07;897
1545.07;897
1547.07;897
1549.07;897
1551.07;897
1553.07;897
1555.27;897
1557.47;897
1559.47;897
1561.47;897
1563.47;897
1565.47;897
1567.47;897
1569.47;897
1571.47;897
1573.47;897
1575.47;897
1577.47;897
1579.47;897
1581.67;897
1583.67;897
1585.87;897
1587.87;897
1589.87;897
1592.07;897
1594.27;897
1596.27;897
1598.47;897
1600.47;897
1602.47;897
1604.47;897
1606.67;897
1608.67;897
1610.67;897
1612.67;897
1614.67;897
1616.67;897
1618.87;897
1620.87;897
1622.87;897
1625.07;897
1627.07;897
1629.07;897
1631.07;897
1633.07;897
1635.27;897
1637.27;897
1639.27;897
1641.27;897
1643.27;897
1645.27;897
1647.27;897
1649.27;897
1651.27;897
1653.27;897
1655.27;897
1657.27;897
1659.27;897
1661.27;897
1663.27;897
1665.27;897
1667.27;897
1669.27;897
1671.27;897
1673.27;897
1675.27;897
1677.27;897
1679.27;897
1681.27;897
1683.47;897
1685.47;897
1687.47;897
1689.47;897
1691.67;897
1693.67;897
1695.67;897
1697.87;897
1699.87;897
1701.87;897
1703.87;897
1705.87;897
1707.87;897
1709.87;897
1711.87;897
1713.87;897
1715.87;897
1718.07;897
1720.07;897
1722.07;897
1724.07;897
1726.07;897
1728.07;897
1730.07;897
1732.27;897
1734.27;897
1736.27;897
1738.27;897
1740.47;897
1742.47;897
1744.67;897
1746.67;897
1748.67;897
1750.67;897
1752.67;897
1754.67;897
1756.67;897
1758.67;897
1760.67;897
1762.67;897
1764.87;897
1766.87;897
1769.07;897
1771.07;897
1773.07;897
1775.07;897
1777.27;897
1779.27;897
1781.47;897
1783.67;897
1785.67;897
1787.67;897
1789.67;897
1791.67;897
1793.67;897
1795.67;897
1797.67;897
