#	X	Y
2.44202;287
4.44201;287
6.44201;287
8.44201;287
10.442;287
12.442;287
14.442;287
16.442;287
18.442;287
20.442;287
22.442;287
24.442;287
26.442;287
28.442;287
30.442;287
32.442;287
34.442;287
36.442;287
38.442;287
40.642;287
42.642;287
44.642;287
46.642;287
48.642;287
50.642;287
52.842;287
54.842;287
56.842;287
58.842;287
60.842;287
62.842;287
64.842;287
66.842;287
68.842;287
70.842;287
72.842;287
74.842;287
76.842;287
78.842;287
81.042;287
83.042;287
85.042;287
87.042;287
89.042;287
91.042;287
93.242;287
95.242;287
97.242;287
99.242;287
101.242;287
103.242;287
105.242;287
107.242;287
109.242;287
111.242;287
113.242;287
115.442;287
117.442;287
119.442;287
121.442;287
123.442;287
125.642;287
127.642;287
129.642;287
131.642;287
133.642;287
135.642;287
137.642;287
139.842;287
141.842;287
143.842;287
145.842;287
147.842;287
149.842;287
151.842;287
153.842;287
155.842;287
158.042;287
160.042;287
162.042;287
164.042;287
166.042;287
168.042;287
170.042;287
172.042;287
174.042;287
176.042;287
178.242;647
180.442;647
182.442;647
184.442;647
186.442;647
188.442;647
190.442;647
192.442;647
194.442;647
196.442;647
198.442;647
200.442;647
202.442;647
204.442;647
206.442;647
208.442;647
210.442;647
212.442;647
214.442;647
216.442;647
218.442;647
220.442;647
222.442;647
224.442;647
226.442;647
228.442;647
230.442;647
232.442;647
234.442;647
236.442;647
238.442;647
240.442;647
242.642;647
244.642;647
246.642;647
248.642;647
250.842;647
252.842;647
254.842;647
256.842;647
258.842;647
260.842;647
262.842;647
265.042;647
267.042;647
269.042;647
271.042;647
273.042;647
275.042;647
277.042;647
279.042;647
281.042;647
283.242;647
285.242;647
287.442;647
289.442;647
291.442;647
293.442;647
295.442;647
297.442;647
299.442;647
301.442;647
303.442;647
305.442;647
307.442;647
309.642;647
311.642;647
313.842;647
315.842;647
317.842;647
319.842;647
322.042;647
324.042;647
326.042;647
328.042;647
330.242;647
332.442;647
334.642;647
336.642;647
338.642;647
340.642;647
342.642;647
344.642;647
346.642;647
348.642;647
350.642;647
352.642;647
354.642;647
356.642;647
358.642;647
360.842;647
362.842;647
364.842;647
366.842;647
368.842;647
370.842;647
372.842;647
375.042;647
377.242;647
379.242;647
381.242;647
383.242;647
385.242;647
387.242;647
389.242;647
391.242;647
393.242;647
395.242;647
397.242;647
399.242;647
401.242;647
403.242;647
405.242;647
407.242;647
409.242;647
411.242;647
413.442;647
415.442;647
417.442;647
419.442;647
421.442;647
423.442;647
425.442;647
427.642;647
429.642;647
431.642;647
433.842;647
435.842;647
437.842;647
439.842;647
441.842;647
443.842;647
445.842;647
447.842;647
449.842;647
451.842;647
453.842;647
455.842;647
457.842;647
460.042;647
462.042;647
464.042;647
466.042;647
468.042;647
470.042;647
472.042;647
474.042;647
476.042;647
478.042;647
480.042;647
482.042;647
484.042;647
486.242;647
488.242;647
490.242;647
492.442;647
494.442;647
496.442;647
498.442;647
500.442;647
502.442;647
504.442;647
506.642;647
508.642;647
510.642;647
512.642;647
514.642;647
516.642;647
518.842;647
521.042;647
523.042;647
525.242;647
527.242;647
529.242;647
531.242;647
533.242;647
535.242;647
537.242;647
539.242;647
541.442;647
543.642;647
545.642;647
547.642;647
549.642;647
551.642;647
553.642;647
555.642;647
557.642;647
559.842;647
561.842;647
563.842;647
565.842;647
567.842;647
569.842;647
571.842;647
573.842;647
575.842;647
577.842;647
579.842;647
582.042;647
584.042;647
586.242;647
588.242;647
590.242;647
592.242;647
594.242;647
596.242;647
598.242;647
600.242;647
602.442;647
604.442;647
606.442;647
608.442;647
610.442;647
612.442;647
614.442;647
616.642;647
618.642;647
620.642;647
622.642;647
624.642;647
626.642;647
628.642;647
630.642;647
632.642;647
634.642;647
636.842;647
638.842;647
640.842;647
642.842;647
645.042;647
647.042;647
649.042;647
651.042;647
653.042;647
655.242;647
657.242;647
659.242;647
661.242;647
663.242;647
665.242;647
667.242;647
669.242;647
671.242;647
673.242;647
675.442;647
677.442;647
679.442;647
681.442;647
683.442;647
685.442;647
687.442;647
689.442;647
691.442;647
693.442;647
695.442;647
697.442;647
699.642;647
701.642;647
703.642;647
705.642;647
707.642;647
709.642;647
711.642;647
713.642;647
715.642;647
717.642;647
719.642;647
721.642;647
723.642;647
725.642;647
727.642;647
729.842;647
731.842;647
733.842;647
735.842;647
737.842;647
739.842;647
741.842;647
743.842;647
745.842;647
747.842;647
749.842;647
751.842;647
754.042;647
756.042;647
758.042;647
760.242;647
762.242;647
764.442;647
766.442;647
768.442;647
770.442;647
772.442;647
774.442;647
776.442;647
778.442;647
780.442;647
782.442;647
784.442;647
786.442;647
788.442;647
790.442;647
792.442;647
794.442;647
796.442;647
798.442;647
800.442;647
802.442;647
804.442;647
806.642;647
808.842;647
810.842;647
812.842;647
814.842;647
816.842;647
818.842;647
820.842;647
822.842;647
824.842;647
826.842;647
828.842;647
831.042;647
833.042;647
835.042;647
837.042;647
839.042;647
841.042;647
843.042;647
845.042;647
847.042;647
849.042;647
851.042;647
853.042;647
855.042;647
857.042;647
859.042;647
861.042;647
863.042;647
865.042;647
867.042;647
869.042;647
871.042;647
873.242;647
875.242;647
877.242;647
879.242;647
881.242;647
883.242;647
885.442;647
887.442;647
889.442;647
891.642;647
893.642;647
895.642;647
897.642;647
899.842;647
901.842;647
903.842;647
905.842;647
907.842;647
910.042;647
912.042;647
914.242;913
916.442;913
918.442;913
920.442;913
922.442;913
924.442;913
926.442;913
928.442;913
930.442;913
932.442;913
934.442;913
936.442;913
938.442;913
940.442;913
942.442;913
944.442;913
946.442;913
948.642;913
950.842;913
952.842;913
954.842;913
956.842;913
958.842;913
960.842;913
962.842;913
964.842;913
966.842;913
969.042;913
971.042;913
973.042;913
975.042;913
977.042;913
979.042;913
981.042;913
983.042;913
985.042;913
987.242;913
989.242;913
991.242;913
993.242;913
995.442;913
997.442;913
999.442;913
1001.64;913
1003.64;913
1005.64;913
1007.64;913
1009.64;913
1011.64;913
1013.64;913
1015.64;913
1017.64;913
1019.84;913
1021.84;913
1024.04;913
1026.24;913
1028.24;913
1030.24;913
1032.24;913
1034.24;913
1036.24;913
1038.44;913
1040.44;913
1042.44;913
1044.44;913
1046.44;913
1048.44;913
1050.44;913
1052.44;913
1054.44;913
1056.44;913
1058.44;913
1060.44;913
1062.44;913
1064.44;913
1066.44;913
1068.64;913
1070.64;913
1072.64;913
1074.64;913
1076.64;913
1078.64;913
1080.84;913
1083.04;913
1085.04;913
1087.04;913
1089.04;913
1091.24;913
1093.24;913
1095.24;913
1097.24;913
1099.44;913
1101.64;913
1103.64;913
1105.84;913
1107.84;913
1109.84;913
1111.84;913
1113.84;913
1116.04;913
1118.04;913
1120.04;913
1122.04;913
1124.04;913
1126.04;913
1128.04;913
1130.04;913
1132.04;913
1134.04;913
1136.04;913
1138.04;913
1140.04;913
1142.04;913
1144.24;913
1146.44;913
1148.44;913
1150.44;913
1152.44;913
1154.44;913
1156.44;913
1158.44;913
1160.44;913
1162.44;913
1164.64;913
1166.64;913
1168.64;913
1170.64;913
1172.64;913
1174.64;913
1176.64;913
1178.64;913
1180.64;913
1182.64;913
1184.64;913
1186.64;913
1188.64;913
1190.64;913
1192.64;913
1194.64;913
1196.64;913
1198.64;913
1200.84;913
1202.84;913
1204.84;913
1206.84;913
1208.84;913
1210.84;913
1212.84;913
1214.84;913
1216.84;913
1218.84;913
1220.84;913
1222.84;913
1224.84;913
1226.84;913
1229.04;913
1231.04;913
1233.04;913
1235.04;913
1237.04;913
1239.04;913
1241.04;913
1243.24;913
1245.24;913
1247.24;913
1249.24;913
1251.24;913
1253.24;913
1255.24;913
1257.24;913
1259.24;913
1261.24;913
1263.24;913
1265.24;913
1267.24;913
1269.24;913
1271.24;913
1273.24;913
1275.44;913
1277.64;913
1279.64;913
1281.64;913
1283.64;913
1285.64;913
1287.64;913
1289.84;913
1292.04;913
1294.04;913
1296.04;913
1298.04;913
1300.04;913
1302.04;913
1304.24;913
1306.24;913
1308.24;913
1310.24;913
1312.24;913
1314.24;913
1316.24;913
1318.24;913
1320.24;913
1322.24;913
1324.24;913
1326.24;913
1328.24;913
1330.44;913
1332.44;913
1334.44;913
1336.44;913
1338.44;913
1340.44;913
1342.64;913
1344.64;913
1346.64;913
1348.64;913
1350.64;913
1352.84;913
1354.84;913
1356.84;913
1358.84;913
1360.84;913
1362.84;913
1365.04;913
1367.24;913
1369.24;913
1371.24;913
1373.24;913
1375.24;913
1377.44;913
1379.64;913
1381.64;913
1383.64;913
1385.64;913
1387.64;913
1389.64;913
1391.64;913
1393.64;913
1395.64;913
1397.84;913
1400.04;913
1402.04;913
1404.04;913
1406.04;913
1408.04;913
1410.04;913
1412.04;913
1414.04;913
1416.04;913
1418.04;913
1420.04;913
1422.04;913
1424.04;913
1426.04;913
1428.04;913
1430.04;913
1432.04;913
1434.24;913
1436.24;913
1438.24;913
1440.24;913
1442.24;913
1444.24;913
1446.24;913
1448.24;913
1450.24;913
1452.24;913
1454.24;913
1456.24;913
1458.24;913
1460.24;913
1462.44;913
1464.64;913
1466.64;913
1468.64;913
1470.64;913
1472.64;913
1474.84;913
1477.04;913
1479.24;913
1481.24;913
1483.24;913
1485.44;913
1487.44;913
1489.44;913
1491.44;913
1493.44;913
1495.44;913
1497.44;913
1499.44;913
1501.44;913
1503.44;913
1505.44;913
1507.44;913
1509.64;913
1511.64;913
1513.84;913
1516.04;913
1518.04;913
1520.24;913
1522.24;913
1524.24;913
1526.24;913
1528.24;913
1530.24;913
1532.24;913
1534.44;913
1536.44;913
1538.64;913
1540.64;913
1542.64;913
1544.64;913
1546.64;913
1548.84;913
1550.84;913
1552.84;913
1554.84;913
1556.84;913
1558.84;913
1561.04;913
1563.04;913
1565.04;913
1567.04;913
1569.04;913
1571.04;913
1573.04;913
1575.04;913
1577.04;913
1579.04;913
1581.04;913
1583.04;913
1585.04;913
1587.04;913
1589.04;913
1591.04;913
1593.04;913
1595.24;913
1597.24;913
1599.44;913
1601.64;913
1603.64;913
1605.64;913
1607.64;913
1609.64;913
1611.64;913
1613.84;913
1615.84;913
1617.84;913
1619.84;913
1622.04;913
1624.04;913
1626.04;913
1628.24;913
1630.24;913
1632.24;913
1634.24;913
1636.24;913
1638.44;913
1640.64;913
1642.64;913
1644.64;913
1646.64;913
1648.64;913
1650.84;913
1652.84;913
1654.84;913
1656.84;913
1658.84;913
1660.84;913
1662.84;913
1664.84;913
1666.84;913
1668.84;913
1670.84;913
1672.84;913
1674.84;913
1676.84;913
1678.84;913
1680.84;913
1683.04;913
1685.04;913
1687.04;913
1689.04;913
1691.04;913
1693.04;913
1695.04;913
1697.04;913
1699.04;913
1701.04;913
1703.04;913
1705.04;913
1707.04;913
1709.04;913
1711.04;913
1713.04;913
1715.24;913
1717.24;913
1719.24;913
1721.24;913
1723.24;913
1725.24;913
1727.24;913
1729.44;913
1731.44;913
1733.44;913
1735.44;913
1737.44;913
1739.44;913
1741.64;913
1743.64;913
1745.64;913
1747.64;913
1749.64;913
1751.64;913
1753.64;913
1755.64;913
1757.64;913
1759.64;913
1761.64;913
1763.84;913
1765.84;913
1767.84;913
1769.84;913
1771.84;913
1773.84;913
1775.84;913
1777.84;913
1779.84;913
1781.84;913
1784.04;913
1786.04;913
1788.04;913
1790.04;913
1792.04;913
1794.04;913
1796.04;913
