#	X	Y
2.18202;88
4.18201;88
6.18201;88
8.38201;88
10.382;88
12.382;88
14.382;88
16.382;88
18.382;88
20.382;88
22.382;88
24.382;88
26.382;88
28.382;88
30.382;88
32.382;88
34.382;88
36.382;88
38.582;88
40.582;88
42.582;88
44.582;88
46.582;88
48.582;88
50.582;88
52.582;88
54.582;88
56.582;88
58.582;88
60.582;88
62.582;88
64.582;88
66.582;88
68.582;88
70.782;88
72.782;88
74.782;88
76.782;88
78.982;88
80.982;88
82.982;88
84.982;88
86.982;88
88.982;88
90.982;88
92.982;88
94.982;88
96.982;88
98.982;88
100.982;88
102.982;88
105.182;88
107.182;88
109.182;88
111.182;88
113.182;88
115.182;88
117.182;88
119.182;88
121.182;88
123.182;88
125.182;88
127.182;88
129.182;88
131.182;88
133.182;88
135.182;88
137.182;88
139.182;88
141.182;88
143.182;88
145.182;88
147.382;88
149.382;88
151.382;88
153.382;88
155.382;88
157.382;88
159.582;88
161.582;88
163.582;88
165.582;88
167.582;88
169.582;88
171.582;88
173.582;88
175.582;88
177.582;88
179.582;88
181.582;88
183.582;88
185.582;88
187.582;88
189.582;88
191.782;88
193.782;88
195.782;88
197.782;88
199.782;88
201.782;88
203.782;88
205.782;88
207.782;88
209.982;88
212.182;136
214.382;136
216.382;136
218.382;136
220.382;136
222.382;136
224.582;136
226.582;136
228.782;136
230.982;136
232.982;136
234.982;136
237.182;136
239.182;136
241.382;136
243.382;136
245.382;136
247.382;136
249.382;136
251.382;136
253.382;136
255.582;136
257.582;136
259.582;136
261.582;136
263.582;136
265.582;136
267.582;136
269.582;136
271.782;136
273.782;136
275.782;136
277.782;136
279.782;136
281.782;136
283.782;136
285.982;136
288.182;136
290.382;136
292.382;136
294.382;136
296.382;136
298.382;136
300.382;136
302.382;136
304.382;136
306.382;136
308.582;136
310.782;136
312.782;136
314.782;136
316.982;136
318.982;136
320.982;136
322.982;136
324.982;136
326.982;136
328.982;136
330.982;136
332.982;136
334.982;136
337.182;136
339.182;136
341.182;136
343.182;136
345.182;136
347.182;136
349.182;136
351.182;136
353.182;136
355.182;136
357.182;136
359.182;136
361.182;136
363.182;136
365.182;136
367.182;136
369.182;136
371.182;136
373.182;136
375.182;136
377.182;136
379.182;136
381.182;136
383.182;136
385.182;136
387.382;136
389.382;136
391.582;136
393.582;136
395.582;136
397.582;136
399.582;136
401.582;136
403.582;136
405.782;136
407.782;136
409.782;136
411.782;136
413.982;136
415.982;136
417.982;136
419.982;136
421.982;136
423.982;136
425.982;136
427.982;136
430.182;136
432.182;136
434.182;136
436.182;136
438.182;136
440.182;136
442.182;136
444.182;136
446.382;136
448.382;136
450.382;136
452.382;136
454.382;136
456.382;136
458.382;136
460.382;136
462.382;136
464.382;136
466.382;136
468.382;136
470.382;136
472.382;136
474.382;136
476.582;136
478.582;136
480.582;136
482.582;136
484.582;136
486.582;136
488.582;136
490.582;136
492.582;136
494.582;136
496.582;136
498.782;136
500.782;136
502.782;136
504.782;136
506.782;136
508.782;136
510.782;136
512.782;136
514.782;136
516.782;136
518.782;136
520.782;136
522.782;136
524.782;136
526.782;136
528.782;136
530.782;136
532.782;136
534.782;136
536.982;136
538.982;136
540.982;136
542.982;136
544.982;136
546.982;136
549.182;136
551.182;136
553.182;136
555.182;136
557.182;136
559.182;136
561.182;136
563.182;136
565.182;136
567.182;136
569.182;136
571.182;136
573.182;136
575.182;136
577.182;136
579.182;136
581.182;136
583.182;136
585.382;136
587.382;136
589.382;136
591.382;136
593.582;136
595.582;136
597.582;136
599.582;136
601.582;136
603.582;136
605.582;136
607.582;136
609.582;136
611.582;136
613.782;136
615.982;136
617.982;136
619.982;136
621.982;136
623.982;136
626.182;136
628.382;136
630.382;136
632.382;136
634.382;136
636.382;136
638.382;136
640.382;136
642.382;136
644.382;136
646.382;136
648.382;136
650.382;136
652.382;136
654.382;136
656.382;136
658.382;136
660.582;136
662.582;136
664.582;136
666.582;136
668.782;136
670.782;136
672.782;136
674.782;136
676.782;136
678.782;136
680.782;136
682.782;136
684.782;136
686.782;136
688.782;136
690.782;136
692.782;136
694.782;136
696.782;136
698.982;136
700.982;136
702.982;136
704.982;136
706.982;136
708.982;136
710.982;136
712.982;136
714.982;136
716.982;136
718.982;136
720.982;136
722.982;136
724.982;136
726.982;136
728.982;136
730.982;136
732.982;136
734.982;136
736.982;136
738.982;136
740.982;136
742.982;136
744.982;136
747.182;136
749.182;136
751.182;136
753.182;136
755.182;136
757.182;136
759.182;136
761.382;136
763.382;136
765.382;136
767.582;136
769.582;136
771.582;136
773.582;136
775.582;136
777.582;136
779.582;136
781.582;136
783.582;136
785.582;136
787.782;136
789.982;136
791.982;136
794.182;136
796.182;136
798.182;136
800.182;136
802.182;136
804.182;136
806.182;136
808.182;136
810.182;136
812.182;136
814.182;136
816.182;136
818.182;136
820.182;136
822.182;136
824.182;136
826.182;136
828.182;136
830.182;136
832.382;136
834.582;136
836.582;136
838.582;136
840.582;136
842.582;136
844.582;136
846.582;136
848.782;136
850.782;136
852.782;136
854.782;136
856.782;136
858.782;136
860.782;136
862.782;136
864.782;136
866.782;136
868.782;136
870.782;136
872.782;136
874.782;136
876.782;136
878.782;136
880.782;136
882.782;136
884.782;136
886.782;136
888.782;136
890.782;136
892.782;136
894.782;136
896.982;136
898.982;136
900.982;136
902.982;136
905.182;136
907.182;136
909.182;136
911.182;136
913.182;385
915.182;385
917.182;385
919.382;385
921.382;385
923.382;385
925.382;385
927.382;385
929.382;385
931.382;385
933.382;385
935.382;385
937.382;385
939.382;385
941.382;385
943.382;385
945.382;385
947.382;385
949.382;385
951.382;385
953.382;385
955.382;385
957.582;385
959.582;385
961.582;385
963.582;385
965.582;385
967.582;385
969.582;385
971.582;385
973.582;385
975.582;385
977.582;385
979.582;385
981.582;385
983.582;385
985.582;385
987.782;385
989.982;385
991.982;385
994.182;385
996.182;385
998.182;385
1000.18;385
1002.18;385
1004.18;385
1006.18;385
1008.18;385
1010.18;385
1012.38;385
1014.38;385
1016.38;385
1018.38;385
1020.38;385
1022.38;385
1024.58;385
1026.78;385
1028.78;385
1030.78;385
1032.78;385
1034.78;385
1036.78;385
1038.78;385
1040.78;385
1042.78;385
1044.78;385
1046.78;385
1048.78;385
1050.78;385
1052.78;385
1054.78;385
1056.78;385
1058.78;385
1060.78;385
1062.78;385
1064.78;385
1066.98;385
1069.18;385
1071.18;385
1073.18;385
1075.18;385
1077.18;385
1079.18;385
1081.18;385
1083.18;385
1085.18;385
1087.18;385
1089.18;385
1091.18;385
1093.18;385
1095.18;385
1097.18;385
1099.38;385
1101.38;385
1103.38;385
1105.38;385
1107.38;385
1109.38;385
1111.38;385
1113.38;385
1115.38;385
1117.38;385
1119.38;385
1121.38;385
1123.58;385
1125.78;385
1127.78;385
1129.78;385
1131.78;385
1133.98;385
1135.98;385
1137.98;385
1139.98;385
1141.98;385
1143.98;385
1145.98;385
1147.98;385
1149.98;385
1151.98;385
1154.18;385
1156.18;385
1158.18;385
1160.18;385
1162.18;385
1164.38;385
1166.38;385
1168.38;385
1170.38;385
1172.38;385
1174.38;385
1176.58;385
1178.58;385
1180.58;385
1182.58;385
1184.58;385
1186.58;385
1188.78;385
1190.78;385
1192.78;385
1194.78;385
1196.78;385
1198.78;385
1200.78;385
1202.98;385
1205.18;385
1207.18;385
1209.18;385
1211.18;385
1213.18;385
1215.18;385
1217.38;385
1219.38;385
1221.38;385
1223.38;385
1225.38;385
1227.38;385
1229.38;385
1231.38;385
1233.38;385
1235.38;385
1237.38;385
1239.58;385
1241.58;385
1243.58;385
1245.58;385
1247.58;385
1249.58;385
1251.58;385
1253.58;385
1255.58;385
1257.58;385
1259.58;385
1261.58;385
1263.58;385
1265.58;385
1267.58;385
1269.58;385
1271.58;385
1273.58;385
1275.78;385
1277.78;385
1279.78;385
1281.78;385
1283.78;385
1285.98;385
1287.98;385
1289.98;385
1291.98;385
1293.98;385
1295.98;385
1297.98;385
1299.98;385
1301.98;385
1303.98;385
1305.98;385
1307.98;385
1309.98;385
1311.98;385
1313.98;385
1315.98;385
1317.98;385
1319.98;385
1321.98;385
1323.98;385
1326.18;385
1328.38;385
1330.38;385
1332.38;385
1334.38;385
1336.38;385
1338.38;385
1340.38;385
1342.38;385
1344.38;385
1346.38;385
1348.38;385
1350.58;385
1352.58;385
1354.58;385
1356.58;385
1358.58;385
1360.78;385
1362.78;385
1364.78;385
1366.78;385
1368.98;385
1370.98;385
1372.98;385
1375.18;385
1377.18;385
1379.18;385
1381.18;385
1383.18;385
1385.18;385
1387.18;385
1389.18;385
1391.38;385
1393.38;385
1395.38;385
1397.38;385
1399.38;385
1401.38;385
1403.58;385
1405.58;385
1407.58;385
1409.58;385
1411.78;385
1413.78;385
1415.78;385
1417.78;385
1419.78;385
1421.78;385
1423.78;385
1425.78;385
1427.78;385
1429.78;385
1431.78;385
1433.78;385
1435.78;385
1437.78;385
1439.78;385
1441.98;385
1443.98;385
1445.98;385
1447.98;385
1449.98;385
1451.98;385
1453.98;385
1455.98;385
1457.98;385
1459.98;385
1461.98;385
1463.98;385
1465.98;385
1467.98;385
1469.98;385
1471.98;385
1473.98;385
1476.18;385
1478.18;385
1480.18;385
1482.18;385
1484.18;385
1486.38;385
1488.38;385
1490.38;385
1492.58;385
1494.58;385
1496.58;385
1498.58;385
1500.58;385
1502.58;385
1504.58;385
1506.58;385
1508.58;385
1510.58;385
1512.58;385
1514.78;385
1516.98;385
1518.98;385
1520.98;385
1522.98;385
1524.98;385
1526.98;385
1528.98;385
1530.98;385
1532.98;385
1534.98;385
1536.98;385
1539.18;385
1541.18;385
1543.18;385
1545.18;385
1547.18;385
1549.18;385
1551.38;385
1553.38;385
1555.58;385
1557.58;385
1559.58;385
1561.58;385
1563.58;385
1565.78;385
1567.98;385
1569.98;385
1571.98;385
1573.98;385
1575.98;385
1577.98;385
1579.98;385
1581.98;385
1583.98;385
1586.18;385
1588.18;385
1590.18;385
1592.18;385
1594.38;385
1596.38;385
1598.38;385
1600.38;385
1602.38;385
1604.38;385
1606.38;385
1608.38;385
1610.38;385
1612.38;385
1614.38;385
1616.38;385
1618.38;385
1620.38;385
1622.38;385
1624.38;385
1626.38;385
1628.38;385
1630.38;385
1632.38;385
1634.38;385
1636.58;385
1638.58;385
1640.78;385
1642.78;385
1644.78;385
1646.78;385
1648.78;385
1650.78;385
1652.78;385
1654.78;385
1656.98;385
1658.98;385
1660.98;385
1662.98;385
1664.98;385
1666.98;385
1668.98;385
1670.98;385
1673.18;385
1675.38;385
1677.38;385
1679.38;385
1681.38;385
1683.38;385
1685.38;385
1687.38;385
1689.38;385
1691.38;385
1693.38;385
1695.38;385
1697.58;385
1699.58;385
1701.58;385
1703.58;385
1705.78;385
1707.78;385
1709.78;385
1711.78;385
1713.78;385
1715.78;385
1717.78;385
1719.78;385
1721.78;385
1723.78;385
1725.78;385
1727.78;385
1729.78;385
1731.78;385
1733.78;385
1735.98;385
1737.98;385
1739.98;385
1741.98;385
1743.98;385
1745.98;385
1747.98;385
1749.98;385
1751.98;385
1754.18;385
1756.18;385
1758.18;385
1760.18;385
1762.18;385
1764.18;385
1766.18;385
1768.18;385
1770.18;385
1772.38;385
1774.58;385
1776.58;385
1778.58;385
1780.78;385
1782.78;385
1784.98;385
1786.98;385
1788.98;385
1790.98;385
1793.18;385
1795.18;385
1797.18;385
