#	X	Y
2.30402;104
4.30401;104
6.30401;104
8.50401;104
10.504;104
12.504;104
14.504;104
16.504;104
18.504;104
20.504;104
22.504;104
24.504;104
26.504;104
28.504;104
30.504;104
32.504;104
34.504;104
36.504;104
38.704;104
40.704;104
42.704;104
44.704;104
46.704;104
48.704;104
50.704;104
52.704;104
54.704;104
56.704;104
58.704;104
60.704;104
62.704;104
64.704;104
66.704;104
68.704;104
70.904;104
72.904;104
74.904;104
76.904;104
79.104;104
81.104;104
83.104;104
85.104;104
87.104;104
89.104;104
91.104;104
93.104;104
95.104;104
97.104;104
99.104;104
101.104;104
103.104;104
105.304;104
107.304;104
109.304;104
111.304;104
113.304;104
115.304;104
117.304;104
119.304;104
121.304;104
123.304;104
125.304;104
127.304;104
129.304;104
131.304;104
133.304;104
135.304;104
137.304;104
139.304;104
141.304;104
143.304;104
145.304;104
147.504;104
149.504;104
151.504;104
153.504;104
155.504;104
157.504;104
159.704;104
161.704;104
163.704;104
165.704;104
167.704;104
169.704;104
171.704;104
173.704;104
175.704;104
177.704;104
179.704;104
181.704;104
183.704;104
185.704;104
187.704;104
189.704;104
191.904;104
193.904;104
195.904;104
197.904;104
199.904;104
201.904;104
203.904;104
205.904;104
207.904;104
210.104;104
212.304;260
214.504;260
216.504;260
218.504;260
220.504;260
222.504;260
224.704;260
226.704;260
228.904;260
231.104;260
233.104;260
235.104;260
237.304;260
239.304;260
241.504;260
243.504;260
245.504;260
247.504;260
249.504;260
251.504;260
253.504;260
255.704;260
257.704;260
259.704;260
261.704;260
263.704;260
265.704;260
267.704;260
269.704;260
271.904;260
273.904;260
275.904;260
277.904;260
279.904;260
281.904;260
283.904;260
286.104;260
288.304;260
290.504;260
292.504;260
294.504;260
296.504;260
298.504;260
300.504;260
302.504;260
304.504;260
306.504;260
308.704;260
310.904;260
312.904;260
314.904;260
317.104;260
319.104;260
321.104;260
323.104;260
325.104;260
327.104;260
329.104;260
331.104;260
333.104;260
335.104;260
337.304;260
339.304;260
341.304;260
343.304;260
345.304;260
347.304;260
349.304;260
351.304;260
353.304;260
355.304;260
357.304;260
359.304;260
361.304;260
363.304;260
365.304;260
367.304;260
369.304;260
371.304;260
373.304;260
375.304;260
377.304;260
379.304;260
381.304;260
383.304;260
385.304;260
387.504;260
389.504;260
391.704;260
393.704;260
395.704;260
397.704;260
399.704;260
401.704;260
403.704;260
405.904;260
407.904;260
409.904;260
411.904;260
414.104;260
416.104;260
418.104;260
420.104;260
422.104;260
424.104;260
426.104;260
428.104;260
430.304;260
432.304;260
434.304;260
436.304;260
438.304;260
440.304;260
442.304;260
444.304;260
446.504;260
448.504;260
450.504;260
452.504;260
454.504;260
456.504;260
458.504;260
460.504;260
462.504;260
464.504;260
466.504;260
468.504;260
470.504;260
472.504;260
474.504;260
476.704;260
478.704;260
480.704;260
482.704;260
484.704;260
486.704;260
488.704;260
490.704;260
492.704;260
494.704;260
496.704;260
498.904;260
500.904;260
502.904;260
504.904;260
506.904;260
508.904;260
510.904;260
512.904;260
514.904;260
516.904;260
518.904;260
520.904;260
522.904;260
524.904;260
526.904;260
528.904;260
530.904;260
532.904;260
534.904;260
537.104;260
539.104;260
541.104;260
543.104;260
545.104;260
547.104;260
549.304;260
551.304;260
553.304;260
555.304;260
557.304;260
559.304;260
561.304;260
563.304;260
565.304;260
567.304;260
569.304;260
571.304;260
573.304;260
575.304;260
577.304;260
579.304;260
581.304;260
583.304;260
585.504;260
587.504;260
589.504;260
591.504;260
593.704;260
595.704;260
597.704;260
599.704;260
601.704;260
603.704;260
605.704;260
607.704;260
609.704;260
611.704;260
613.904;260
616.104;260
618.104;260
620.104;260
622.104;260
624.104;260
626.304;260
628.504;260
630.504;260
632.504;260
634.504;260
636.504;260
638.504;260
640.504;260
642.504;260
644.504;260
646.504;260
648.504;260
650.504;260
652.504;260
654.504;260
656.504;260
658.504;260
660.704;260
662.704;260
664.704;260
666.704;260
668.904;260
670.904;260
672.904;260
674.904;260
676.904;260
678.904;260
680.904;260
682.904;260
684.904;260
686.904;260
688.904;260
690.904;260
692.904;260
694.904;260
696.904;260
699.104;260
701.104;260
703.104;260
705.104;260
707.104;260
709.104;260
711.104;260
713.104;260
715.104;260
717.104;260
719.104;260
721.104;260
723.104;260
725.104;260
727.104;260
729.104;260
731.104;260
733.104;260
735.104;260
737.104;260
739.104;260
741.104;260
743.104;260
745.104;260
747.304;260
749.304;260
751.304;260
753.304;260
755.304;260
757.304;260
759.304;260
761.504;260
763.504;260
765.504;260
767.704;260
769.704;260
771.704;260
773.704;260
775.704;260
777.704;260
779.704;260
781.704;260
783.704;260
785.704;260
787.904;260
790.104;260
792.104;260
794.304;260
796.304;260
798.304;260
800.304;260
802.304;260
804.304;260
806.304;260
808.304;260
810.304;260
812.304;260
814.304;260
816.304;260
818.304;260
820.304;260
822.304;260
824.304;260
826.304;260
828.304;260
830.304;260
832.504;260
834.704;260
836.704;260
838.704;260
840.704;260
842.704;260
844.704;260
846.704;260
848.904;260
850.904;260
852.904;260
854.904;260
856.904;260
858.904;260
860.904;260
862.904;260
864.904;260
866.904;260
868.904;260
870.904;260
872.904;260
874.904;260
876.904;260
878.904;260
880.904;260
882.904;260
884.904;260
886.904;260
888.904;260
890.904;260
892.904;260
894.904;260
897.104;260
899.104;260
901.104;260
903.104;260
905.304;260
907.304;260
909.304;260
911.304;260
913.304;259
915.304;259
917.304;259
919.504;259
921.504;259
923.504;259
925.504;259
927.504;259
929.504;259
931.504;259
933.504;259
935.504;259
937.504;259
939.504;259
941.504;259
943.504;259
945.504;259
947.504;259
949.504;259
951.504;259
953.504;259
955.504;259
957.704;259
959.704;259
961.704;259
963.704;259
965.704;259
967.704;259
969.704;259
971.704;259
973.704;259
975.704;259
977.704;259
979.704;259
981.704;259
983.704;259
985.704;259
987.904;259
990.104;259
992.104;259
994.304;259
996.304;259
998.304;259
1000.3;259
1002.3;259
1004.3;259
1006.3;259
1008.3;259
1010.3;259
1012.5;259
1014.5;259
1016.5;259
1018.5;259
1020.5;259
1022.5;259
1024.7;259
1026.9;259
1028.9;259
1030.9;259
1032.9;259
1034.9;259
1036.9;259
1038.9;259
1040.9;259
1042.9;259
1044.9;259
1046.9;259
1048.9;259
1050.9;259
1052.9;259
1054.9;259
1056.9;259
1058.9;259
1060.9;259
1062.9;259
1064.9;259
1067.1;259
1069.3;259
1071.3;259
1073.3;259
1075.3;259
1077.3;259
1079.3;259
1081.3;259
1083.3;259
1085.3;259
1087.3;259
1089.3;259
1091.3;259
1093.3;259
1095.3;259
1097.3;259
1099.5;259
1101.5;259
1103.5;259
1105.5;259
1107.5;259
1109.5;259
1111.5;259
1113.5;259
1115.5;259
1117.5;259
1119.5;259
1121.5;259
1123.7;259
1125.9;259
1127.9;259
1129.9;259
1131.9;259
1134.1;259
1136.1;259
1138.1;259
1140.1;259
1142.1;259
1144.1;259
1146.1;259
1148.1;259
1150.1;259
1152.1;259
1154.3;259
1156.3;259
1158.3;259
1160.3;259
1162.3;259
1164.5;259
1166.5;259
1168.5;259
1170.5;259
1172.5;259
1174.5;259
1176.7;259
1178.7;259
1180.7;259
1182.7;259
1184.7;259
1186.7;259
1188.9;259
1190.9;259
1192.9;259
1194.9;259
1196.9;259
1198.9;259
1200.9;259
1203.1;259
1205.3;259
1207.3;259
1209.3;259
1211.3;259
1213.3;259
1215.3;259
1217.5;259
1219.5;259
1221.5;259
1223.5;259
1225.5;259
1227.5;259
1229.5;259
1231.5;259
1233.5;259
1235.5;259
1237.5;259
1239.7;259
1241.7;259
1243.7;259
1245.7;259
1247.7;259
1249.7;259
1251.7;259
1253.7;259
1255.7;259
1257.7;259
1259.7;259
1261.7;259
1263.7;259
1265.7;259
1267.7;259
1269.7;259
1271.7;259
1273.7;259
1275.9;259
1277.9;259
1279.9;259
1281.9;259
1283.9;259
1286.1;259
1288.1;259
1290.1;259
1292.1;259
1294.1;259
1296.1;259
1298.1;259
1300.1;259
1302.1;259
1304.1;259
1306.1;259
1308.1;259
1310.1;259
1312.1;259
1314.1;259
1316.1;259
1318.1;259
1320.1;259
1322.1;259
1324.1;259
1326.3;259
1328.5;259
1330.5;259
1332.5;259
1334.5;259
1336.5;259
1338.5;259
1340.5;259
1342.5;259
1344.5;259
1346.5;259
1348.5;259
1350.7;259
1352.7;259
1354.7;259
1356.7;259
1358.7;259
1360.9;259
1362.9;259
1364.9;259
1366.9;259
1369.1;259
1371.1;259
1373.1;259
1375.3;259
1377.3;259
1379.3;259
1381.3;259
1383.3;259
1385.3;259
1387.3;259
1389.3;259
1391.5;259
1393.5;259
1395.5;259
1397.5;259
1399.5;259
1401.5;259
1403.7;259
1405.7;259
1407.7;259
1409.7;259
1411.9;259
1413.9;259
1415.9;259
1417.9;259
1419.9;259
1421.9;259
1423.9;259
1425.9;259
1427.9;259
1429.9;259
1431.9;259
1433.9;259
1435.9;259
1437.9;259
1439.9;259
1442.1;259
1444.1;259
1446.1;259
1448.1;259
1450.1;259
1452.1;259
1454.1;259
1456.1;259
1458.1;259
1460.1;259
1462.1;259
1464.1;259
1466.1;259
1468.1;259
1470.1;259
1472.1;259
1474.1;259
1476.3;259
1478.3;259
1480.3;259
1482.3;259
1484.3;259
1486.5;259
1488.5;259
1490.5;259
1492.7;259
1494.7;259
1496.7;259
1498.7;259
1500.7;259
1502.7;259
1504.7;259
1506.7;259
1508.7;259
1510.7;259
1512.7;259
1514.9;259
1517.1;259
1519.1;259
1521.1;259
1523.1;259
1525.1;259
1527.1;259
1529.1;259
1531.1;259
1533.1;259
1535.1;259
1537.1;259
1539.3;259
1541.3;259
1543.3;259
1545.3;259
1547.3;259
1549.3;259
1551.5;259
1553.5;259
1555.7;259
1557.7;259
1559.7;259
1561.7;259
1563.7;259
1565.9;259
1568.1;259
1570.1;259
1572.1;259
1574.1;259
1576.1;259
1578.1;259
1580.1;259
1582.1;259
1584.1;259
1586.3;259
1588.3;259
1590.3;259
1592.3;259
1594.5;259
1596.5;259
1598.5;259
1600.5;259
1602.5;259
1604.5;259
1606.5;259
1608.5;259
1610.5;259
1612.5;259
1614.5;259
1616.5;259
1618.5;259
1620.5;259
1622.5;259
1624.5;259
1626.5;259
1628.5;259
1630.5;259
1632.5;259
1634.5;259
1636.7;259
1638.7;259
1640.9;259
1642.9;259
1644.9;259
1646.9;259
1648.9;259
1650.9;259
1652.9;259
1654.9;259
1657.1;259
1659.1;259
1661.1;259
1663.1;259
1665.1;259
1667.1;259
1669.1;259
1671.1;259
1673.3;259
1675.5;259
1677.5;259
1679.5;259
1681.5;259
1683.5;259
1685.5;259
1687.5;259
1689.5;259
1691.5;259
1693.5;259
1695.5;259
1697.7;259
1699.7;259
1701.7;259
1703.7;259
1705.9;259
1707.9;259
1709.9;259
1711.9;259
1713.9;259
1715.9;259
1717.9;259
1719.9;259
1721.9;259
1723.9;259
1725.9;259
1727.9;259
1729.9;259
1731.9;259
1733.9;259
1736.1;259
1738.1;259
1740.1;259
1742.1;259
1744.1;259
1746.1;259
1748.1;259
1750.1;259
1752.1;259
1754.3;259
1756.3;259
1758.3;259
1760.3;259
1762.3;259
1764.3;259
1766.3;259
1768.3;259
1770.3;259
1772.5;259
1774.7;259
1776.7;259
1778.7;259
1780.9;259
1782.9;259
1785.1;259
1787.1;259
1789.1;259
1791.1;259
1793.3;259
1795.3;259
1797.3;259
