#	X	Y
2.21202;37
4.21201;37
6.21201;37
8.41201;37
10.412;37
12.412;37
14.412;37
16.412;37
18.412;37
20.412;37
22.412;37
24.412;37
26.412;37
28.412;37
30.412;37
32.412;37
34.412;37
36.412;37
38.612;37
40.612;37
42.612;37
44.612;37
46.612;37
48.612;37
50.612;37
52.612;37
54.612;37
56.612;37
58.612;37
60.612;37
62.612;37
64.612;37
66.612;37
68.612;37
70.812;37
72.812;37
74.812;37
76.812;37
79.012;37
81.012;37
83.012;37
85.012;37
87.012;37
89.012;37
91.012;37
93.012;37
95.012;37
97.012;37
99.012;37
101.012;37
103.012;37
105.212;37
107.212;37
109.212;37
111.212;37
113.212;37
115.212;37
117.212;37
119.212;37
121.212;37
123.212;37
125.212;37
127.212;37
129.212;37
131.212;37
133.212;37
135.212;37
137.212;37
139.212;37
141.212;37
143.212;37
145.212;37
147.412;37
149.412;37
151.412;37
153.412;37
155.412;37
157.412;37
159.612;37
161.612;37
163.612;37
165.612;37
167.612;37
169.612;37
171.612;37
173.612;37
175.612;37
177.612;37
179.612;37
181.612;37
183.612;37
185.612;37
187.612;37
189.612;37
191.812;37
193.812;37
195.812;37
197.812;37
199.812;37
201.812;37
203.812;37
205.812;37
207.812;37
210.012;37
212.212;55
214.412;55
216.412;55
218.412;55
220.412;55
222.412;55
224.612;55
226.612;55
228.812;55
231.012;55
233.012;55
235.012;55
237.212;55
239.212;55
241.412;55
243.412;55
245.412;55
247.412;55
249.412;55
251.412;55
253.412;55
255.612;55
257.612;55
259.612;55
261.612;55
263.612;55
265.612;55
267.612;55
269.612;55
271.812;55
273.812;55
275.812;55
277.812;55
279.812;55
281.812;55
283.812;55
286.012;55
288.212;55
290.412;55
292.412;55
294.412;55
296.412;55
298.412;55
300.412;55
302.412;55
304.412;55
306.412;55
308.612;55
310.812;55
312.812;55
314.812;55
317.012;55
319.012;55
321.012;55
323.012;55
325.012;55
327.012;55
329.012;55
331.012;55
333.012;55
335.012;55
337.212;55
339.212;55
341.212;55
343.212;55
345.212;55
347.212;55
349.212;55
351.212;55
353.212;55
355.212;55
357.212;55
359.212;55
361.212;55
363.212;55
365.212;55
367.212;55
369.212;55
371.212;55
373.212;55
375.212;55
377.212;55
379.212;55
381.212;55
383.212;55
385.212;55
387.412;55
389.412;55
391.612;55
393.612;55
395.612;55
397.612;55
399.612;55
401.612;55
403.612;55
405.812;55
407.812;55
409.812;55
411.812;55
414.012;55
416.012;55
418.012;55
420.012;55
422.012;55
424.012;55
426.012;55
428.012;55
430.212;55
432.212;55
434.212;55
436.212;55
438.212;55
440.212;55
442.212;55
444.212;55
446.412;55
448.412;55
450.412;55
452.412;55
454.412;55
456.412;55
458.412;55
460.412;55
462.412;55
464.412;55
466.412;55
468.412;55
470.412;55
472.412;55
474.412;55
476.612;55
478.612;55
480.612;55
482.612;55
484.612;55
486.612;55
488.612;55
490.612;55
492.612;55
494.612;55
496.612;55
498.812;55
500.812;55
502.812;55
504.812;55
506.812;55
508.812;55
510.812;55
512.812;55
514.812;55
516.812;55
518.812;55
520.812;55
522.812;55
524.812;55
526.812;55
528.812;55
530.812;55
532.812;55
534.812;55
537.012;55
539.012;55
541.012;55
543.012;55
545.012;55
547.012;55
549.212;55
551.212;55
553.212;55
555.212;55
557.212;55
559.212;55
561.212;55
563.212;55
565.212;55
567.212;55
569.212;55
571.212;55
573.212;55
575.212;55
577.212;55
579.212;55
581.212;55
583.212;55
585.412;55
587.412;55
589.412;55
591.412;55
593.612;55
595.612;55
597.612;55
599.612;55
601.612;55
603.612;55
605.612;55
607.612;55
609.612;55
611.612;55
613.812;55
616.012;55
618.012;55
620.012;55
622.012;55
624.012;55
626.212;55
628.412;55
630.412;55
632.412;55
634.412;55
636.412;55
638.412;55
640.412;55
642.412;55
644.412;55
646.412;55
648.412;55
650.412;55
652.412;55
654.412;55
656.412;55
658.412;55
660.612;55
662.612;55
664.612;55
666.612;55
668.812;55
670.812;55
672.812;55
674.812;55
676.812;55
678.812;55
680.812;55
682.812;55
684.812;55
686.812;55
688.812;55
690.812;55
692.812;55
694.812;55
696.812;55
699.012;55
701.012;55
703.012;55
705.012;55
707.012;55
709.012;55
711.012;55
713.012;55
715.012;55
717.012;55
719.012;55
721.012;55
723.012;55
725.012;55
727.012;55
729.012;55
731.012;55
733.012;55
735.012;55
737.012;55
739.012;55
741.012;55
743.012;55
745.012;55
747.212;55
749.212;55
751.212;55
753.212;55
755.212;55
757.212;55
759.212;55
761.412;55
763.412;55
765.412;55
767.612;55
769.612;55
771.612;55
773.612;55
775.612;55
777.612;55
779.612;55
781.612;55
783.612;55
785.612;55
787.812;55
790.012;55
792.012;55
794.212;55
796.212;55
798.212;55
800.212;55
802.212;55
804.212;55
806.212;55
808.212;55
810.212;55
812.212;55
814.212;55
816.212;55
818.212;55
820.212;55
822.212;55
824.212;55
826.212;55
828.212;55
830.212;55
832.412;55
834.612;55
836.612;55
838.612;55
840.612;55
842.612;55
844.612;55
846.612;55
848.812;55
850.812;55
852.812;55
854.812;55
856.812;55
858.812;55
860.812;55
862.812;55
864.812;55
866.812;55
868.812;55
870.812;55
872.812;55
874.812;55
876.812;55
878.812;55
880.812;55
882.812;55
884.812;55
886.812;55
888.812;55
890.812;55
892.812;55
894.812;55
897.012;55
899.012;55
901.012;55
903.012;55
905.212;55
907.212;55
909.212;55
911.212;55
913.212;55
915.212;55
917.212;55
919.412;55
921.412;55
923.412;55
925.412;55
927.412;55
929.412;55
931.412;55
933.412;55
935.412;55
937.412;55
939.412;55
941.412;55
943.412;55
945.412;55
947.412;55
949.412;55
951.412;55
953.412;55
955.412;55
957.612;55
959.612;55
961.612;55
963.612;55
965.612;55
967.612;55
969.612;55
971.612;55
973.612;55
975.612;55
977.612;55
979.612;55
981.612;55
983.612;55
985.612;55
987.812;55
990.012;55
992.012;55
994.212;55
996.212;55
998.212;55
1000.21;55
1002.21;55
1004.21;55
1006.21;55
1008.21;55
1010.21;55
1012.41;55
1014.41;55
1016.41;55
1018.41;55
1020.41;55
1022.41;55
1024.61;55
1026.81;55
1028.81;55
1030.81;55
1032.81;55
1034.81;55
1036.81;55
1038.81;55
1040.81;55
1042.81;55
1044.81;55
1046.81;55
1048.81;55
1050.81;55
1052.81;55
1054.81;55
1056.81;55
1058.81;55
1060.81;55
1062.81;55
1064.81;55
1067.01;55
1069.21;55
1071.21;55
1073.21;55
1075.21;55
1077.21;55
1079.21;55
1081.21;55
1083.21;55
1085.21;55
1087.21;55
1089.21;55
1091.21;55
1093.21;55
1095.21;55
1097.21;55
1099.41;55
1101.41;55
1103.41;55
1105.41;55
1107.41;55
1109.41;55
1111.41;55
1113.41;55
1115.41;55
1117.41;55
1119.41;55
1121.41;55
1123.61;55
1125.81;55
1127.81;55
1129.81;55
1131.81;55
1134.01;55
1136.01;55
1138.01;55
1140.01;55
1142.01;55
1144.01;55
1146.01;55
1148.01;55
1150.01;55
1152.01;55
1154.21;55
1156.21;55
1158.21;55
1160.21;55
1162.21;55
1164.41;55
1166.41;55
1168.41;55
1170.41;55
1172.41;55
1174.41;55
1176.61;55
1178.61;55
1180.61;55
1182.61;55
1184.61;55
1186.61;55
1188.81;55
1190.81;55
1192.81;55
1194.81;55
1196.81;55
1198.81;55
1200.81;55
1203.01;55
1205.21;55
1207.21;55
1209.21;55
1211.21;55
1213.21;55
1215.21;55
1217.41;55
1219.41;55
1221.41;55
1223.41;55
1225.41;55
1227.41;55
1229.41;55
1231.41;55
1233.41;55
1235.41;55
1237.41;55
1239.61;55
1241.61;55
1243.61;55
1245.61;55
1247.61;55
1249.61;55
1251.61;55
1253.61;55
1255.61;55
1257.61;55
1259.61;55
1261.61;55
1263.61;55
1265.61;55
1267.61;55
1269.61;55
1271.61;55
1273.61;55
1275.81;55
1277.81;55
1279.81;55
1281.81;55
1283.81;55
1286.01;55
1288.01;55
1290.01;55
1292.01;55
1294.01;55
1296.01;55
1298.01;55
1300.01;55
1302.01;55
1304.01;55
1306.01;55
1308.01;55
1310.01;55
1312.01;55
1314.01;55
1316.01;55
1318.01;55
1320.01;55
1322.01;55
1324.01;55
1326.21;55
1328.41;55
1330.41;55
1332.41;55
1334.41;55
1336.41;55
1338.41;55
1340.41;55
1342.41;55
1344.41;55
1346.41;55
1348.41;55
1350.61;55
1352.61;55
1354.61;55
1356.61;55
1358.61;55
1360.81;55
1362.81;55
1364.81;55
1366.81;55
1369.01;55
1371.01;55
1373.01;55
1375.21;55
1377.21;55
1379.21;55
1381.21;55
1383.21;55
1385.21;55
1387.21;55
1389.21;55
1391.41;55
1393.41;55
1395.41;55
1397.41;55
1399.41;55
1401.41;55
1403.61;55
1405.61;55
1407.61;55
1409.61;55
1411.81;55
1413.81;55
1415.81;55
1417.81;55
1419.81;55
1421.81;55
1423.81;55
1425.81;55
1427.81;55
1429.81;55
1431.81;55
1433.81;55
1435.81;55
1437.81;55
1439.81;55
1442.01;55
1444.01;55
1446.01;55
1448.01;55
1450.01;55
1452.01;55
1454.01;55
1456.01;55
1458.01;55
1460.01;55
1462.01;55
1464.01;55
1466.01;55
1468.01;55
1470.01;55
1472.01;55
1474.01;55
1476.21;55
1478.21;55
1480.21;55
1482.21;55
1484.21;55
1486.41;55
1488.41;55
1490.41;55
1492.61;55
1494.61;55
1496.61;55
1498.61;55
1500.61;55
1502.61;55
1504.61;55
1506.61;55
1508.61;55
1510.61;55
1512.61;55
1514.81;55
1517.01;55
1519.01;55
1521.01;55
1523.01;55
1525.01;55
1527.01;55
1529.01;55
1531.01;55
1533.01;55
1535.01;55
1537.01;55
1539.21;55
1541.21;55
1543.21;55
1545.21;55
1547.21;55
1549.21;55
1551.41;55
1553.41;55
1555.61;55
1557.61;55
1559.61;55
1561.61;55
1563.61;55
1565.81;55
1568.01;55
1570.01;55
1572.01;55
1574.01;55
1576.01;55
1578.01;55
1580.01;55
1582.01;55
1584.01;55
1586.21;55
1588.21;55
1590.21;55
1592.21;55
1594.41;55
1596.41;55
1598.41;55
1600.41;55
1602.41;55
1604.41;55
1606.41;55
1608.41;55
1610.41;55
1612.41;55
1614.41;55
1616.41;55
1618.41;55
1620.41;55
1622.41;55
1624.41;55
1626.41;55
1628.41;55
1630.41;55
1632.41;55
1634.41;55
1636.61;55
1638.61;55
1640.81;55
1642.81;55
1644.81;55
1646.81;55
1648.81;55
1650.81;55
1652.81;55
1654.81;55
1657.01;55
1659.01;55
1661.01;55
1663.01;55
1665.01;55
1667.01;55
1669.01;55
1671.01;55
1673.21;55
1675.41;55
1677.41;55
1679.41;55
1681.41;55
1683.41;55
1685.41;55
1687.41;55
1689.41;55
1691.41;55
1693.41;55
1695.41;55
1697.61;55
1699.61;55
1701.61;55
1703.61;55
1705.81;55
1707.81;55
1709.81;55
1711.81;55
1713.81;55
1715.81;55
1717.81;55
1719.81;55
1721.81;55
1723.81;55
1725.81;55
1727.81;55
1729.81;55
1731.81;55
1733.81;55
1736.01;55
1738.01;55
1740.01;55
1742.01;55
1744.01;55
1746.01;55
1748.01;55
1750.01;55
1752.01;55
1754.21;55
1756.21;55
1758.21;55
1760.21;55
1762.21;55
1764.21;55
1766.21;55
1768.21;55
1770.21;55
1772.41;55
1774.61;55
1776.61;55
1778.61;55
1780.81;55
1782.81;55
1785.01;55
1787.01;55
1789.01;55
1791.01;55
1793.21;55
1795.21;55
1797.21;55
