#	X	Y
2.54802;126
4.54801;126
6.54801;126
8.54801;126
10.548;126
12.548;126
14.548;126
16.548;126
18.548;126
20.548;126
22.548;126
24.548;126
26.748;126
28.748;126
30.948;126
32.948;126
34.948;126
36.948;126
39.148;126
41.148;126
43.348;126
45.348;126
47.348;126
49.348;126
51.348;126
53.348;126
55.348;126
57.348;126
59.348;126
61.348;126
63.348;126
65.348;126
67.348;126
69.348;126
71.348;126
73.348;126
75.348;126
77.348;126
79.548;126
81.548;126
83.548;126
85.548;126
87.548;126
89.548;126
91.748;126
93.748;126
95.948;126
97.948;126
99.948;126
101.948;126
103.948;126
105.948;126
107.948;126
109.948;126
111.948;126
113.948;126
115.948;126
117.948;126
119.948;126
121.948;126
123.948;126
125.948;126
127.948;126
129.948;126
131.948;126
133.948;126
135.948;126
137.948;126
139.948;126
141.948;126
143.948;126
145.948;126
147.948;126
150.148;126
152.148;126
154.148;126
156.348;294
158.348;294
160.348;294
162.348;294
164.348;294
166.348;294
168.348;294
170.348;294
172.348;294
174.348;294
176.348;294
178.348;294
180.348;294
182.548;294
184.548;294
186.548;294
188.548;294
190.548;294
192.548;294
194.548;294
196.748;294
198.748;294
200.948;294
202.948;294
205.148;294
207.148;294
209.148;294
211.148;294
213.148;294
215.148;294
217.348;294
219.348;294
221.348;294
223.348;294
225.348;294
227.548;294
229.548;294
231.548;294
233.548;294
235.548;294
237.548;294
239.548;294
241.548;294
243.548;294
245.748;294
247.748;294
249.748;294
251.748;294
253.748;294
255.748;294
257.948;294
259.948;294
261.948;294
263.948;294
265.948;294
267.948;294
269.948;294
271.948;294
273.948;294
275.948;294
277.948;294
279.948;294
282.148;294
284.148;294
286.148;294
288.148;294
290.348;294
292.348;294
294.348;294
296.348;294
298.548;294
300.548;294
302.548;294
304.548;294
306.548;294
308.548;294
310.748;294
312.948;294
314.948;294
316.948;294
318.948;294
320.948;294
322.948;294
324.948;294
326.948;294
328.948;294
331.148;294
333.148;294
335.148;294
337.348;294
339.348;294
341.548;294
343.548;294
345.548;294
347.748;294
349.748;294
351.748;294
353.748;294
355.748;294
357.748;294
359.748;294
361.748;294
363.748;294
365.748;294
367.748;294
369.748;294
371.748;294
373.948;294
375.948;294
377.948;294
379.948;294
381.948;294
383.948;294
386.148;294
388.148;294
390.348;294
392.348;294
394.348;294
396.348;294
398.348;294
400.348;294
402.348;294
404.348;294
406.348;294
408.348;294
410.548;294
412.748;294
414.748;294
416.748;294
418.748;294
420.748;294
422.748;294
424.748;294
426.748;294
428.948;294
430.948;294
432.948;294
434.948;294
436.948;294
438.948;294
440.948;294
442.948;294
444.948;294
446.948;294
448.948;294
450.948;294
452.948;294
454.948;294
456.948;294
459.148;294
461.148;294
463.148;294
465.148;294
467.148;294
469.148;294
471.148;294
473.348;294
475.348;294
477.548;294
479.548;294
481.548;294
483.548;294
485.748;294
487.748;294
489.748;294
491.748;294
493.748;294
495.748;294
497.748;294
499.748;294
501.748;294
503.948;294
505.948;294
507.948;294
509.948;294
511.948;294
513.948;294
515.948;294
517.948;294
519.948;294
521.948;294
523.948;294
525.948;294
527.948;294
529.948;294
531.948;294
534.148;294
536.148;294
538.148;294
540.148;294
542.148;294
544.148;294
546.148;294
548.148;294
550.148;294
552.148;294
554.148;294
556.148;294
558.148;294
560.148;294
562.148;294
564.348;294
566.348;294
568.348;294
570.348;294
572.348;294
574.348;294
576.548;294
578.548;294
580.548;294
582.548;294
584.548;294
586.748;294
588.748;294
590.748;294
592.748;294
594.748;294
596.948;294
598.948;294
600.948;294
602.948;294
604.948;294
606.948;294
608.948;294
610.948;294
612.948;294
614.948;294
616.948;294
618.948;294
620.948;294
622.948;294
624.948;294
626.948;294
628.948;294
630.948;294
632.948;294
634.948;294
636.948;294
638.948;294
640.948;294
643.148;294
645.148;294
647.148;294
649.148;294
651.148;294
653.148;294
655.148;294
657.148;294
659.348;294
661.348;294
663.348;294
665.348;294
667.348;294
669.348;294
671.348;294
673.348;294
675.348;294
677.348;294
679.548;294
681.548;294
683.548;294
685.548;294
687.548;294
689.548;294
691.548;294
693.548;294
695.548;294
697.548;294
699.548;294
701.548;294
703.548;294
705.748;294
707.948;294
709.948;294
711.948;294
714.148;294
716.148;294
718.148;294
720.148;294
722.148;294
724.348;294
726.348;294
728.348;294
730.548;294
732.548;294
734.548;294
736.548;294
738.548;294
740.548;294
742.548;294
744.548;294
746.548;294
748.548;294
750.548;294
752.548;294
754.748;294
756.948;294
758.948;294
760.948;294
762.948;294
764.948;294
766.948;294
769.148;294
771.148;294
773.148;294
775.148;294
777.148;294
779.148;294
781.348;294
783.348;294
785.348;294
787.348;294
789.348;294
791.348;294
793.348;294
795.348;294
797.348;294
799.348;294
801.348;294
803.348;294
805.548;294
807.548;294
809.548;294
811.548;294
813.548;294
815.548;294
817.548;294
819.548;294
821.548;294
823.548;294
825.548;294
827.548;294
829.548;294
831.548;294
833.548;294
835.548;294
837.548;294
839.548;294
841.548;294
843.548;294
845.548;294
847.548;294
849.548;294
851.548;294
853.548;294
855.548;294
857.548;294
859.748;294
861.748;294
863.748;294
865.748;294
867.748;294
869.748;294
871.748;294
873.948;294
876.148;294
878.148;294
880.148;294
882.148;294
884.148;294
886.148;294
888.148;294
890.148;294
892.148;294
894.148;294
896.348;294
898.348;294
900.348;294
902.348;294
904.548;294
906.548;294
908.548;294
910.548;294
912.548;294
914.548;296
916.548;296
918.548;296
920.548;296
922.548;296
924.548;296
926.548;296
928.748;296
930.748;296
932.748;296
934.748;296
936.748;296
938.748;296
940.748;296
942.748;296
944.948;296
946.948;296
948.948;296
950.948;296
952.948;296
954.948;296
956.948;296
958.948;296
960.948;296
962.948;296
964.948;296
966.948;296
969.148;296
971.148;296
973.148;296
975.148;296
977.148;296
979.148;296
981.148;296
983.148;296
985.148;296
987.148;296
989.148;296
991.148;296
993.148;296
995.148;296
997.348;296
999.348;296
1001.35;296
1003.55;296
1005.55;296
1007.55;296
1009.55;296
1011.55;296
1013.55;296
1015.55;296
1017.55;296
1019.55;296
1021.55;296
1023.75;296
1025.95;296
1027.95;296
1029.95;296
1032.15;296
1034.15;296
1036.15;296
1038.15;296
1040.15;296
1042.15;296
1044.35;296
1046.35;296
1048.35;296
1050.35;296
1052.35;296
1054.35;296
1056.35;296
1058.55;296
1060.55;296
1062.55;296
1064.55;296
1066.55;296
1068.55;296
1070.75;296
1072.75;296
1074.75;296
1076.75;296
1078.75;296
1080.75;296
1082.75;296
1084.75;296
1086.75;296
1088.95;296
1090.95;296
1092.95;296
1094.95;296
1096.95;296
1098.95;296
1100.95;296
1102.95;296
1104.95;296
1106.95;296
1108.95;296
1111.15;296
1113.15;296
1115.15;296
1117.35;296
1119.35;296
1121.35;296
1123.35;296
1125.55;296
1127.55;296
1129.55;296
1131.55;296
1133.55;296
1135.75;296
1137.75;296
1139.75;296
1141.95;296
1143.95;296
1146.15;296
1148.15;296
1150.35;296
1152.35;296
1154.35;296
1156.35;296
1158.55;296
1160.55;296
1162.55;296
1164.55;296
1166.55;296
1168.55;296
1170.75;296
1172.75;296
1174.75;296
1176.75;296
1178.75;296
1180.75;296
1182.75;296
1184.75;296
1186.75;296
1188.75;296
1190.75;296
1192.95;296
1194.95;296
1196.95;296
1198.95;296
1200.95;296
1202.95;296
1204.95;296
1206.95;296
1208.95;296
1210.95;296
1212.95;296
1214.95;296
1216.95;296
1218.95;296
1220.95;296
1222.95;296
1225.15;296
1227.15;296
1229.15;296
1231.15;296
1233.15;296
1235.15;296
1237.15;296
1239.15;296
1241.15;296
1243.15;296
1245.35;296
1247.35;296
1249.35;296
1251.35;296
1253.35;296
1255.35;296
1257.55;296
1259.55;296
1261.55;296
1263.55;296
1265.55;296
1267.75;296
1269.95;296
1271.95;296
1274.15;296
1276.15;296
1278.15;296
1280.35;296
1282.35;296
1284.35;296
1286.35;296
1288.35;296
1290.35;296
1292.35;296
1294.55;296
1296.55;296
1298.55;296
1300.55;296
1302.55;296
1304.55;296
1306.55;296
1308.55;296
1310.55;296
1312.55;296
1314.55;296
1316.55;296
1318.75;296
1320.75;296
1322.75;296
1324.75;296
1326.75;296
1328.75;296
1330.75;296
1332.95;296
1334.95;296
1336.95;296
1338.95;296
1340.95;296
1342.95;296
1344.95;296
1346.95;296
1349.15;296
1351.15;296
1353.35;296
1355.35;296
1357.35;296
1359.35;296
1361.35;296
1363.35;296
1365.35;296
1367.35;296
1369.35;296
1371.35;296
1373.35;296
1375.35;296
1377.35;296
1379.55;296
1381.55;296
1383.55;296
1385.55;296
1387.55;296
1389.55;296
1391.75;296
1393.75;296
1395.75;296
1397.95;296
1399.95;296
1401.95;296
1403.95;296
1405.95;296
1408.15;296
1410.35;296
1412.55;296
1414.55;296
1416.55;296
1418.55;296
1420.55;296
1422.55;296
1424.55;296
1426.75;296
1428.75;296
1430.75;296
1432.75;296
1434.75;296
1436.75;296
1438.75;296
1440.75;296
1442.75;296
1444.75;296
1446.75;296
1448.75;296
1450.75;296
1452.75;296
1454.75;296
1456.95;296
1458.95;296
1460.95;296
1462.95;296
1464.95;296
1466.95;296
1468.95;296
1470.95;296
1473.15;296
1475.15;296
1477.15;296
1479.35;296
1481.35;296
1483.55;296
1485.55;296
1487.55;296
1489.55;296
1491.55;296
1493.55;296
1495.55;296
1497.75;296
1499.75;296
1501.75;296
1503.75;296
1505.75;296
1507.75;296
1509.95;296
1511.95;296
1513.95;296
1515.95;296
1517.95;296
1519.95;296
1521.95;296
1523.95;296
1525.95;296
1527.95;296
1529.95;296
1531.95;296
1533.95;296
1536.15;296
1538.15;296
1540.35;296
1542.35;296
1544.35;296
1546.35;296
1548.35;296
1550.35;296
1552.35;296
1554.35;296
1556.35;296
1558.35;296
1560.35;296
1562.35;296
1564.35;296
1566.35;296
1568.35;296
1570.35;296
1572.55;296
1574.75;296
1576.75;296
1578.75;296
1580.75;296
1582.75;296
1584.95;296
1587.15;296
1589.15;296
1591.15;296
1593.15;296
1595.15;296
1597.15;296
1599.15;296
1601.15;296
1603.15;296
1605.35;296
1607.35;296
1609.35;296
1611.35;296
1613.35;296
1615.55;296
1617.55;296
1619.55;296
1621.55;296
1623.75;296
1625.75;296
1627.75;296
1629.75;296
1631.75;296
1633.75;296
1635.75;296
1637.75;296
1639.75;296
1641.75;296
1643.75;296
1645.75;296
1647.95;296
1649.95;296
1652.15;296
1654.15;296
1656.15;296
1658.15;296
1660.15;296
1662.15;296
1664.35;296
1666.35;296
1668.35;296
1670.35;296
1672.35;296
1674.35;296
1676.35;296
1678.55;296
1680.55;296
1682.75;296
1684.75;296
1686.75;296
1688.75;296
1690.75;296
1692.75;296
1694.75;296
1696.95;296
1698.95;296
1701.15;296
1703.35;296
1705.35;296
1707.35;296
1709.35;296
1711.35;296
1713.35;296
1715.35;296
1717.35;296
1719.35;296
1721.35;296
1723.55;296
1725.55;296
1727.55;296
1729.55;296
1731.55;296
1733.55;296
1735.55;296
1737.55;296
1739.55;296
1741.55;296
1743.75;296
1745.75;296
1747.75;296
1749.75;296
1751.75;296
1753.75;296
1755.75;296
1757.75;296
1759.75;296
1761.95;296
1763.95;296
1766.15;296
1768.15;296
1770.15;296
1772.15;296
1774.35;296
1776.35;296
1778.35;296
1780.35;296
1782.35;296
1784.35;296
1786.35;296
1788.55;296
1790.55;296
1792.55;296
1794.55;296
1796.55;296
