#	X	Y
2.21802;604
4.21801;604
6.41801;604
8.41801;604
10.418;604
12.618;604
14.618;604
16.618;604
18.618;604
20.618;604
22.618;604
24.618;604
26.818;604
28.818;604
30.818;604
32.818;604
35.018;604
37.018;604
39.018;604
41.018;604
43.018;604
45.018;604
47.018;604
49.018;604
51.018;604
53.218;604
55.218;604
57.218;604
59.218;604
61.218;604
63.218;604
65.418;604
67.618;604
69.618;604
71.818;604
74.018;604
76.018;604
78.018;604
80.218;1540
82.218;1540
84.218;1540
86.218;1540
88.218;1540
90.218;1540
92.218;1540
94.418;1540
96.418;1540
98.618;1540
100.818;1540
102.818;1540
104.818;1540
106.818;1540
108.818;1540
110.818;1540
112.818;1540
114.818;1540
116.818;1540
118.818;1540
120.818;1540
122.818;1540
124.818;1540
126.818;1540
128.818;1540
130.818;1540
132.818;1540
135.018;1540
137.018;1540
139.218;1540
141.218;1540
143.418;1540
145.418;1540
147.418;1540
149.418;1540
151.418;1540
153.418;1540
155.418;1540
157.418;1540
159.418;1540
161.418;1540
163.418;1540
165.418;1540
167.618;1540
169.618;1540
171.618;1540
173.618;1540
175.618;1540
177.618;1540
179.618;1540
181.618;1540
183.618;1540
185.618;1540
187.618;1540
189.618;1540
191.618;1540
193.618;1540
195.818;1540
197.818;1540
199.818;1540
201.818;1540
203.818;1540
205.818;1540
207.818;1540
209.818;1540
211.818;1540
213.818;1540
216.018;1540
218.018;1540
220.018;1540
222.018;1540
224.018;1540
226.018;1540
228.018;1540
230.018;1540
232.218;1540
234.418;1540
236.418;1540
238.618;1540
240.618;1540
242.818;1540
244.818;1540
246.818;1540
248.818;1540
251.018;1540
253.018;1540
255.018;1540
257.018;1540
259.018;1540
261.018;1540
263.018;1540
265.018;1540
267.018;1540
269.018;1540
271.018;1540
273.018;1540
275.018;1540
277.218;1540
279.218;1540
281.218;1540
283.218;1540
285.218;1540
287.218;1540
289.218;1540
291.218;1540
293.218;1540
295.218;1540
297.218;1540
299.218;1540
301.218;1540
303.218;1540
305.218;1540
307.218;1540
309.218;1540
311.418;1540
313.418;1540
315.418;1540
317.418;1540
319.418;1540
321.418;1540
323.418;1540
325.618;1540
327.618;1540
329.618;1540
331.618;1540
333.818;1540
335.818;1540
337.818;1540
339.818;1540
341.818;1540
344.018;1540
346.018;1540
348.018;1540
350.018;1540
352.018;1540
354.018;1540
356.018;1540
358.018;1540
360.018;1540
362.018;1540
364.018;1540
366.018;1540
368.018;1540
370.018;1540
372.018;1540
374.018;1540
376.018;1540
378.018;1540
380.218;1540
382.218;1540
384.218;1540
386.218;1540
388.418;1540
390.618;1540
392.618;1540
394.618;1540
396.818;1540
398.818;1540
400.818;1540
402.818;1540
404.818;1540
406.818;1540
408.818;1540
410.818;1540
412.818;1540
414.818;1540
417.018;1540
419.018;1540
421.018;1540
423.018;1540
425.018;1540
427.018;1540
429.218;1540
431.218;1540
433.218;1540
435.418;1540
437.418;1540
439.418;1540
441.418;1540
443.418;1540
445.418;1540
447.418;1540
449.418;1540
451.618;1540
453.818;1540
455.818;1540
457.818;1540
459.818;1540
461.818;1540
463.818;1540
465.818;1540
467.818;1540
469.818;1540
471.818;1540
473.818;1540
475.818;1540
477.818;1540
479.818;1540
482.018;1540
484.018;1540
486.018;1540
488.018;1540
490.018;1540
492.218;1540
494.218;1540
496.218;1540
498.218;1540
500.218;1540
502.218;1540
504.218;1540
506.218;1540
508.218;1540
510.218;1540
512.218;1540
514.418;1540
516.418;1540
518.418;1540
520.418;1540
522.618;1540
524.618;1540
526.618;1540
528.618;1540
530.618;1540
532.618;1540
534.618;1540
536.618;1540
538.618;1540
540.618;1540
542.818;1540
544.818;1540
546.818;1540
549.018;1540
551.018;1540
553.018;1540
555.018;1540
557.018;1540
559.018;1540
561.018;1540
563.018;1540
565.218;1540
567.218;1540
569.418;1540
571.418;1540
573.418;1540
575.618;1540
577.618;1540
579.818;1540
581.818;1540
583.818;1540
585.818;1540
587.818;1540
589.818;1540
592.018;1540
594.018;1540
596.018;1540
598.018;1540
600.018;1540
602.018;1540
604.018;1540
606.018;1540
608.018;1540
610.218;1540
612.218;1540
614.218;1540
616.218;1540
618.218;1540
620.218;1540
622.218;1540
624.218;1540
626.218;1540
628.218;1540
630.218;1540
632.418;1540
634.418;1540
636.418;1540
638.418;1540
640.418;1540
642.418;1540
644.618;1540
646.618;1540
648.618;1540
650.618;1540
652.818;1540
655.018;1540
657.018;1540
659.018;1540
661.018;1540
663.218;1540
665.218;1540
667.218;1540
669.218;1540
671.218;1540
673.218;1540
675.218;1540
677.218;1540
679.218;1540
681.418;1540
683.418;1540
685.418;1540
687.418;1540
689.618;1540
691.618;1540
693.618;1540
695.618;1540
697.618;1540
699.618;1540
701.618;1540
703.618;1540
705.618;1540
707.618;1540
709.618;1540
711.618;1540
713.618;1540
715.618;1540
717.818;1540
719.818;1540
722.018;1540
724.018;1540
726.218;1540
728.418;1540
730.418;1540
732.418;1540
734.618;1540
736.618;1540
738.618;1540
740.618;1540
742.618;1540
744.618;1540
746.618;1540
748.818;1540
750.818;1540
753.018;1540
755.218;1540
757.218;1540
759.218;1540
761.218;1540
763.218;1540
765.218;1540
767.218;1540
769.218;1540
771.218;1540
773.218;1540
775.218;1540
777.218;1540
779.218;1540
781.218;1540
783.218;1540
785.418;1540
787.418;1540
789.618;1540
791.618;1540
793.618;1540
795.818;1540
797.818;1540
799.818;1540
801.818;1540
803.818;1540
805.818;1540
807.818;1540
809.818;1540
811.818;1540
814.018;1540
816.218;1540
818.418;1540
820.418;1540
822.418;1540
824.418;1540
826.418;1540
828.418;1540
830.418;1540
832.418;1540
834.418;1540
836.418;1540
838.418;1540
840.618;1540
842.618;1540
844.618;1540
846.618;1540
848.618;1540
850.618;1540
852.618;1540
854.618;1540
856.618;1540
858.618;1540
860.818;1540
862.818;1540
864.818;1540
866.818;1540
868.818;1540
870.818;1540
872.818;1540
875.018;1540
877.018;1540
879.018;1540
881.018;1540
883.018;1540
885.018;1540
887.018;1540
889.018;1540
891.018;1540
893.018;1540
895.018;1540
897.218;1540
899.218;1540
901.218;1540
903.218;1540
905.218;1540
907.218;1540
909.218;1540
911.218;1540
913.218;1540
915.218;1540
917.218;355
919.218;355
921.218;355
923.218;355
925.218;355
927.418;355
929.618;355
931.618;355
933.618;355
935.618;355
937.618;355
939.818;355
942.018;355
944.218;355
946.218;355
948.218;355
950.218;355
952.418;355
954.418;355
956.418;355
958.418;355
960.618;355
962.618;355
964.618;355
966.618;355
968.618;355
970.618;355
972.818;355
974.818;355
976.818;355
978.818;355
980.818;355
982.818;355
985.018;355
987.018;355
989.018;355
991.218;355
993.218;355
995.418;355
997.418;355
999.418;355
1001.42;355
1003.42;355
1005.42;355
1007.42;355
1009.42;355
1011.62;355
1013.62;355
1015.62;355
1017.62;355
1019.62;355
1021.62;355
1023.62;355
1025.62;355
1027.62;355
1029.82;355
1031.82;355
1034.02;355
1036.22;355
1038.42;355
1040.42;355
1042.42;355
1044.42;355
1046.62;355
1048.62;355
1050.62;355
1052.62;355
1054.82;355
1056.82;355
1058.82;355
1060.82;355
1062.82;355
1064.82;355
1066.82;355
1068.82;355
1070.82;355
1072.82;355
1075.02;355
1077.02;355
1079.02;355
1081.22;355
1083.22;355
1085.22;355
1087.42;355
1089.42;355
1091.42;355
1093.42;355
1095.42;355
1097.42;355
1099.62;355
1101.62;355
1103.62;355
1105.62;355
1107.62;355
1109.62;355
1111.62;355
1113.62;355
1115.62;355
1117.62;355
1119.62;355
1121.62;355
1123.62;355
1125.62;355
1127.62;355
1129.62;355
1131.82;355
1133.82;355
1135.82;355
1137.82;355
1139.82;355
1141.82;355
1143.82;355
1146.02;355
1148.02;355
1150.02;355
1152.02;355
1154.02;355
1156.02;355
1158.02;355
1160.02;355
1162.22;355
1164.22;355
1166.22;355
1168.22;355
1170.22;355
1172.22;355
1174.22;355
1176.22;355
1178.22;355
1180.22;355
1182.22;355
1184.22;355
1186.22;355
1188.22;355
1190.22;355
1192.42;355
1194.42;355
1196.42;355
1198.42;355
1200.42;355
1202.42;355
1204.42;355
1206.42;355
1208.62;355
1210.62;355
1212.62;355
1214.62;355
1216.82;355
1218.82;355
1220.82;355
1222.82;355
1224.82;355
1226.82;355
1228.82;355
1231.02;355
1233.02;355
1235.02;355
1237.02;355
1239.02;355
1241.02;355
1243.02;355
1245.02;355
1247.02;355
1249.22;355
1251.22;355
1253.22;355
1255.22;355
1257.42;355
1259.42;355
1261.42;355
1263.42;355
1265.42;355
1267.42;355
1269.42;355
1271.42;355
1273.42;355
1275.42;355
1277.42;355
1279.42;355
1281.42;355
1283.42;355
1285.42;355
1287.42;355
1289.42;355
1291.42;355
1293.62;355
1295.62;355
1297.82;355
1299.82;355
1301.82;355
1303.82;355
1305.82;355
1307.82;355
1309.82;355
1311.82;355
1313.82;355
1315.82;355
1317.82;355
1319.82;355
1321.82;355
1323.82;355
1326.02;355
1328.22;355
1330.42;355
1332.42;355
1334.42;355
1336.42;355
1338.42;355
1340.42;355
1342.42;355
1344.42;355
1346.42;355
1348.42;355
1350.62;355
1352.62;355
1354.62;355
1356.62;355
1358.62;355
1360.82;355
1363.02;355
1365.22;355
1367.22;355
1369.22;355
1371.22;355
1373.22;355
1375.42;355
1377.42;355
1379.62;355
1381.62;355
1383.62;355
1385.82;355
1387.82;355
1389.82;355
1391.82;355
1394.02;355
1396.02;355
1398.02;355
1400.02;355
1402.02;355
1404.02;355
1406.02;355
1408.22;355
1410.22;355
1412.42;355
1414.62;355
1416.62;355
1418.62;355
1420.62;355
1422.82;355
1424.82;355
1427.02;355
1429.22;355
1431.22;355
1433.22;355
1435.42;355
1437.42;355
1439.42;355
1441.42;355
1443.42;355
1445.42;355
1447.42;355
1449.42;355
1451.42;355
1453.42;355
1455.42;355
1457.42;355
1459.42;355
1461.62;355
1463.62;355
1465.62;355
1467.62;355
1469.62;355
1471.62;355
1473.62;355
1475.62;355
1477.62;355
1479.62;355
1481.82;355
1483.82;355
1485.82;355
1487.82;355
1490.02;355
1492.02;355
1494.02;355
1496.02;355
1498.02;355
1500.02;355
1502.02;355
1504.22;355
1506.42;355
1508.42;355
1510.42;355
1512.42;355
1514.42;355
1516.42;355
1518.42;355
1520.42;355
1522.42;355
1524.42;355
1526.42;355
1528.42;355
1530.42;355
1532.42;355
1534.42;355
1536.42;355
1538.42;355
1540.42;355
1542.62;355
1544.62;355
1546.62;355
1548.62;355
1550.62;355
1552.62;355
1554.62;355
1556.62;355
1558.62;355
1560.62;355
1562.62;355
1564.62;355
1566.62;355
1568.62;355
1570.82;355
1572.82;355
1574.82;355
1576.82;355
1578.82;355
1580.82;355
1582.82;355
1584.82;355
1587.02;355
1589.02;355
1591.02;355
1593.02;355
1595.02;355
1597.02;355
1599.02;355
1601.22;355
1603.42;355
1605.42;355
1607.42;355
1609.42;355
1611.42;355
1613.42;355
1615.42;355
1617.42;355
1619.42;355
1621.42;355
1623.62;355
1625.62;355
1627.62;355
1629.62;355
1631.62;355
1633.62;355
1635.62;355
1637.62;355
1639.62;355
1641.62;355
1643.62;355
1645.62;355
1647.62;355
1649.82;355
1651.82;355
1653.82;355
1655.82;355
1657.82;355
1659.82;355
1661.82;355
1663.82;355
1665.82;355
1667.82;355
1670.02;355
1672.22;355
1674.22;355
1676.22;355
1678.22;355
1680.22;355
1682.42;355
1684.62;355
1686.82;355
1688.82;355
1690.82;355
1692.82;355
1694.82;355
1697.02;355
1699.02;355
1701.02;355
1703.02;355
1705.02;355
1707.02;355
1709.02;355
1711.02;355
1713.22;355
1715.22;355
1717.22;355
1719.22;355
1721.22;355
1723.42;355
1725.42;355
1727.42;355
1729.42;355
1731.42;355
1733.42;355
1735.42;355
1737.42;355
1739.42;355
1741.42;355
1743.62;355
1745.82;355
1747.82;355
1749.82;355
1751.82;355
1753.82;355
1756.02;355
1758.22;355
1760.22;355
1762.22;355
1764.22;355
1766.22;355
1768.22;355
1770.22;355
1772.42;355
1774.42;355
1776.42;355
1778.62;355
1780.62;355
1782.62;355
1784.62;355
1786.62;355
1788.62;355
1790.62;355
1792.62;355
1794.82;355
1796.82;355
