#	X	Y
2.46402;130
4.46401;130
6.46401;130
8.46401;130
10.464;130
12.464;130
14.464;130
16.464;130
18.464;130
20.464;130
22.464;130
24.464;130
26.464;130
28.464;130
30.464;130
32.464;130
34.464;130
36.464;130
38.464;130
40.664;130
42.664;130
44.664;130
46.664;130
48.664;130
50.664;130
52.864;130
54.864;130
56.864;130
58.864;130
60.864;130
62.864;130
64.864;130
66.864;130
68.864;130
70.864;130
72.864;130
74.864;130
76.864;130
78.864;130
81.064;130
83.064;130
85.064;130
87.064;130
89.064;130
91.064;130
93.264;130
95.264;130
97.264;130
99.264;130
101.264;130
103.264;130
105.264;130
107.264;130
109.264;130
111.264;130
113.264;130
115.464;130
117.464;130
119.464;130
121.464;130
123.464;130
125.664;130
127.664;130
129.664;130
131.664;130
133.664;130
135.664;130
137.664;130
139.864;130
141.864;130
143.864;130
145.864;130
147.864;130
149.864;130
151.864;130
153.864;130
155.864;130
158.064;130
160.064;130
162.064;130
164.064;130
166.064;130
168.064;130
170.064;130
172.064;130
174.064;130
176.064;130
178.264;304
180.464;304
182.464;304
184.464;304
186.464;304
188.464;304
190.464;304
192.464;304
194.464;304
196.464;304
198.464;304
200.464;304
202.464;304
204.464;304
206.464;304
208.464;304
210.464;304
212.464;304
214.464;304
216.464;304
218.464;304
220.464;304
222.464;304
224.464;304
226.464;304
228.464;304
230.464;304
232.464;304
234.464;304
236.464;304
238.464;304
240.464;304
242.664;304
244.664;304
246.664;304
248.664;304
250.864;304
252.864;304
254.864;304
256.864;304
258.864;304
260.864;304
262.864;304
265.064;304
267.064;304
269.064;304
271.064;304
273.064;304
275.064;304
277.064;304
279.064;304
281.064;304
283.264;304
285.264;304
287.464;304
289.464;304
291.464;304
293.464;304
295.464;304
297.464;304
299.464;304
301.464;304
303.464;304
305.464;304
307.464;304
309.664;304
311.664;304
313.864;304
315.864;304
317.864;304
319.864;304
322.064;304
324.064;304
326.064;304
328.064;304
330.264;304
332.464;304
334.664;304
336.664;304
338.664;304
340.664;304
342.664;304
344.664;304
346.664;304
348.664;304
350.664;304
352.664;304
354.664;304
356.664;304
358.664;304
360.864;304
362.864;304
364.864;304
366.864;304
368.864;304
370.864;304
372.864;304
375.064;304
377.264;304
379.264;304
381.264;304
383.264;304
385.264;304
387.264;304
389.264;304
391.264;304
393.264;304
395.264;304
397.264;304
399.264;304
401.264;304
403.264;304
405.264;304
407.264;304
409.264;304
411.264;304
413.464;304
415.464;304
417.464;304
419.464;304
421.464;304
423.464;304
425.464;304
427.664;304
429.664;304
431.664;304
433.864;304
435.864;304
437.864;304
439.864;304
441.864;304
443.864;304
445.864;304
447.864;304
449.864;304
451.864;304
453.864;304
455.864;304
457.864;304
460.064;304
462.064;304
464.064;304
466.064;304
468.064;304
470.064;304
472.064;304
474.064;304
476.064;304
478.064;304
480.064;304
482.064;304
484.064;304
486.264;304
488.264;304
490.264;304
492.464;304
494.464;304
496.464;304
498.464;304
500.464;304
502.464;304
504.464;304
506.664;304
508.664;304
510.664;304
512.664;304
514.664;304
516.664;304
518.864;304
521.064;304
523.064;304
525.264;304
527.264;304
529.264;304
531.264;304
533.264;304
535.264;304
537.264;304
539.264;304
541.464;304
543.664;304
545.664;304
547.664;304
549.664;304
551.664;304
553.664;304
555.664;304
557.664;304
559.864;304
561.864;304
563.864;304
565.864;304
567.864;304
569.864;304
571.864;304
573.864;304
575.864;304
577.864;304
579.864;304
582.064;304
584.064;304
586.264;304
588.264;304
590.264;304
592.264;304
594.264;304
596.264;304
598.264;304
600.264;304
602.464;304
604.464;304
606.464;304
608.464;304
610.464;304
612.464;304
614.464;304
616.664;304
618.664;304
620.664;304
622.664;304
624.664;304
626.664;304
628.664;304
630.664;304
632.664;304
634.664;304
636.864;304
638.864;304
640.864;304
642.864;304
645.064;304
647.064;304
649.064;304
651.064;304
653.064;304
655.264;304
657.264;304
659.264;304
661.264;304
663.264;304
665.264;304
667.264;304
669.264;304
671.264;304
673.264;304
675.464;304
677.464;304
679.464;304
681.464;304
683.464;304
685.464;304
687.464;304
689.464;304
691.464;304
693.464;304
695.464;304
697.464;304
699.664;304
701.664;304
703.664;304
705.664;304
707.664;304
709.664;304
711.664;304
713.664;304
715.664;304
717.664;304
719.664;304
721.664;304
723.664;304
725.664;304
727.664;304
729.864;304
731.864;304
733.864;304
735.864;304
737.864;304
739.864;304
741.864;304
743.864;304
745.864;304
747.864;304
749.864;304
751.864;304
754.064;304
756.064;304
758.064;304
760.264;304
762.264;304
764.464;304
766.464;304
768.464;304
770.464;304
772.464;304
774.464;304
776.464;304
778.464;304
780.464;304
782.464;304
784.464;304
786.464;304
788.464;304
790.464;304
792.464;304
794.464;304
796.464;304
798.464;304
800.464;304
802.464;304
804.464;304
806.664;304
808.864;304
810.864;304
812.864;304
814.864;304
816.864;304
818.864;304
820.864;304
822.864;304
824.864;304
826.864;304
828.864;304
831.064;304
833.064;304
835.064;304
837.064;304
839.064;304
841.064;304
843.064;304
845.064;304
847.064;304
849.064;304
851.064;304
853.064;304
855.064;304
857.064;304
859.064;304
861.064;304
863.064;304
865.064;304
867.064;304
869.064;304
871.064;304
873.264;304
875.264;304
877.264;304
879.264;304
881.264;304
883.264;304
885.464;304
887.464;304
889.464;304
891.664;304
893.664;304
895.664;304
897.664;304
899.864;304
901.864;304
903.864;304
905.864;304
907.864;304
910.064;304
912.064;304
914.264;519
916.464;519
918.464;519
920.464;519
922.464;519
924.464;519
926.464;519
928.464;519
930.464;519
932.464;519
934.464;519
936.464;519
938.464;519
940.464;519
942.464;519
944.464;519
946.464;519
948.664;519
950.864;519
952.864;519
954.864;519
956.864;519
958.864;519
960.864;519
962.864;519
964.864;519
966.864;519
969.064;519
971.064;519
973.064;519
975.064;519
977.064;519
979.064;519
981.064;519
983.064;519
985.064;519
987.264;519
989.264;519
991.264;519
993.264;519
995.464;519
997.464;519
999.464;519
1001.66;519
1003.66;519
1005.66;519
1007.66;519
1009.66;519
1011.66;519
1013.66;519
1015.66;519
1017.66;519
1019.86;519
1021.86;519
1024.06;519
1026.26;519
1028.26;519
1030.26;519
1032.26;519
1034.26;519
1036.26;519
1038.46;519
1040.46;519
1042.46;519
1044.46;519
1046.46;519
1048.46;519
1050.46;519
1052.46;519
1054.46;519
1056.46;519
1058.46;519
1060.46;519
1062.46;519
1064.46;519
1066.46;519
1068.66;519
1070.66;519
1072.66;519
1074.66;519
1076.66;519
1078.66;519
1080.86;519
1083.06;519
1085.06;519
1087.06;519
1089.06;519
1091.26;519
1093.26;519
1095.26;519
1097.26;519
1099.46;519
1101.66;519
1103.66;519
1105.86;519
1107.86;519
1109.86;519
1111.86;519
1113.86;519
1116.06;519
1118.06;519
1120.06;519
1122.06;519
1124.06;519
1126.06;519
1128.06;519
1130.06;519
1132.06;519
1134.06;519
1136.06;519
1138.06;519
1140.06;519
1142.06;519
1144.26;519
1146.46;519
1148.46;519
1150.46;519
1152.46;519
1154.46;519
1156.46;519
1158.46;519
1160.46;519
1162.46;519
1164.66;519
1166.66;519
1168.66;519
1170.66;519
1172.66;519
1174.66;519
1176.66;519
1178.66;519
1180.66;519
1182.66;519
1184.66;519
1186.66;519
1188.66;519
1190.66;519
1192.66;519
1194.66;519
1196.66;519
1198.66;519
1200.86;519
1202.86;519
1204.86;519
1206.86;519
1208.86;519
1210.86;519
1212.86;519
1214.86;519
1216.86;519
1218.86;519
1220.86;519
1222.86;519
1224.86;519
1226.86;519
1229.06;519
1231.06;519
1233.06;519
1235.06;519
1237.06;519
1239.06;519
1241.06;519
1243.26;519
1245.26;519
1247.26;519
1249.26;519
1251.26;519
1253.26;519
1255.26;519
1257.26;519
1259.26;519
1261.26;519
1263.26;519
1265.26;519
1267.26;519
1269.26;519
1271.26;519
1273.26;519
1275.46;519
1277.66;519
1279.66;519
1281.66;519
1283.66;519
1285.66;519
1287.66;519
1289.86;519
1292.06;519
1294.06;519
1296.06;519
1298.06;519
1300.06;519
1302.06;519
1304.26;519
1306.26;519
1308.26;519
1310.26;519
1312.26;519
1314.26;519
1316.26;519
1318.26;519
1320.26;519
1322.26;519
1324.26;519
1326.26;519
1328.26;519
1330.46;519
1332.46;519
1334.46;519
1336.46;519
1338.46;519
1340.46;519
1342.66;519
1344.66;519
1346.66;519
1348.66;519
1350.66;519
1352.86;519
1354.86;519
1356.86;519
1358.86;519
1360.86;519
1362.86;519
1365.06;519
1367.26;519
1369.26;519
1371.26;519
1373.26;519
1375.26;519
1377.46;519
1379.66;519
1381.66;519
1383.66;519
1385.66;519
1387.66;519
1389.66;519
1391.66;519
1393.66;519
1395.66;519
1397.86;519
1400.06;519
1402.06;519
1404.06;519
1406.06;519
1408.06;519
1410.06;519
1412.06;519
1414.06;519
1416.06;519
1418.06;519
1420.06;519
1422.06;519
1424.06;519
1426.06;519
1428.06;519
1430.06;519
1432.06;519
1434.26;519
1436.26;519
1438.26;519
1440.26;519
1442.26;519
1444.26;519
1446.26;519
1448.26;519
1450.26;519
1452.26;519
1454.26;519
1456.26;519
1458.26;519
1460.26;519
1462.46;519
1464.66;519
1466.66;519
1468.66;519
1470.66;519
1472.66;519
1474.86;519
1477.06;519
1479.26;519
1481.26;519
1483.26;519
1485.46;519
1487.46;519
1489.46;519
1491.46;519
1493.46;519
1495.46;519
1497.46;519
1499.46;519
1501.46;519
1503.46;519
1505.46;519
1507.46;519
1509.66;519
1511.66;519
1513.86;519
1516.06;519
1518.06;519
1520.26;519
1522.26;519
1524.26;519
1526.26;519
1528.26;519
1530.26;519
1532.26;519
1534.46;519
1536.46;519
1538.66;519
1540.66;519
1542.66;519
1544.66;519
1546.66;519
1548.86;519
1550.86;519
1552.86;519
1554.86;519
1556.86;519
1558.86;519
1561.06;519
1563.06;519
1565.06;519
1567.06;519
1569.06;519
1571.06;519
1573.06;519
1575.06;519
1577.06;519
1579.06;519
1581.06;519
1583.06;519
1585.06;519
1587.06;519
1589.06;519
1591.06;519
1593.06;519
1595.26;519
1597.26;519
1599.46;519
1601.66;519
1603.66;519
1605.66;519
1607.66;519
1609.66;519
1611.66;519
1613.86;519
1615.86;519
1617.86;519
1619.86;519
1622.06;519
1624.06;519
1626.06;519
1628.26;519
1630.26;519
1632.26;519
1634.26;519
1636.26;519
1638.46;519
1640.66;519
1642.66;519
1644.66;519
1646.66;519
1648.66;519
1650.86;519
1652.86;519
1654.86;519
1656.86;519
1658.86;519
1660.86;519
1662.86;519
1664.86;519
1666.86;519
1668.86;519
1670.86;519
1672.86;519
1674.86;519
1676.86;519
1678.86;519
1680.86;519
1683.06;519
1685.06;519
1687.06;519
1689.06;519
1691.06;519
1693.06;519
1695.06;519
1697.06;519
1699.06;519
1701.06;519
1703.06;519
1705.06;519
1707.06;519
1709.06;519
1711.06;519
1713.06;519
1715.26;519
1717.26;519
1719.26;519
1721.26;519
1723.26;519
1725.26;519
1727.26;519
1729.46;519
1731.46;519
1733.46;519
1735.46;519
1737.46;519
1739.46;519
1741.66;519
1743.66;519
1745.66;519
1747.66;519
1749.66;519
1751.66;519
1753.66;519
1755.66;519
1757.66;519
1759.66;519
1761.66;519
1763.86;519
1765.86;519
1767.86;519
1769.86;519
1771.86;519
1773.86;519
1775.86;519
1777.86;519
1779.86;519
1781.86;519
1784.06;519
1786.06;519
1788.06;519
1790.06;519
1792.06;519
1794.06;519
1796.06;519
