#	X	Y
2.19802;257
4.39801;257
6.39801;257
8.39801;257
10.398;257
12.398;257
14.398;257
16.398;257
18.398;257
20.398;257
22.398;257
24.398;257
26.398;257
28.398;257
30.398;257
32.398;257
34.398;257
36.398;257
38.398;257
40.598;257
42.598;257
44.598;257
46.598;257
48.598;257
50.598;257
52.598;257
54.598;257
56.598;257
58.798;257
60.798;257
62.798;257
64.798;257
66.798;257
68.798;257
70.998;257
72.998;257
74.998;257
76.998;257
78.998;257
80.998;257
82.998;257
84.998;257
86.998;257
88.998;257
90.998;257
92.998;257
95.198;257
97.198;257
99.198;257
101.198;257
103.198;257
105.198;257
107.198;257
109.198;257
111.198;257
113.198;257
115.198;257
117.398;257
119.398;257
121.398;257
123.398;257
125.398;257
127.598;257
129.598;257
131.598;257
133.598;257
135.598;257
137.598;257
139.598;257
141.598;257
143.598;257
145.598;257
147.598;257
149.598;257
151.598;257
153.598;257
155.798;257
157.798;257
159.798;257
161.798;257
163.798;257
165.998;257
167.998;257
169.998;257
171.998;257
173.998;257
176.198;599
178.198;599
180.198;599
182.198;599
184.198;599
186.198;599
188.198;599
190.198;599
192.198;599
194.198;599
196.398;599
198.398;599
200.398;599
202.398;599
204.398;599
206.398;599
208.398;599
210.398;599
212.398;599
214.398;599
216.398;599
218.398;599
220.398;599
222.398;599
224.398;599
226.398;599
228.398;599
230.398;599
232.398;599
234.598;599
236.598;599
238.598;599
240.598;599
242.598;599
244.598;599
246.598;599
248.598;599
250.598;599
252.598;599
254.598;599
256.598;599
258.598;599
260.598;599
262.598;599
264.598;599
266.598;599
268.598;599
270.598;599
272.798;599
274.798;599
276.798;599
278.798;599
280.798;599
282.998;599
285.198;599
287.398;599
289.398;599
291.398;599
293.398;599
295.398;599
297.398;599
299.398;599
301.398;599
303.398;599
305.398;599
307.598;599
309.598;599
311.598;599
313.598;599
315.598;599
317.598;599
319.598;599
321.598;599
323.598;599
325.598;599
327.598;599
329.798;599
331.798;599
333.798;599
335.998;599
337.998;599
339.998;599
341.998;599
343.998;599
345.998;599
347.998;599
349.998;599
351.998;599
353.998;599
355.998;599
358.198;599
360.198;599
362.398;599
364.598;599
366.598;599
368.598;599
370.598;599
372.598;599
374.598;599
376.598;599
378.598;599
380.598;599
382.598;599
384.598;599
386.598;599
388.598;599
390.598;599
392.598;599
394.598;599
396.598;599
398.598;599
400.598;599
402.598;599
404.598;599
406.598;599
408.798;599
410.798;599
412.798;599
414.998;599
416.998;599
418.998;599
421.198;599
423.198;599
425.198;599
427.398;599
429.398;599
431.398;599
433.598;599
435.598;599
437.598;599
439.598;599
441.598;599
443.598;599
445.798;599
447.798;599
449.798;599
451.798;599
453.798;599
455.798;599
457.798;599
459.998;599
461.998;599
463.998;599
465.998;599
467.998;599
469.998;599
472.198;599
474.198;599
476.198;599
478.198;599
480.198;599
482.198;599
484.198;599
486.198;599
488.198;599
490.198;599
492.198;599
494.198;599
496.198;599
498.198;599
500.198;599
502.198;599
504.198;599
506.198;599
508.198;599
510.198;599
512.198;599
514.198;599
516.198;599
518.398;599
520.398;599
522.398;599
524.598;599
526.598;599
528.598;599
530.798;599
532.798;599
534.798;599
536.998;599
538.998;599
540.998;599
542.998;599
545.198;599
547.198;599
549.198;599
551.398;599
553.398;599
555.398;599
557.398;599
559.398;599
561.398;599
563.398;599
565.398;599
567.398;599
569.398;599
571.598;599
573.798;599
575.798;599
577.998;599
579.998;599
581.998;599
583.998;599
585.998;599
588.198;599
590.198;599
592.198;599
594.198;599
596.398;599
598.398;599
600.398;599
602.398;599
604.398;599
606.398;599
608.398;599
610.598;599
612.598;599
614.598;599
616.598;599
618.598;599
620.598;599
622.598;599
624.598;599
626.598;599
628.598;599
630.598;599
632.598;599
634.598;599
636.598;599
638.598;599
640.598;599
642.598;599
644.598;599
646.598;599
648.598;599
650.598;599
652.598;599
654.598;599
656.798;599
658.798;599
660.798;599
662.798;599
664.798;599
666.798;599
668.798;599
670.798;599
672.998;599
674.998;599
676.998;599
678.998;599
680.998;599
682.998;599
684.998;599
686.998;599
688.998;599
690.998;599
692.998;599
694.998;599
696.998;599
698.998;599
701.198;599
703.198;599
705.198;599
707.198;599
709.198;599
711.198;599
713.198;599
715.398;599
717.398;599
719.398;599
721.398;599
723.398;599
725.598;599
727.598;599
729.598;599
731.598;599
733.598;599
735.598;599
737.598;599
739.598;599
741.598;599
743.598;599
745.598;599
747.598;599
749.598;599
751.598;599
753.598;599
755.598;599
757.598;599
759.798;599
761.798;599
763.798;599
765.798;599
767.798;599
769.798;599
771.798;599
773.798;599
775.798;599
777.798;599
779.798;599
781.798;599
783.798;599
785.798;599
787.798;599
789.998;599
792.198;599
794.198;599
796.198;599
798.398;599
800.398;599
802.398;599
804.398;599
806.398;599
808.398;599
810.398;599
812.398;599
814.398;599
816.398;599
818.398;599
820.398;599
822.398;599
824.398;599
826.398;599
828.598;599
830.598;599
832.598;599
834.598;599
836.598;599
838.598;599
840.598;599
842.598;599
844.598;599
846.798;599
848.798;599
850.798;599
852.798;599
854.798;599
856.798;599
858.798;599
860.798;599
862.798;599
864.798;599
866.798;599
868.798;599
870.798;599
872.798;599
874.798;599
876.798;599
878.798;599
880.798;599
882.798;599
884.798;599
886.798;599
888.798;599
890.798;599
892.798;599
894.798;599
896.798;599
898.798;599
900.798;599
902.798;599
904.798;599
906.798;599
908.798;599
910.798;599
912.798;389
914.798;389
916.798;389
918.798;389
920.998;389
922.998;389
924.998;389
927.198;389
929.198;389
931.198;389
933.198;389
935.198;389
937.198;389
939.198;389
941.198;389
943.398;389
945.398;389
947.398;389
949.398;389
951.398;389
953.598;389
955.598;389
957.598;389
959.798;389
961.798;389
963.798;389
965.798;389
967.798;389
969.798;389
971.798;389
973.798;389
975.798;389
977.998;389
979.998;389
981.998;389
983.998;389
985.998;389
987.998;389
989.998;389
992.198;389
994.198;389
996.198;389
998.198;389
1000.2;389
1002.4;389
1004.4;389
1006.6;389
1008.6;389
1010.8;389
1012.8;389
1014.8;389
1016.8;389
1018.8;389
1020.8;389
1022.8;389
1024.8;389
1026.8;389
1028.8;389
1030.8;389
1033;389
1035;389
1037;389
1039;389
1041;389
1043;389
1045;389
1047;389
1049;389
1051;389
1053;389
1055.2;389
1057.2;389
1059.4;389
1061.4;389
1063.4;389
1065.4;389
1067.6;389
1069.6;389
1071.6;389
1073.6;389
1075.6;389
1077.6;389
1079.6;389
1081.8;389
1083.8;389
1085.8;389
1087.8;389
1089.8;389
1091.8;389
1093.8;389
1096;389
1098;389
1100;389
1102;389
1104.2;389
1106.2;389
1108.2;389
1110.2;389
1112.2;389
1114.4;389
1116.4;389
1118.4;389
1120.4;389
1122.4;389
1124.4;389
1126.4;389
1128.6;389
1130.6;389
1132.6;389
1134.6;389
1136.6;389
1138.8;389
1140.8;389
1142.8;389
1144.8;389
1146.8;389
1148.8;389
1150.8;389
1152.8;389
1154.8;389
1156.8;389
1158.8;389
1160.8;389
1162.8;389
1164.8;389
1166.8;389
1168.8;389
1170.8;389
1173;389
1175;389
1177;389
1179;389
1181;389
1183;389
1185;389
1187;389
1189;389
1191;389
1193;389
1195.2;389
1197.2;389
1199.2;389
1201.2;389
1203.2;389
1205.2;389
1207.2;389
1209.2;389
1211.2;389
1213.2;389
1215.2;389
1217.2;389
1219.2;389
1221.2;389
1223.2;389
1225.4;389
1227.4;389
1229.4;389
1231.4;389
1233.4;389
1235.4;389
1237.4;389
1239.6;389
1241.6;389
1243.6;389
1245.6;389
1247.6;389
1249.8;389
1251.8;389
1253.8;389
1255.8;389
1257.8;389
1260;389
1262;389
1264;389
1266;389
1268;389
1270;389
1272;389
1274;389
1276.2;389
1278.2;389
1280.2;389
1282.4;389
1284.4;389
1286.4;389
1288.4;389
1290.4;389
1292.4;389
1294.4;389
1296.4;389
1298.6;389
1300.6;389
1302.8;389
1304.8;389
1306.8;389
1308.8;389
1310.8;389
1313;389
1315;389
1317;389
1319.2;389
1321.2;389
1323.2;389
1325.2;389
1327.4;389
1329.4;389
1331.4;389
1333.6;389
1335.8;389
1337.8;389
1339.8;389
1341.8;389
1343.8;389
1346;389
1348;389
1350;389
1352;389
1354.2;389
1356.2;389
1358.2;389
1360.4;389
1362.4;389
1364.4;389
1366.6;389
1368.6;389
1370.8;389
1372.8;389
1374.8;389
1376.8;389
1378.8;389
1380.8;389
1382.8;389
1384.8;389
1386.8;389
1388.8;389
1390.8;389
1392.8;389
1394.8;389
1396.8;389
1398.8;389
1400.8;389
1402.8;389
1404.8;389
1406.8;389
1408.8;389
1410.8;389
1412.8;389
1414.8;389
1416.8;389
1419;389
1421;389
1423;389
1425.2;389
1427.2;389
1429.2;389
1431.2;389
1433.2;389
1435.4;389
1437.4;389
1439.4;389
1441.4;389
1443.4;389
1445.6;389
1447.6;389
1449.6;389
1451.6;389
1453.8;389
1455.8;389
1457.8;389
1459.8;389
1461.8;389
1463.8;389
1466;389
1468.2;389
1470.2;389
1472.2;389
1474.4;389
1476.4;389
1478.6;389
1480.6;389
1482.6;389
1484.6;389
1486.6;389
1488.8;389
1491;389
1493;389
1495.2;389
1497.4;389
1499.4;389
1501.4;389
1503.4;389
1505.6;389
1507.6;389
1509.6;389
1511.8;389
1513.8;389
1515.8;389
1517.8;389
1519.8;389
1521.8;389
1523.8;389
1526;389
1528;389
1530;389
1532;389
1534;389
1536;389
1538.2;389
1540.4;389
1542.6;389
1544.6;389
1546.6;389
1548.6;389
1550.6;389
1552.6;389
1554.8;389
1556.8;389
1558.8;389
1560.8;389
1562.8;389
1565;389
1567;389
1569;389
1571;389
1573;389
1575;389
1577;389
1579;389
1581;389
1583;389
1585;389
1587;389
1589;389
1591;389
1593;389
1595;389
1597;389
1599;389
1601;389
1603;389
1605;389
1607.2;389
1609.2;389
1611.2;389
1613.2;389
1615.2;389
1617.2;389
1619.2;389
1621.2;389
1623.2;389
1625.2;389
1627.2;389
1629.2;389
1631.2;389
1633.2;389
1635.2;389
1637.2;389
1639.2;389
1641.4;389
1643.4;389
1645.4;389
1647.4;389
1649.4;389
1651.4;389
1653.4;389
1655.6;389
1657.6;389
1659.6;389
1661.6;389
1663.6;389
1665.6;389
1667.8;389
1669.8;389
1671.8;389
1673.8;389
1675.8;389
1677.8;389
1679.8;389
1681.8;389
1684;389
1686;389
1688;389
1690;389
1692;389
1694;389
1696.2;389
1698.2;389
1700.4;389
1702.4;389
1704.4;389
1706.4;389
1708.4;389
1710.4;389
1712.4;389
1714.4;389
1716.4;389
1718.4;389
1720.4;389
1722.6;389
1724.8;389
1726.8;389
1728.8;389
1730.8;389
1732.8;389
1735;389
1737;389
1739;389
1741;389
1743.2;389
1745.2;389
1747.2;389
1749.2;389
1751.2;389
1753.2;389
1755.2;389
1757.4;389
1759.4;389
1761.4;389
1763.4;389
1765.4;389
1767.4;389
1769.4;389
1771.4;389
1773.4;389
1775.6;389
1777.6;389
1779.6;389
1781.6;389
1783.6;389
1785.6;389
1787.6;389
1789.6;389
1791.6;389
1793.6;389
1795.8;389
1797.8;389
