#	X	Y
2.25802;95
4.25801;95
6.25801;95
8.25801;95
10.458;95
12.458;95
14.458;95
16.458;95
18.458;95
20.658;95
22.658;95
24.658;95
26.658;95
28.858;95
30.858;95
32.858;95
34.858;95
36.858;95
38.858;95
40.858;95
42.858;95
44.858;95
46.858;95
48.858;95
50.858;95
53.058;95
55.058;95
57.058;95
59.058;95
61.058;95
63.058;95
65.058;95
67.258;95
69.258;95
71.258;95
73.258;95
75.258;95
77.258;95
79.258;95
81.258;95
83.258;95
85.258;95
87.258;95
89.258;95
91.458;95
93.458;95
95.658;95
97.658;95
99.658;95
101.858;95
103.858;95
105.858;95
107.858;95
109.858;95
112.058;95
114.058;95
116.058;95
118.058;95
120.058;95
122.058;95
124.058;95
126.058;95
128.058;95
130.058;95
132.058;95
134.058;95
136.058;95
138.058;95
140.058;95
142.058;95
144.058;95
146.058;95
148.058;95
150.058;95
152.058;95
154.058;95
156.058;95
158.258;149
160.258;149
162.258;149
164.258;149
166.258;149
168.258;149
170.258;149
172.258;149
174.258;149
176.258;149
178.258;149
180.258;149
182.258;149
184.458;149
186.458;149
188.458;149
190.458;149
192.458;149
194.458;149
196.458;149
198.458;149
200.658;149
202.658;149
204.658;149
206.658;149
208.658;149
210.658;149
212.658;149
214.658;149
216.658;149
218.858;149
220.858;149
222.858;149
224.858;149
227.058;149
229.058;149
231.058;149
233.058;149
235.258;149
237.258;149
239.258;149
241.258;149
243.258;149
245.258;149
247.258;149
249.258;149
251.258;149
253.458;149
255.458;149
257.458;149
259.658;149
261.858;149
263.858;149
265.858;149
268.058;149
270.058;149
272.058;149
274.058;149
276.058;149
278.058;149
280.258;149
282.258;149
284.258;149
286.258;149
288.258;149
290.258;149
292.258;149
294.258;149
296.258;149
298.258;149
300.258;149
302.258;149
304.258;149
306.258;149
308.258;149
310.258;149
312.258;149
314.258;149
316.258;149
318.258;149
320.258;149
322.258;149
324.458;149
326.458;149
328.458;149
330.458;149
332.458;149
334.458;149
336.458;149
338.458;149
340.458;149
342.458;149
344.458;149
346.458;149
348.458;149
350.458;149
352.458;149
354.658;149
356.658;149
358.658;149
360.658;149
362.658;149
364.658;149
366.658;149
368.658;149
370.658;149
372.658;149
374.658;149
376.858;149
378.858;149
380.858;149
383.058;149
385.058;149
387.058;149
389.058;149
391.058;149
393.058;149
395.058;149
397.058;149
399.058;149
401.058;149
403.058;149
405.258;149
407.258;149
409.258;149
411.258;149
413.258;149
415.258;149
417.258;149
419.258;149
421.258;149
423.258;149
425.258;149
427.258;149
429.258;149
431.458;149
433.458;149
435.458;149
437.458;149
439.658;149
441.658;149
443.658;149
445.658;149
447.858;149
450.058;149
452.058;149
454.058;149
456.058;149
458.058;149
460.058;149
462.058;149
464.058;149
466.058;149
468.058;149
470.058;149
472.058;149
474.058;149
476.058;149
478.058;149
480.258;149
482.258;149
484.258;149
486.458;149
488.458;149
490.458;149
492.458;149
494.458;149
496.458;149
498.458;149
500.658;149
502.658;149
504.658;149
506.658;149
508.658;149
510.858;149
512.858;149
514.858;149
516.858;149
518.858;149
520.858;149
522.858;149
524.858;149
527.058;149
529.058;149
531.258;149
533.258;149
535.258;149
537.258;149
539.258;149
541.258;149
543.458;149
545.458;149
547.458;149
549.458;149
551.458;149
553.458;149
555.458;149
557.658;149
559.658;149
561.858;149
563.858;149
565.858;149
568.058;149
570.058;149
572.058;149
574.258;149
576.458;149
578.458;149
580.458;149
582.658;149
584.658;149
586.658;149
588.658;149
590.658;149
592.658;149
594.658;149
596.658;149
598.658;149
600.658;149
602.658;149
604.658;149
606.658;149
608.658;149
610.658;149
612.658;149
614.658;149
616.658;149
618.658;149
620.658;149
622.658;149
624.858;149
626.858;149
628.858;149
630.858;149
632.858;149
634.858;149
636.858;149
638.858;149
640.858;149
642.858;149
644.858;149
646.858;149
648.858;149
651.058;149
653.058;149
655.058;149
657.058;149
659.058;149
661.058;149
663.258;149
665.258;149
667.258;149
669.258;149
671.258;149
673.258;149
675.258;149
677.258;149
679.258;149
681.258;149
683.258;149
685.258;149
687.258;149
689.258;149
691.258;149
693.258;149
695.458;149
697.458;149
699.458;149
701.458;149
703.458;149
705.458;149
707.658;149
709.658;149
711.858;149
713.858;149
715.858;149
717.858;149
719.858;149
721.858;149
723.858;149
725.858;149
727.858;149
729.858;149
731.858;149
733.858;149
735.858;149
737.858;149
739.858;149
741.858;149
743.858;149
745.858;149
747.858;149
749.858;149
751.858;149
753.858;149
755.858;149
757.858;149
759.858;149
761.858;149
763.858;149
766.058;149
768.058;149
770.058;149
772.058;149
774.058;149
776.058;149
778.058;149
780.058;149
782.058;149
784.258;149
786.258;149
788.258;149
790.258;149
792.258;149
794.258;149
796.258;149
798.258;149
800.258;149
802.258;149
804.458;149
806.458;149
808.458;149
810.458;149
812.458;149
814.458;149
816.458;149
818.458;149
820.658;149
822.658;149
824.658;149
826.658;149
828.658;149
830.658;149
832.658;149
834.658;149
836.658;149
838.658;149
840.658;149
842.658;149
844.658;149
846.658;149
848.658;149
850.658;149
852.858;149
854.858;149
856.858;149
858.858;149
860.858;149
862.858;149
865.058;149
867.058;149
869.058;149
871.058;149
873.058;149
875.058;149
877.058;149
879.058;149
881.058;149
883.058;149
885.058;149
887.058;149
889.258;149
891.458;149
893.658;149
895.858;149
898.058;149
900.058;149
902.258;149
904.258;149
906.258;149
908.258;149
910.258;149
912.458;149
914.658;151
916.658;151
918.658;151
920.658;151
922.658;151
924.658;151
926.658;151
928.858;151
930.858;151
933.058;151
935.058;151
937.058;151
939.058;151
941.058;151
943.058;151
945.058;151
947.058;151
949.058;151
951.258;151
953.258;151
955.258;151
957.258;151
959.258;151
961.458;151
963.458;151
965.458;151
967.458;151
969.458;151
971.458;151
973.458;151
975.458;151
977.458;151
979.458;151
981.458;151
983.658;151
985.658;151
987.658;151
989.658;151
991.658;151
993.658;151
995.658;151
997.658;151
999.658;151
1001.66;151
1003.66;151
1005.66;151
1007.66;151
1009.66;151
1011.86;151
1013.86;151
1015.86;151
1017.86;151
1019.86;151
1021.86;151
1023.86;151
1025.86;151
1027.86;151
1029.86;151
1031.86;151
1033.86;151
1036.06;151
1038.06;151
1040.06;151
1042.06;151
1044.06;151
1046.26;151
1048.26;151
1050.26;151
1052.26;151
1054.26;151
1056.26;151
1058.26;151
1060.26;151
1062.46;151
1064.46;151
1066.46;151
1068.46;151
1070.46;151
1072.46;151
1074.46;151
1076.66;151
1078.66;151
1080.66;151
1082.66;151
1084.66;151
1086.66;151
1088.66;151
1090.86;151
1092.86;151
1094.86;151
1096.86;151
1098.86;151
1100.86;151
1102.86;151
1105.06;151
1107.06;151
1109.06;151
1111.06;151
1113.06;151
1115.06;151
1117.06;151
1119.06;151
1121.06;151
1123.06;151
1125.06;151
1127.06;151
1129.06;151
1131.06;151
1133.06;151
1135.06;151
1137.06;151
1139.06;151
1141.06;151
1143.06;151
1145.06;151
1147.06;151
1149.26;151
1151.26;151
1153.26;151
1155.26;151
1157.46;151
1159.46;151
1161.46;151
1163.46;151
1165.46;151
1167.66;151
1169.86;151
1171.86;151
1173.86;151
1176.06;151
1178.06;151
1180.06;151
1182.06;151
1184.26;151
1186.26;151
1188.26;151
1190.26;151
1192.26;151
1194.26;151
1196.26;151
1198.26;151
1200.26;151
1202.26;151
1204.26;151
1206.26;151
1208.26;151
1210.26;151
1212.26;151
1214.26;151
1216.46;151
1218.46;151
1220.46;151
1222.66;151
1224.86;151
1226.86;151
1228.86;151
1230.86;151
1232.86;151
1234.86;151
1237.06;151
1239.06;151
1241.06;151
1243.06;151
1245.06;151
1247.06;151
1249.06;151
1251.06;151
1253.06;151
1255.06;151
1257.06;151
1259.06;151
1261.06;151
1263.06;151
1265.06;151
1267.06;151
1269.06;151
1271.26;151
1273.26;151
1275.26;151
1277.26;151
1279.26;151
1281.26;151
1283.26;151
1285.26;151
1287.46;151
1289.46;151
1291.46;151
1293.66;151
1295.66;151
1297.66;151
1299.86;151
1301.86;151
1303.86;151
1305.86;151
1307.86;151
1309.86;151
1311.86;151
1313.86;151
1315.86;151
1317.86;151
1319.86;151
1321.86;151
1323.86;151
1325.86;151
1327.86;151
1329.86;151
1331.86;151
1333.86;151
1335.86;151
1337.86;151
1339.86;151
1341.86;151
1343.86;151
1345.86;151
1347.86;151
1349.86;151
1352.06;151
1354.06;151
1356.06;151
1358.06;151
1360.06;151
1362.06;151
1364.26;151
1366.26;151
1368.26;151
1370.26;151
1372.26;151
1374.26;151
1376.46;151
1378.46;151
1380.46;151
1382.66;151
1384.66;151
1386.66;151
1388.66;151
1390.66;151
1392.66;151
1394.66;151
1396.66;151
1398.66;151
1400.86;151
1402.86;151
1404.86;151
1406.86;151
1409.06;151
1411.06;151
1413.26;151
1415.26;151
1417.26;151
1419.26;151
1421.26;151
1423.26;151
1425.46;151
1427.46;151
1429.46;151
1431.46;151
1433.46;151
1435.46;151
1437.46;151
1439.66;151
1441.66;151
1443.66;151
1445.66;151
1447.86;151
1449.86;151
1451.86;151
1454.06;151
1456.06;151
1458.06;151
1460.06;151
1462.06;151
1464.26;151
1466.46;151
1468.46;151
1470.46;151
1472.46;151
1474.46;151
1476.46;151
1478.46;151
1480.46;151
1482.46;151
1484.46;151
1486.46;151
1488.66;151
1490.66;151
1492.66;151
1494.66;151
1496.66;151
1498.66;151
1500.66;151
1502.66;151
1504.66;151
1506.66;151
1508.66;151
1510.66;151
1512.66;151
1514.66;151
1516.66;151
1518.86;151
1520.86;151
1522.86;151
1524.86;151
1526.86;151
1529.06;151
1531.06;151
1533.06;151
1535.06;151
1537.06;151
1539.06;151
1541.06;151
1543.26;151
1545.26;151
1547.26;151
1549.26;151
1551.46;151
1553.46;151
1555.46;151
1557.46;151
1559.46;151
1561.66;151
1563.66;151
1565.66;151
1567.66;151
1569.66;151
1571.66;151
1573.66;151
1575.66;151
1577.66;151
1579.66;151
1581.66;151
1583.66;151
1585.66;151
1587.86;151
1589.86;151
1591.86;151
1593.86;151
1595.86;151
1597.86;151
1599.86;151
1601.86;151
1603.86;151
1605.86;151
1607.86;151
1609.86;151
1611.86;151
1614.06;151
1616.06;151
1618.06;151
1620.06;151
1622.06;151
1624.26;151
1626.46;151
1628.46;151
1630.46;151
1632.66;151
1634.66;151
1636.66;151
1638.66;151
1640.66;151
1642.66;151
1644.66;151
1646.66;151
1648.66;151
1650.66;151
1652.66;151
1654.66;151
1656.66;151
1658.66;151
1660.66;151
1662.86;151
1664.86;151
1666.86;151
1668.86;151
1670.86;151
1673.06;151
1675.06;151
1677.06;151
1679.06;151
1681.06;151
1683.26;151
1685.26;151
1687.26;151
1689.26;151
1691.26;151
1693.26;151
1695.26;151
1697.26;151
1699.26;151
1701.26;151
1703.26;151
1705.26;151
1707.26;151
1709.26;151
1711.46;151
1713.46;151
1715.46;151
1717.46;151
1719.46;151
1721.46;151
1723.46;151
1725.46;151
1727.66;151
1729.66;151
1731.66;151
1733.66;151
1735.66;151
1737.66;151
1739.66;151
1741.66;151
1743.66;151
1745.66;151
1747.66;151
1749.66;151
1751.66;151
1753.66;151
1755.86;151
1758.06;151
1760.06;151
1762.06;151
1764.06;151
1766.06;151
1768.06;151
1770.06;151
1772.06;151
1774.06;151
1776.06;151
1778.26;151
1780.26;151
1782.26;151
1784.46;151
1786.46;151
1788.46;151
1790.46;151
1792.46;151
1794.46;151
1796.46;151
