#	X	Y
2.20602;204
4.40601;204
6.40601;204
8.40601;204
10.406;204
12.406;204
14.406;204
16.406;204
18.406;204
20.406;204
22.406;204
24.406;204
26.406;204
28.406;204
30.406;204
32.406;204
34.406;204
36.406;204
38.406;204
40.606;204
42.606;204
44.606;204
46.606;204
48.606;204
50.606;204
52.606;204
54.606;204
56.606;204
58.806;204
60.806;204
62.806;204
64.806;204
66.806;204
68.806;204
71.006;204
73.006;204
75.006;204
77.006;204
79.006;204
81.006;204
83.006;204
85.006;204
87.006;204
89.006;204
91.006;204
93.006;204
95.206;204
97.206;204
99.206;204
101.206;204
103.206;204
105.206;204
107.206;204
109.206;204
111.206;204
113.206;204
115.206;204
117.406;204
119.406;204
121.406;204
123.406;204
125.406;204
127.606;204
129.606;204
131.606;204
133.606;204
135.606;204
137.606;204
139.606;204
141.606;204
143.606;204
145.606;204
147.606;204
149.606;204
151.606;204
153.606;204
155.806;204
157.806;204
159.806;204
161.806;204
163.806;204
166.006;204
168.006;204
170.006;204
172.006;204
174.006;204
176.206;516
178.206;516
180.206;516
182.206;516
184.206;516
186.206;516
188.206;516
190.206;516
192.206;516
194.206;516
196.406;516
198.406;516
200.406;516
202.406;516
204.406;516
206.406;516
208.406;516
210.406;516
212.406;516
214.406;516
216.406;516
218.406;516
220.406;516
222.406;516
224.406;516
226.406;516
228.406;516
230.406;516
232.406;516
234.606;516
236.606;516
238.606;516
240.606;516
242.606;516
244.606;516
246.606;516
248.606;516
250.606;516
252.606;516
254.606;516
256.606;516
258.606;516
260.606;516
262.606;516
264.606;516
266.606;516
268.606;516
270.606;516
272.806;516
274.806;516
276.806;516
278.806;516
280.806;516
283.006;516
285.206;516
287.406;516
289.406;516
291.406;516
293.406;516
295.406;516
297.406;516
299.406;516
301.406;516
303.406;516
305.406;516
307.606;516
309.606;516
311.606;516
313.606;516
315.606;516
317.606;516
319.606;516
321.606;516
323.606;516
325.606;516
327.606;516
329.806;516
331.806;516
333.806;516
336.006;516
338.006;516
340.006;516
342.006;516
344.006;516
346.006;516
348.006;516
350.006;516
352.006;516
354.006;516
356.006;516
358.206;516
360.206;516
362.406;516
364.606;516
366.606;516
368.606;516
370.606;516
372.606;516
374.606;516
376.606;516
378.606;516
380.606;516
382.606;516
384.606;516
386.606;516
388.606;516
390.606;516
392.606;516
394.606;516
396.606;516
398.606;516
400.606;516
402.606;516
404.606;516
406.606;516
408.806;516
410.806;516
412.806;516
415.006;516
417.006;516
419.006;516
421.206;516
423.206;516
425.206;516
427.406;516
429.406;516
431.406;516
433.606;516
435.606;516
437.606;516
439.606;516
441.606;516
443.606;516
445.806;516
447.806;516
449.806;516
451.806;516
453.806;516
455.806;516
457.806;516
460.006;516
462.006;516
464.006;516
466.006;516
468.006;516
470.006;516
472.206;516
474.206;516
476.206;516
478.206;516
480.206;516
482.206;516
484.206;516
486.206;516
488.206;516
490.206;516
492.206;516
494.206;516
496.206;516
498.206;516
500.206;516
502.206;516
504.206;516
506.206;516
508.206;516
510.206;516
512.206;516
514.206;516
516.206;516
518.406;516
520.406;516
522.406;516
524.606;516
526.606;516
528.606;516
530.806;516
532.806;516
534.806;516
537.006;516
539.006;516
541.006;516
543.006;516
545.206;516
547.206;516
549.206;516
551.406;516
553.406;516
555.406;516
557.406;516
559.406;516
561.406;516
563.406;516
565.406;516
567.406;516
569.406;516
571.606;516
573.806;516
575.806;516
578.006;516
580.006;516
582.006;516
584.006;516
586.006;516
588.206;516
590.206;516
592.206;516
594.206;516
596.406;516
598.406;516
600.406;516
602.406;516
604.406;516
606.406;516
608.406;516
610.606;516
612.606;516
614.606;516
616.606;516
618.606;516
620.606;516
622.606;516
624.606;516
626.606;516
628.606;516
630.606;516
632.606;516
634.606;516
636.606;516
638.606;516
640.606;516
642.606;516
644.606;516
646.606;516
648.606;516
650.606;516
652.606;516
654.606;516
656.806;516
658.806;516
660.806;516
662.806;516
664.806;516
666.806;516
668.806;516
670.806;516
673.006;516
675.006;516
677.006;516
679.006;516
681.006;516
683.006;516
685.006;516
687.006;516
689.006;516
691.006;516
693.006;516
695.006;516
697.006;516
699.006;516
701.206;516
703.206;516
705.206;516
707.206;516
709.206;516
711.206;516
713.206;516
715.406;516
717.406;516
719.406;516
721.406;516
723.406;516
725.606;516
727.606;516
729.606;516
731.606;516
733.606;516
735.606;516
737.606;516
739.606;516
741.606;516
743.606;516
745.606;516
747.606;516
749.606;516
751.606;516
753.606;516
755.606;516
757.606;516
759.806;516
761.806;516
763.806;516
765.806;516
767.806;516
769.806;516
771.806;516
773.806;516
775.806;516
777.806;516
779.806;516
781.806;516
783.806;516
785.806;516
787.806;516
790.006;516
792.206;516
794.206;516
796.206;516
798.406;516
800.406;516
802.406;516
804.406;516
806.406;516
808.406;516
810.406;516
812.406;516
814.406;516
816.406;516
818.406;516
820.406;516
822.406;516
824.406;516
826.406;516
828.606;516
830.606;516
832.606;516
834.606;516
836.606;516
838.606;516
840.606;516
842.606;516
844.606;516
846.806;516
848.806;516
850.806;516
852.806;516
854.806;516
856.806;516
858.806;516
860.806;516
862.806;516
864.806;516
866.806;516
868.806;516
870.806;516
872.806;516
874.806;516
876.806;516
878.806;516
880.806;516
882.806;516
884.806;516
886.806;516
888.806;516
890.806;516
892.806;516
894.806;516
896.806;516
898.806;516
900.806;516
902.806;516
904.806;516
906.806;516
908.806;516
910.806;516
912.806;320
914.806;320
916.806;320
918.806;320
921.006;320
923.006;320
925.006;320
927.206;320
929.206;320
931.206;320
933.206;320
935.206;320
937.206;320
939.206;320
941.206;320
943.406;320
945.406;320
947.406;320
949.406;320
951.406;320
953.606;320
955.606;320
957.606;320
959.806;320
961.806;320
963.806;320
965.806;320
967.806;320
969.806;320
971.806;320
973.806;320
975.806;320
978.006;320
980.006;320
982.006;320
984.006;320
986.006;320
988.006;320
990.006;320
992.206;320
994.206;320
996.206;320
998.206;320
1000.21;320
1002.41;320
1004.41;320
1006.61;320
1008.61;320
1010.81;320
1012.81;320
1014.81;320
1016.81;320
1018.81;320
1020.81;320
1022.81;320
1024.81;320
1026.81;320
1028.81;320
1030.81;320
1033.01;320
1035.01;320
1037.01;320
1039.01;320
1041.01;320
1043.01;320
1045.01;320
1047.01;320
1049.01;320
1051.01;320
1053.01;320
1055.21;320
1057.21;320
1059.41;320
1061.41;320
1063.41;320
1065.41;320
1067.61;320
1069.61;320
1071.61;320
1073.61;320
1075.61;320
1077.61;320
1079.61;320
1081.81;320
1083.81;320
1085.81;320
1087.81;320
1089.81;320
1091.81;320
1093.81;320
1096.01;320
1098.01;320
1100.01;320
1102.01;320
1104.21;320
1106.21;320
1108.21;320
1110.21;320
1112.21;320
1114.41;320
1116.41;320
1118.41;320
1120.41;320
1122.41;320
1124.41;320
1126.41;320
1128.61;320
1130.61;320
1132.61;320
1134.61;320
1136.61;320
1138.81;320
1140.81;320
1142.81;320
1144.81;320
1146.81;320
1148.81;320
1150.81;320
1152.81;320
1154.81;320
1156.81;320
1158.81;320
1160.81;320
1162.81;320
1164.81;320
1166.81;320
1168.81;320
1170.81;320
1173.01;320
1175.01;320
1177.01;320
1179.01;320
1181.01;320
1183.01;320
1185.01;320
1187.01;320
1189.01;320
1191.01;320
1193.01;320
1195.21;320
1197.21;320
1199.21;320
1201.21;320
1203.21;320
1205.21;320
1207.21;320
1209.21;320
1211.21;320
1213.21;320
1215.21;320
1217.21;320
1219.21;320
1221.21;320
1223.21;320
1225.41;320
1227.41;320
1229.41;320
1231.41;320
1233.41;320
1235.41;320
1237.41;320
1239.61;320
1241.61;320
1243.61;320
1245.61;320
1247.61;320
1249.81;320
1251.81;320
1253.81;320
1255.81;320
1257.81;320
1260.01;320
1262.01;320
1264.01;320
1266.01;320
1268.01;320
1270.01;320
1272.01;320
1274.01;320
1276.21;320
1278.21;320
1280.21;320
1282.41;320
1284.41;320
1286.41;320
1288.41;320
1290.41;320
1292.41;320
1294.41;320
1296.41;320
1298.61;320
1300.61;320
1302.81;320
1304.81;320
1306.81;320
1308.81;320
1310.81;320
1313.01;320
1315.01;320
1317.01;320
1319.21;320
1321.21;320
1323.21;320
1325.21;320
1327.41;320
1329.41;320
1331.41;320
1333.61;320
1335.81;320
1337.81;320
1339.81;320
1341.81;320
1343.81;320
1346.01;320
1348.01;320
1350.01;320
1352.01;320
1354.21;320
1356.21;320
1358.21;320
1360.41;320
1362.41;320
1364.41;320
1366.61;320
1368.61;320
1370.81;320
1372.81;320
1374.81;320
1376.81;320
1378.81;320
1380.81;320
1382.81;320
1384.81;320
1386.81;320
1388.81;320
1390.81;320
1392.81;320
1394.81;320
1396.81;320
1398.81;320
1400.81;320
1402.81;320
1404.81;320
1406.81;320
1408.81;320
1410.81;320
1412.81;320
1414.81;320
1416.81;320
1419.01;320
1421.01;320
1423.01;320
1425.21;320
1427.21;320
1429.21;320
1431.21;320
1433.21;320
1435.41;320
1437.41;320
1439.41;320
1441.41;320
1443.41;320
1445.61;320
1447.61;320
1449.61;320
1451.61;320
1453.81;320
1455.81;320
1457.81;320
1459.81;320
1461.81;320
1463.81;320
1466.01;320
1468.21;320
1470.21;320
1472.21;320
1474.41;320
1476.41;320
1478.61;320
1480.61;320
1482.61;320
1484.61;320
1486.61;320
1488.81;320
1491.01;320
1493.01;320
1495.21;320
1497.41;320
1499.41;320
1501.41;320
1503.41;320
1505.61;320
1507.61;320
1509.61;320
1511.81;320
1513.81;320
1515.81;320
1517.81;320
1519.81;320
1521.81;320
1523.81;320
1526.01;320
1528.01;320
1530.01;320
1532.01;320
1534.01;320
1536.01;320
1538.21;320
1540.41;320
1542.61;320
1544.61;320
1546.61;320
1548.61;320
1550.61;320
1552.61;320
1554.81;320
1556.81;320
1558.81;320
1560.81;320
1562.81;320
1565.01;320
1567.01;320
1569.01;320
1571.01;320
1573.01;320
1575.01;320
1577.01;320
1579.01;320
1581.01;320
1583.01;320
1585.01;320
1587.01;320
1589.01;320
1591.01;320
1593.01;320
1595.01;320
1597.01;320
1599.01;320
1601.01;320
1603.01;320
1605.01;320
1607.21;320
1609.21;320
1611.21;320
1613.21;320
1615.21;320
1617.21;320
1619.21;320
1621.21;320
1623.21;320
1625.21;320
1627.21;320
1629.21;320
1631.21;320
1633.21;320
1635.21;320
1637.21;320
1639.21;320
1641.41;320
1643.41;320
1645.41;320
1647.41;320
1649.41;320
1651.41;320
1653.41;320
1655.61;320
1657.61;320
1659.61;320
1661.61;320
1663.61;320
1665.61;320
1667.81;320
1669.81;320
1671.81;320
1673.81;320
1675.81;320
1677.81;320
1679.81;320
1681.81;320
1684.01;320
1686.01;320
1688.01;320
1690.01;320
1692.01;320
1694.01;320
1696.21;320
1698.21;320
1700.41;320
1702.41;320
1704.41;320
1706.41;320
1708.41;320
1710.41;320
1712.41;320
1714.41;320
1716.41;320
1718.41;320
1720.41;320
1722.61;320
1724.81;320
1726.81;320
1728.81;320
1730.81;320
1732.81;320
1735.01;320
1737.01;320
1739.01;320
1741.01;320
1743.21;320
1745.21;320
1747.21;320
1749.21;320
1751.21;320
1753.21;320
1755.21;320
1757.41;320
1759.41;320
1761.41;320
1763.41;320
1765.41;320
1767.41;320
1769.41;320
1771.41;320
1773.41;320
1775.61;320
1777.61;320
1779.61;320
1781.61;320
1783.61;320
1785.61;320
1787.61;320
1789.61;320
1791.61;320
1793.61;320
1795.81;320
1797.81;320
