#	X	Y
2.24602;158
4.24601;158
6.24601;158
8.24601;158
10.246;158
12.246;158
14.246;158
16.446;158
18.446;158
20.646;158
22.646;158
24.646;158
26.646;158
28.646;158
30.846;158
32.846;158
34.846;158
36.846;158
38.846;158
40.846;158
42.846;158
44.846;158
47.046;158
49.246;158
51.246;158
53.246;158
55.446;158
57.446;158
59.446;158
61.446;158
63.446;158
65.646;158
67.646;158
69.646;158
71.646;158
73.846;158
75.846;158
77.846;158
79.846;158
81.846;158
83.846;158
85.846;158
87.846;158
89.846;158
91.846;158
93.846;158
95.846;158
97.846;158
99.846;158
102.046;158
104.046;158
106.046;158
108.046;158
110.046;158
112.046;158
114.046;158
116.046;158
118.046;158
120.046;158
122.046;158
124.246;344
126.246;344
128.446;344
130.646;344
132.646;344
134.646;344
136.646;344
138.646;344
140.646;344
142.646;344
144.846;344
146.846;344
148.846;344
150.846;344
153.046;344
155.046;344
157.046;344
159.046;344
161.246;344
163.246;344
165.446;344
167.446;344
169.646;344
171.646;344
173.646;344
175.646;344
177.646;344
179.646;344
181.846;344
184.046;344
186.046;344
188.046;344
190.046;344
192.046;344
194.246;344
196.246;344
198.246;344
200.246;344
202.246;344
204.446;344
206.446;344
208.446;344
210.646;344
212.646;344
214.646;344
216.646;344
218.646;344
220.646;344
222.646;344
224.646;344
226.646;344
228.646;344
230.846;344
233.046;344
235.046;344
237.046;344
239.046;344
241.246;344
243.246;344
245.246;344
247.246;344
249.246;344
251.246;344
253.246;344
255.246;344
257.246;344
259.446;344
261.446;344
263.446;344
265.446;344
267.446;344
269.446;344
271.646;344
273.646;344
275.846;344
278.046;344
280.046;344
282.046;344
284.046;344
286.046;344
288.046;344
290.046;344
292.046;344
294.046;344
296.046;344
298.246;344
300.246;344
302.246;344
304.246;344
306.446;344
308.446;344
310.646;344
312.646;344
314.646;344
316.646;344
318.646;344
320.646;344
322.646;344
324.646;344
326.646;344
328.646;344
330.646;344
332.646;344
334.646;344
336.646;344
338.646;344
340.646;344
342.846;344
344.846;344
346.846;344
348.846;344
350.846;344
352.846;344
355.046;344
357.046;344
359.046;344
361.046;344
363.046;344
365.046;344
367.046;344
369.046;344
371.046;344
373.046;344
375.046;344
377.246;344
379.246;344
381.246;344
383.246;344
385.246;344
387.246;344
389.246;344
391.246;344
393.246;344
395.446;344
397.446;344
399.646;344
401.646;344
403.646;344
405.646;344
407.646;344
409.646;344
411.646;344
413.646;344
415.646;344
417.846;344
419.846;344
421.846;344
423.846;344
425.846;344
427.846;344
429.846;344
432.046;344
434.046;344
436.046;344
438.046;344
440.046;344
442.246;344
444.246;344
446.246;344
448.246;344
450.246;344
452.246;344
454.246;344
456.446;344
458.446;344
460.446;344
462.646;344
464.646;344
466.646;344
468.646;344
470.646;344
472.846;344
474.846;344
476.846;344
479.046;344
481.046;344
483.046;344
485.046;344
487.046;344
489.046;344
491.046;344
493.046;344
495.246;344
497.246;344
499.246;344
501.246;344
503.246;344
505.246;344
507.246;344
509.246;344
511.246;344
513.446;344
515.446;344
517.646;344
519.646;344
521.646;344
523.846;344
525.846;344
527.846;344
529.846;344
531.846;344
533.846;344
535.846;344
537.846;344
539.846;344
541.846;344
543.846;344
545.846;344
547.846;344
549.846;344
551.846;344
553.846;344
555.846;344
557.846;344
559.846;344
561.846;344
564.046;344
566.246;344
568.246;344
570.246;344
572.246;344
574.246;344
576.246;344
578.246;344
580.246;344
582.246;344
584.446;344
586.446;344
588.446;344
590.446;344
592.446;344
594.446;344
596.446;344
598.446;344
600.446;344
602.446;344
604.446;344
606.446;344
608.446;344
610.446;344
612.446;344
614.646;344
616.646;344
618.646;344
620.646;344
622.846;344
624.846;344
626.846;344
629.046;344
631.046;344
633.046;344
635.246;344
637.446;344
639.446;344
641.446;344
643.646;344
645.646;344
647.646;344
649.646;344
651.846;344
653.846;344
655.846;344
657.846;344
659.846;344
661.846;344
663.846;344
665.846;344
667.846;344
669.846;344
671.846;344
674.046;344
676.046;344
678.046;344
680.046;344
682.046;344
684.046;344
686.246;344
688.246;344
690.246;344
692.446;344
694.446;344
696.446;344
698.446;344
700.446;344
702.446;344
704.446;344
706.446;344
708.446;344
710.446;344
712.446;344
714.446;344
716.446;344
718.446;344
720.446;344
722.446;344
724.446;344
726.446;344
728.446;344
730.446;344
732.446;344
734.446;344
736.446;344
738.446;344
740.646;344
742.646;344
744.646;344
746.646;344
748.646;344
750.646;344
752.646;344
754.646;344
756.846;344
758.846;344
760.846;344
762.846;344
764.846;344
766.846;344
768.846;344
770.846;344
772.846;344
774.846;344
777.046;344
779.046;344
781.046;344
783.046;344
785.046;344
787.046;344
789.046;344
791.046;344
793.046;344
795.046;344
797.246;344
799.246;344
801.246;344
803.246;344
805.246;344
807.246;344
809.246;344
811.446;344
813.446;344
815.446;344
817.446;344
819.446;344
821.446;344
823.446;344
825.446;344
827.446;344
829.646;344
831.646;344
833.846;344
835.846;344
837.846;344
839.846;344
841.846;344
843.846;344
845.846;344
847.846;344
849.846;344
852.046;344
854.046;344
856.046;344
858.046;344
860.046;344
862.046;344
864.246;344
866.446;344
868.446;344
870.446;344
872.446;344
874.446;344
876.446;344
878.446;344
880.446;344
882.446;344
884.646;344
886.646;344
888.646;344
890.646;344
892.646;344
894.646;344
896.646;344
898.646;344
900.646;344
902.646;344
904.646;344
906.646;344
908.646;344
910.646;344
912.646;344
914.646;344
916.646;130
918.646;130
920.846;130
922.846;130
924.846;130
926.846;130
929.046;130
931.246;130
933.246;130
935.246;130
937.246;130
939.246;130
941.246;130
943.246;130
945.446;130
947.446;130
949.446;130
951.646;130
953.646;130
955.646;130
957.646;130
959.646;130
961.646;130
963.646;130
965.646;130
967.646;130
969.646;130
971.646;130
973.646;130
975.846;130
977.846;130
979.846;130
981.846;130
983.846;130
985.846;130
987.846;130
989.846;130
991.846;130
993.846;130
995.846;130
997.846;130
999.846;130
1001.85;130
1003.85;130
1005.85;130
1007.85;130
1009.85;130
1011.85;130
1013.85;130
1015.85;130
1017.85;130
1019.85;130
1021.85;130
1023.85;130
1025.85;130
1027.85;130
1029.85;130
1032.05;130
1034.05;130
1036.05;130
1038.05;130
1040.05;130
1042.25;130
1044.25;130
1046.25;130
1048.25;130
1050.25;130
1052.25;130
1054.25;130
1056.45;130
1058.45;130
1060.45;130
1062.45;130
1064.45;130
1066.45;130
1068.45;130
1070.45;130
1072.45;130
1074.45;130
1076.45;130
1078.45;130
1080.45;130
1082.45;130
1084.45;130
1086.65;130
1088.65;130
1090.85;130
1093.05;130
1095.05;130
1097.05;130
1099.05;130
1101.05;130
1103.05;130
1105.25;130
1107.45;130
1109.65;130
1111.65;130
1113.65;130
1115.65;130
1117.65;130
1119.65;130
1121.65;130
1123.65;130
1125.65;130
1127.65;130
1129.65;130
1131.65;130
1133.65;130
1135.65;130
1137.65;130
1139.85;130
1141.85;130
1143.85;130
1145.85;130
1147.85;130
1149.85;130
1151.85;130
1153.85;130
1155.85;130
1157.85;130
1159.85;130
1161.85;130
1163.85;130
1165.85;130
1168.05;130
1170.25;130
1172.25;130
1174.25;130
1176.25;130
1178.45;130
1180.45;130
1182.45;130
1184.45;130
1186.45;130
1188.45;130
1190.45;130
1192.45;130
1194.65;130
1196.65;130
1198.65;130
1200.65;130
1202.65;130
1204.65;130
1206.65;130
1208.65;130
1210.65;130
1212.65;130
1214.65;130
1216.65;130
1218.65;130
1220.65;130
1222.65;130
1224.65;130
1226.65;130
1228.65;130
1230.85;130
1232.85;130
1234.85;130
1236.85;130
1238.85;130
1241.05;130
1243.05;130
1245.05;130
1247.05;130
1249.05;130
1251.05;130
1253.05;130
1255.05;130
1257.05;130
1259.25;130
1261.25;130
1263.25;130
1265.25;130
1267.25;130
1269.25;130
1271.45;130
1273.45;130
1275.65;130
1277.65;130
1279.65;130
1281.65;130
1283.65;130
1285.65;130
1287.65;130
1289.65;130
1291.65;130
1293.65;130
1295.65;130
1297.65;130
1299.65;130
1301.65;130
1303.65;130
1305.65;130
1307.85;130
1309.85;130
1311.85;130
1313.85;130
1316.05;130
1318.05;130
1320.05;130
1322.25;130
1324.25;130
1326.25;130
1328.45;130
1330.45;130
1332.45;130
1334.45;130
1336.45;130
1338.45;130
1340.45;130
1342.45;130
1344.45;130
1346.45;130
1348.45;130
1350.45;130
1352.45;130
1354.45;130
1356.45;130
1358.45;130
1360.45;130
1362.45;130
1364.45;130
1366.45;130
1368.45;130
1370.45;130
1372.45;130
1374.45;130
1376.65;130
1378.65;130
1380.85;130
1383.05;130
1385.05;130
1387.05;130
1389.05;130
1391.05;130
1393.05;130
1395.05;130
1397.05;130
1399.05;130
1401.05;130
1403.05;130
1405.05;130
1407.05;130
1409.05;130
1411.25;130
1413.25;130
1415.25;130
1417.25;130
1419.25;130
1421.25;130
1423.45;130
1425.45;130
1427.45;130
1429.65;130
1431.85;130
1433.85;130
1435.85;130
1437.85;130
1439.85;130
1441.85;130
1443.85;130
1445.85;130
1447.85;130
1449.85;130
1451.85;130
1453.85;130
1455.85;130
1457.85;130
1459.85;130
1462.05;130
1464.05;130
1466.05;130
1468.05;130
1470.25;130
1472.25;130
1474.25;130
1476.25;130
1478.25;130
1480.25;130
1482.25;130
1484.25;130
1486.25;130
1488.45;130
1490.45;130
1492.45;130
1494.45;130
1496.45;130
1498.45;130
1500.45;130
1502.45;130
1504.45;130
1506.45;130
1508.45;130
1510.65;130
1512.85;130
1514.85;130
1516.85;130
1518.85;130
1520.85;130
1522.85;130
1524.85;130
1526.85;130
1528.85;130
1530.85;130
1532.85;130
1534.85;130
1536.85;130
1538.85;130
1540.85;130
1542.85;130
1544.85;130
1546.85;130
1549.05;130
1551.05;130
1553.25;130
1555.25;130
1557.25;130
1559.25;130
1561.25;130
1563.25;130
1565.25;130
1567.25;130
1569.25;130
1571.25;130
1573.25;130
1575.25;130
1577.25;130
1579.25;130
1581.25;130
1583.25;130
1585.45;130
1587.45;130
1589.45;130
1591.45;130
1593.45;130
1595.65;130
1597.65;130
1599.85;130
1602.05;130
1604.05;130
1606.05;130
1608.05;130
1610.05;130
1612.05;130
1614.05;130
1616.05;130
1618.25;130
1620.25;130
1622.25;130
1624.25;130
1626.25;130
1628.25;130
1630.25;130
1632.25;130
1634.25;130
1636.25;130
1638.25;130
1640.25;130
1642.25;130
1644.25;130
1646.25;130
1648.45;130
1650.45;130
1652.45;130
1654.65;130
1656.65;130
1658.65;130
1660.65;130
1662.65;130
1664.85;130
1667.05;130
1669.05;130
1671.25;130
1673.25;130
1675.25;130
1677.25;130
1679.25;130
1681.25;130
1683.45;130
1685.65;130
1687.65;130
1689.65;130
1691.65;130
1693.65;130
1695.85;130
1698.05;130
1700.05;130
1702.05;130
1704.05;130
1706.05;130
1708.05;130
1710.05;130
1712.25;130
1714.25;130
1716.25;130
1718.25;130
1720.25;130
1722.25;130
1724.25;130
1726.25;130
1728.25;130
1730.25;130
1732.25;130
1734.25;130
1736.25;130
1738.25;130
1740.25;130
1742.25;130
1744.25;130
1746.25;130
1748.25;130
1750.25;130
1752.25;130
1754.25;130
1756.25;130
1758.25;130
1760.25;130
1762.25;130
1764.25;130
1766.25;130
1768.25;130
1770.25;130
1772.45;130
1774.45;130
1776.45;130
1778.65;130
1780.65;130
1782.65;130
1784.65;130
1786.65;130
1788.65;130
1790.65;130
1792.65;130
1794.65;130
1796.65;130
