#	X	Y
0.327036;104
0.349007;104
0.379007;104
0.411007;104
0.443007;104
0.475007;104
0.507007;104
0.539007;104
0.571007;104
0.603007;104
0.635007;104
0.667007;104
0.699007;104
0.733007;104
0.767007;104
0.801007;104
0.835007;104
0.869007;104
0.903007;104
0.937007;104
0.971007;104
1.00501;104
1.03901;104
1.07501;104
1.11101;104
1.14701;104
1.18301;104
1.21901;104
1.25501;104
1.29101;104
1.32701;104
1.36301;104
1.39901;104
1.43701;104
1.47501;104
1.51301;104
1.55101;104
1.58901;104
1.62701;104
1.66501;104
1.70301;104
1.74101;104
1.77901;104
1.81901;104
1.85901;104
1.89901;104
1.93901;104
1.97901;104
2.01901;104
2.05901;104
2.09901;104
2.13901;104
2.17901;104
2.21802;104
2.22101;104
2.26301;104
2.30501;104
2.34701;104
2.38901;104
2.43101;104
2.47301;104
2.51501;104
2.55701;104
2.60101;104
2.64501;104
2.68901;104
2.73301;104
2.77701;104
2.82101;104
2.86501;104
2.90901;104
2.95301;104
2.99701;104
3.04301;104
3.08901;104
3.13501;104
3.18101;104
3.22701;104
3.27301;104
3.31901;104
3.36501;104
3.41101;104
3.45701;104
3.50501;104
3.55301;104
3.60101;104
3.64901;104
3.69701;104
3.74501;104
3.79301;104
3.84101;104
3.88901;104
3.93701;104
3.98701;104
4.03701;104
4.08701;104
4.13701;104
4.18701;104
4.21801;104
4.23701;104
4.28701;104
4.33701;104
4.38701;104
4.43901;104
4.49101;104
4.54301;104
4.59501;104
4.64701;104
4.69901;104
4.75101;104
4.80301;104
4.85501;104
4.90701;104
4.95701;104
5.00701;104
5.05701;104
5.10701;104
5.15701;104
5.20701;104
5.25701;104
5.30701;104
5.35701;104
5.40701;104
5.45501;104
5.50301;104
5.55101;104
5.59901;104
5.64701;104
5.69501;104
5.74301;104
5.79101;104
5.83901;104
5.88701;104
5.93301;104
5.97901;104
6.02501;104
6.07101;104
6.11701;260
6.16301;260
6.20901;260
6.21801;104
6.25501;260
6.30101;260
6.34501;260
6.38901;260
6.43301;260
6.47701;260
6.52101;260
6.56501;260
6.60901;260
6.65301;260
6.69701;260
6.74101;260
6.78301;260
6.82501;260
6.86701;260
6.90901;260
6.95101;260
6.99301;260
7.03501;260
7.07701;260
7.11901;260
7.16101;260
7.20101;260
7.24101;260
7.28101;260
7.32101;260
7.36101;260
7.40101;260
7.44101;260
7.48101;260
7.52101;260
7.56101;260
7.59901;260
7.63701;260
7.67501;260
7.71301;260
7.75101;260
7.78901;260
7.82701;260
7.86501;260
7.90301;260
7.94101;260
7.97701;260
8.01301;260
8.04901;260
8.08501;260
8.12101;260
8.15701;260
8.19301;260
8.22901;260
8.26501;260
8.30101;260
8.33501;260
8.36901;260
8.40301;260
8.41801;104
8.43701;260
8.47101;260
8.50501;260
8.53901;260
8.57301;260
8.60701;260
8.63901;260
8.67101;260
8.70301;260
8.73501;260
8.76701;260
8.79901;260
8.83101;260
8.86301;260
8.89501;260
8.92701;260
8.95701;260
8.98701;260
9.01701;260
9.04701;260
9.07701;260
9.10701;260
9.13701;260
9.16701;260
9.19701;260
9.22701;260
9.25501;260
9.28301;260
9.31101;260
9.33901;260
9.36701;260
9.39501;260
9.42301;260
9.45101;260
9.47901;260
9.50701;260
9.53301;260
9.55901;260
9.58501;260
9.61101;260
9.63701;260
9.66301;260
9.68901;260
9.71501;260
9.74101;260
9.76701;260
9.79101;260
9.81501;260
9.83901;260
9.86301;260
9.88701;260
9.91101;260
9.93501;260
9.95901;260
9.98301;260
10.007;260
10.029;260
10.051;260
10.073;260
10.095;260
10.117;260
10.139;260
10.161;260
10.183;260
10.205;260
10.227;260
10.247;260
10.267;260
10.287;260
10.307;260
10.327;260
10.347;260
10.367;260
10.387;260
10.407;260
10.418;104
10.427;260
10.447;260
10.467;260
10.487;260
10.507;260
10.527;260
10.547;260
10.567;260
10.587;260
10.607;260
10.629;260
10.651;260
10.673;260
10.695;260
10.717;260
10.739;260
10.761;260
10.783;260
10.805;260
10.827;260
10.851;260
10.875;260
10.899;260
10.923;260
10.947;260
10.971;260
10.995;260
11.019;260
11.043;260
11.067;260
11.093;260
11.119;260
11.145;260
11.171;260
11.197;260
11.223;260
11.249;260
11.275;260
11.301;260
11.327;260
11.355;260
11.383;260
11.411;260
11.439;260
11.467;260
11.495;260
11.523;260
11.551;260
11.579;260
11.607;260
11.637;260
11.667;260
11.697;260
11.727;260
11.757;260
11.787;260
11.817;260
11.847;260
11.877;260
11.907;260
11.939;260
11.971;260
12.003;260
12.035;260
12.067;260
12.099;260
12.131;260
12.163;260
12.195;260
12.227;260
12.261;260
12.295;260
12.329;260
12.363;260
12.397;260
12.418;104
12.431;260
12.465;260
12.499;260
12.533;260
12.569;260
12.605;260
12.641;260
12.677;260
12.713;260
12.749;260
12.785;260
12.821;260
12.857;260
12.893;260
12.931;260
12.969;260
13.007;260
13.045;260
13.083;260
13.121;260
13.159;260
13.197;260
13.235;260
13.273;260
13.313;260
13.353;260
13.393;260
13.433;260
13.473;260
13.513;260
13.553;260
13.593;260
13.633;260
13.673;260
13.715;260
13.757;260
13.799;260
13.841;260
13.883;260
13.925;260
13.967;260
14.009;260
14.051;260
14.093;260
14.137;260
14.181;260
14.225;260
14.269;260
14.313;260
14.357;260
14.401;260
14.418;104
14.445;260
14.489;260
14.535;260
14.581;260
14.627;260
14.673;260
14.719;260
14.765;260
14.811;260
14.857;260
14.903;260
14.949;260
14.997;260
15.045;260
15.093;260
15.141;260
15.189;260
15.237;260
15.285;260
15.333;260
15.381;260
15.429;260
15.479;260
15.529;260
15.579;260
15.629;260
15.679;260
15.729;260
15.779;260
15.829;260
15.879;260
15.929;260
15.981;260
16.033;260
16.085;260
16.137;260
16.189;260
16.241;260
16.293;260
16.345;260
16.397;260
16.418;104
16.449;260
16.501;260
16.553;260
16.605;260
16.657;260
16.709;260
16.761;260
16.813;260
16.865;260
16.917;260
16.967;260
17.017;260
17.067;260
17.117;260
17.167;260
17.217;260
17.267;260
17.317;260
17.367;260
17.417;260
17.465;260
17.513;260
17.561;260
17.609;260
17.657;260
17.705;260
17.753;260
17.801;260
17.849;260
17.897;260
17.943;260
17.989;260
18.035;260
18.081;260
18.127;260
18.173;260
18.219;260
18.265;260
18.311;260
18.357;260
18.401;260
18.418;104
18.445;260
18.489;260
18.533;260
18.577;260
18.621;260
18.665;260
18.709;260
18.753;260
18.795;260
18.837;260
18.879;260
18.921;260
18.963;260
19.005;260
19.047;260
19.089;260
19.131;260
19.173;260
19.213;260
19.253;260
19.293;260
19.333;260
19.373;260
19.413;260
19.453;260
19.493;260
19.533;260
19.573;260
19.611;260
19.649;260
19.687;260
19.725;260
19.763;260
19.801;260
19.839;260
19.877;260
19.915;260
19.953;260
19.989;260
20.025;260
20.061;260
20.097;260
20.133;260
20.169;260
20.205;260
20.241;260
20.277;260
20.313;260
20.347;260
20.381;260
20.415;260
20.418;104
20.449;260
20.483;260
20.517;260
20.551;260
20.585;260
20.619;260
20.651;260
20.683;260
20.715;260
20.747;260
20.779;260
20.811;260
20.843;260
20.875;260
20.907;260
20.939;260
20.969;260
20.999;260
21.029;260
21.059;260
21.089;260
21.119;260
21.149;260
21.179;260
21.209;260
21.239;260
21.267;260
21.295;260
21.323;260
21.351;260
21.379;260
21.407;260
21.435;260
21.463;260
21.491;260
21.519;260
21.545;260
21.571;260
21.597;260
21.623;260
21.649;260
21.675;260
21.701;260
21.727;260
21.753;260
21.779;260
21.807;260
21.835;260
21.863;260
21.891;260
21.919;260
21.947;260
21.975;260
22.003;260
22.031;260
22.059;260
22.089;260
22.119;260
22.149;260
22.179;260
22.209;260
22.239;260
22.269;260
22.299;260
22.329;260
22.359;260
22.391;260
22.418;104
22.423;260
22.455;260
22.487;260
22.519;260
22.551;260
22.583;260
22.615;260
22.647;260
22.681;260
22.715;260
22.749;260
22.783;260
22.817;260
22.851;260
22.885;260
22.919;260
22.953;260
22.987;260
23.023;260
23.059;260
23.095;260
23.131;260
23.167;260
23.203;260
23.239;260
23.275;260
23.311;260
23.347;260
23.385;260
23.423;260
23.461;260
23.499;260
23.537;260
23.575;260
23.613;260
23.651;260
23.689;260
23.727;260
23.767;260
23.807;260
23.847;260
23.887;260
23.927;260
23.967;260
24.007;260
24.047;260
24.087;260
24.127;260
24.169;260
24.211;260
24.253;260
24.295;260
24.337;260
24.379;260
24.418;104
24.421;260
24.463;260
24.505;260
24.549;260
24.593;260
24.637;260
24.681;260
24.725;260
24.769;260
24.813;260
24.857;260
24.901;260
24.945;260
24.991;260
25.037;260
25.083;260
25.129;260
25.175;260
25.221;260
25.267;260
25.313;260
25.359;260
25.405;260
25.453;260
25.501;260
25.549;260
25.597;260
25.645;260
25.693;260
25.741;260
25.789;260
25.837;260
25.885;260
25.935;260
25.985;260
26.035;260
26.085;260
26.135;260
26.185;260
26.235;260
26.285;260
26.335;260
26.385;260
26.418;104
26.437;260
26.489;260
26.541;260
26.593;260
26.645;260
26.697;260
26.749;260
26.801;260
26.853;260
26.903;260
26.953;260
27.003;260
27.053;260
27.103;260
27.153;260
27.203;260
27.253;260
27.303;260
27.353;260
27.401;260
27.449;260
27.497;260
27.545;260
27.593;260
27.641;260
27.689;260
27.737;260
27.785;260
27.833;260
27.879;260
27.925;260
27.971;260
28.017;260
28.063;260
28.109;260
28.155;260
28.201;260
28.247;260
28.293;260
28.337;260
28.381;260
28.418;104
28.425;260
28.469;260
28.513;260
28.557;260
28.601;260
28.645;260
28.689;260
28.731;260
28.773;260
28.815;260
28.857;260
28.899;260
28.941;260
28.983;260
29.025;260
29.067;260
29.109;260
29.149;260
29.189;260
29.229;260
29.269;260
29.309;260
29.349;260
29.389;260
29.429;260
29.469;260
29.509;260
29.547;260
29.585;260
29.623;260
29.661;260
29.699;260
29.737;260
29.775;260
29.813;260
29.851;260
29.889;260
29.925;260
29.961;260
29.997;260
30.033;260
30.069;260
30.105;260
30.141;260
30.177;260
30.213;260
30.249;260
30.283;260
30.317;260
30.351;260
30.385;260
30.418;104
30.419;260
30.453;260
30.487;260
30.521;260
30.555;260
30.587;260
30.619;260
30.651;260
30.683;260
30.715;260
30.747;260
30.779;260
30.811;260
30.843;260
30.875;260
30.905;260
30.935;260
30.965;260
30.995;260
31.025;260
31.055;260
31.085;260
31.115;260
31.145;260
31.175;260
31.203;260
31.231;260
31.259;260
31.287;260
31.315;260
31.343;260
31.371;260
31.399;260
31.427;260
31.455;260
31.481;260
31.507;260
31.533;260
31.559;260
31.585;260
31.611;260
31.637;260
31.663;260
31.689;260
31.715;260
31.743;260
31.771;260
31.799;260
31.827;260
31.855;260
31.883;260
31.911;260
31.939;260
31.967;260
31.995;260
32.025;260
32.055;260
32.085;260
32.115;260
32.145;260
32.175;260
32.205;260
32.235;260
32.265;260
32.295;260
32.327;260
32.359;260
32.391;260
32.418;104
32.423;260
32.455;260
32.487;260
32.519;260
32.551;260
32.583;260
32.617;260
32.651;260
32.685;260
32.719;260
32.753;260
32.787;260
32.821;260
32.855;260
32.889;260
32.923;260
32.959;260
32.995;260
33.031;260
33.067;260
33.103;260
33.139;260
33.175;260
33.211;260
33.247;260
33.283;260
33.321;260
33.359;260
33.397;260
33.435;260
33.473;260
33.511;260
33.549;260
33.587;260
33.625;260
33.663;260
33.703;260
33.743;260
33.783;260
33.823;260
33.863;260
33.903;260
33.943;260
33.983;260
34.023;260
34.063;260
34.105;260
34.147;260
34.189;260
34.231;260
34.273;260
34.315;260
34.357;260
34.399;260
34.418;104
34.441;260
34.485;260
34.529;260
34.573;260
34.617;260
34.661;260
34.705;260
34.749;260
34.793;260
34.837;260
34.881;260
34.927;260
34.973;260
35.019;260
35.065;260
35.111;260
35.157;260
35.203;260
35.249;260
35.295;260
35.341;260
35.389;260
35.437;260
35.485;260
35.533;260
35.581;260
35.629;260
35.677;260
35.725;260
35.773;260
35.821;260
35.871;260
35.921;260
35.971;260
36.021;260
36.071;260
36.121;260
36.171;260
36.221;260
36.271;260
36.321;260
36.373;260
36.418;104
36.425;260
36.477;260
36.529;260
36.581;260
36.633;260
36.685;260
36.737;260
36.789;260
36.839;260
36.889;260
36.939;260
36.989;260
37.039;260
37.089;260
37.139;260
37.189;260
37.239;260
37.289;260
37.337;260
37.385;260
37.433;260
37.481;260
37.529;260
37.577;260
37.625;260
37.673;260
37.721;260
37.769;260
37.815;260
37.861;260
37.907;260
37.953;260
37.999;260
38.045;260
38.091;260
38.137;260
38.183;260
38.229;260
38.273;260
38.317;260
38.361;260
38.405;260
38.449;260
38.493;260
38.537;260
38.581;260
38.618;104
38.625;260
38.667;260
38.709;260
38.751;260
38.793;260
38.835;260
38.877;260
38.919;260
38.961;260
39.003;260
39.045;260
39.085;260
39.125;260
39.165;260
39.205;260
39.245;260
39.285;260
39.325;260
39.365;260
39.405;260
39.445;260
39.483;260
39.521;260
39.559;260
39.597;260
39.635;260
39.673;260
39.711;260
39.749;260
39.787;260
39.825;260
39.861;260
39.897;260
39.933;260
39.969;260
40.005;260
40.041;260
40.077;260
40.113;260
40.149;260
40.185;260
40.219;260
40.253;260
40.287;260
40.321;260
40.355;260
40.389;260
40.423;260
40.457;260
40.491;260
40.525;260
40.557;260
40.589;260
40.618;104
40.621;260
40.653;260
40.685;260
40.717;260
40.749;260
40.781;260
40.813;260
40.843;260
40.873;260
40.903;260
40.933;260
40.963;260
40.993;260
41.023;260
41.053;260
41.083;260
41.113;260
41.141;260
41.169;260
41.197;260
41.225;260
41.253;260
41.281;260
41.309;260
41.337;260
41.365;260
41.393;260
41.423;260
41.453;260
41.483;260
41.513;260
41.543;260
41.573;260
41.603;260
41.633;260
41.663;260
41.693;260
41.725;260
41.757;260
41.789;260
41.821;260
41.853;260
41.885;260
41.917;260
41.949;260
41.981;260
42.013;260
42.047;260
42.081;260
42.115;260
42.149;260
42.183;260
42.217;260
42.251;260
42.285;260
42.319;260
42.353;260
42.389;260
42.425;260
42.461;260
42.497;260
42.533;260
42.569;260
42.605;260
42.618;104
42.641;260
42.677;260
42.715;260
42.753;260
42.791;260
42.829;260
42.867;260
42.905;260
42.943;260
42.981;260
43.019;260
43.057;260
43.097;260
43.137;260
43.177;260
43.217;260
43.257;260
43.297;260
43.337;260
43.377;260
43.417;260
43.457;260
43.499;260
43.541;260
43.583;260
43.625;260
43.667;260
43.709;260
43.751;260
43.793;260
43.835;260
43.877;260
43.921;260
43.965;260
44.009;260
44.053;260
44.097;260
44.141;260
44.185;260
44.229;260
44.273;260
44.317;260
44.363;260
44.409;260
44.455;260
44.501;260
44.547;260
44.593;260
44.618;104
44.639;260
44.685;260
44.731;260
44.779;260
44.827;260
44.875;260
44.923;260
44.971;260
45.019;260
45.067;260
45.115;260
45.163;260
45.211;260
45.261;260
45.311;260
45.361;260
45.411;260
45.461;260
45.511;260
45.561;260
45.611;260
45.661;260
45.711;260
45.763;260
45.815;260
45.867;260
45.919;260
45.971;260
46.023;260
46.075;260
46.127;260
46.179;260
46.231;260
46.281;260
46.331;260
46.381;260
46.431;260
46.481;260
46.531;260
46.581;260
46.618;104
46.631;260
46.681;260
46.729;260
46.777;260
46.825;260
46.873;260
46.921;260
46.969;260
47.017;260
47.065;260
47.113;260
47.161;260
47.207;260
47.253;260
47.299;260
47.345;260
47.391;260
47.437;260
47.483;260
47.529;260
47.575;260
47.621;260
47.665;260
47.709;260
47.753;260
47.797;260
47.841;260
47.885;260
47.929;260
47.973;260
48.017;260
48.061;260
48.103;260
48.145;260
48.187;260
48.229;260
48.271;260
48.313;260
48.355;260
48.397;260
48.439;260
48.481;260
48.521;260
48.561;260
48.601;260
48.618;104
48.641;260
48.681;260
48.721;260
48.761;260
48.801;260
48.841;260
48.879;260
48.917;260
48.955;260
48.993;260
49.031;260
49.069;260
49.107;260
49.145;260
49.183;260
49.221;260
49.257;260
49.293;260
49.329;260
49.365;260
49.401;260
49.437;260
49.473;260
49.509;260
49.545;260
49.581;260
49.615;260
49.649;260
49.683;260
49.717;260
49.751;260
49.785;260
49.819;260
49.853;260
49.887;260
49.921;260
49.957;260
49.993;260
50.029;260
50.065;260
50.101;260
50.137;260
50.173;260
50.209;260
50.245;260
50.281;260
50.319;260
50.357;260
50.395;260
50.433;260
50.471;260
50.509;260
50.547;260
50.585;260
50.618;104
50.623;260
50.663;260
50.703;260
50.743;260
50.783;260
50.823;260
50.863;260
50.903;260
50.943;260
50.983;260
51.023;260
51.065;260
51.107;260
51.149;260
51.191;260
51.233;260
51.275;260
51.317;260
51.359;260
51.401;260
51.443;260
51.487;260
51.531;260
51.575;260
51.619;260
51.663;260
51.707;260
51.751;260
51.795;260
51.839;260
51.883;260
51.929;260
51.975;260
52.021;260
52.067;260
52.113;260
52.159;260
52.205;260
52.251;260
52.297;260
52.343;260
52.391;260
52.439;260
52.487;260
52.535;260
52.583;260
52.618;104
52.631;260
52.679;260
52.727;260
52.775;260
52.825;260
52.875;260
52.925;260
52.975;260
53.025;260
53.075;260
53.125;260
53.175;260
53.225;260
53.275;260
53.327;260
53.379;260
53.431;260
53.483;260
53.535;260
53.587;260
53.639;260
53.691;260
53.743;260
53.795;260
53.845;260
53.895;260
53.945;260
53.995;260
54.045;260
54.095;260
54.145;260
54.195;260
54.245;260
54.295;260
54.343;260
54.391;260
54.439;260
54.487;260
54.535;260
54.583;260
54.618;104
54.631;260
54.679;260
54.727;260
54.773;260
54.819;260
54.865;260
54.911;260
54.957;260
55.003;260
55.049;260
55.095;260
55.141;260
55.187;260
55.231;260
55.275;260
55.319;260
55.363;260
55.407;260
55.451;260
55.495;260
55.539;260
55.583;260
55.627;260
55.669;260
55.711;260
55.753;260
55.795;260
55.837;260
55.879;260
55.921;260
55.963;260
56.005;260
56.047;260
56.087;260
56.127;260
56.167;260
56.207;260
56.247;260
56.287;260
56.327;260
56.367;260
56.407;260
56.447;260
56.485;260
56.523;260
56.561;260
56.599;260
56.618;104
56.637;260
56.675;260
56.713;260
56.751;260
56.789;260
56.825;260
56.861;260
56.897;260
56.933;260
56.969;260
57.005;260
57.041;260
57.077;260
57.113;260
57.149;260
57.187;260
57.225;260
57.263;260
57.301;260
57.339;260
57.377;260
57.415;260
57.453;260
57.491;260
57.529;260
57.569;260
57.609;260
57.649;260
57.689;260
57.729;260
57.769;260
57.809;260
57.849;260
57.889;260
57.929;260
57.971;260
58.013;260
58.055;260
58.097;260
58.139;260
58.181;260
58.223;260
58.265;260
58.307;260
58.349;260
58.393;260
58.437;260
58.481;260
58.525;260
58.569;260
58.613;260
58.618;104
58.657;260
58.701;260
58.745;260
58.791;260
58.837;260
58.883;260
58.929;260
58.975;260
59.021;260
59.067;260
59.113;260
59.159;260
59.205;260
59.253;260
59.301;260
59.349;260
59.397;260
59.445;260
59.493;260
59.541;260
59.589;260
59.637;260
59.685;260
59.735;260
59.785;260
59.835;260
59.885;260
59.935;260
59.985;260
60.035;260
60.085;260
60.135;260
60.185;260
60.237;260
60.289;260
60.341;260
60.393;260
60.445;260
60.497;260
60.549;260
60.601;260
60.618;104
60.653;260
60.703;260
60.753;260
60.803;260
60.853;260
60.903;260
60.953;260
61.003;260
61.053;260
61.103;260
61.153;260
61.201;260
61.249;260
61.297;260
61.345;260
61.393;260
61.441;260
61.489;260
61.537;260
61.585;260
61.633;260
61.679;260
61.725;260
61.771;260
61.817;260
61.863;260
61.909;260
61.955;260
62.001;260
62.047;260
62.093;260
62.137;260
62.181;260
62.225;260
62.269;260
62.313;260
62.357;260
62.401;260
62.445;260
62.489;260
62.533;260
62.575;260
62.617;260
62.618;104
62.659;260
62.701;260
62.743;260
62.785;260
62.827;260
62.869;260
62.911;260
62.951;260
62.991;260
63.031;260
63.071;260
63.111;260
63.151;260
63.191;260
63.231;260
63.271;260
63.311;260
63.349;260
63.387;260
63.425;260
63.463;260
63.501;260
63.539;260
63.577;260
63.615;260
63.653;260
63.691;260
63.731;260
63.771;260
63.811;260
63.851;260
63.891;260
63.931;260
63.971;260
64.011;260
64.051;260
64.091;260
64.133;260
64.175;260
64.217;260
64.259;260
64.301;260
64.343;260
64.385;260
64.427;260
64.469;260
64.511;260
64.555;260
64.599;260
64.618;104
64.643;260
64.687;260
64.731;260
64.775;260
64.819;260
64.863;260
64.907;260
64.953;260
64.999;260
65.045;260
65.091;260
65.137;260
65.183;260
65.229;260
65.275;260
65.321;260
65.367;260
65.415;260
65.463;260
65.511;260
65.559;260
65.607;260
65.655;260
65.703;260
65.751;260
65.799;260
65.847;260
65.897;260
65.947;260
65.997;260
66.047;260
66.097;260
66.147;260
66.197;260
66.247;260
66.297;260
66.347;260
66.399;260
66.451;260
66.503;260
66.555;260
66.607;260
66.618;104
66.659;260
66.711;260
66.763;260
66.815;260
66.865;260
66.915;260
66.965;260
67.015;260
67.065;260
67.115;260
67.165;260
67.215;260
67.265;260
67.315;260
67.363;260
67.411;260
67.459;260
67.507;260
67.555;260
67.603;260
67.651;260
67.699;260
67.747;260
67.795;260
67.841;260
67.887;260
67.933;260
67.979;260
68.025;260
68.071;260
68.117;260
68.163;260
68.209;260
68.255;260
68.299;260
68.343;260
68.387;260
68.431;260
68.475;260
68.519;260
68.563;260
68.607;260
68.618;104
68.651;260
68.693;260
68.735;260
68.777;260
68.819;260
68.861;260
68.903;260
68.945;260
68.987;260
69.029;260
69.071;260
69.111;260
69.151;260
69.191;260
69.231;260
69.271;260
69.311;260
69.351;260
69.391;260
69.431;260
69.471;260
69.513;260
69.555;260
69.597;260
69.639;260
69.681;260
69.723;260
69.765;260
69.807;260
69.849;260
69.891;260
69.935;260
69.979;260
70.023;260
70.067;260
70.111;260
70.155;260
70.199;260
70.243;260
70.287;260
70.331;260
70.377;260
70.423;260
70.469;260
70.515;260
70.561;260
70.607;260
70.653;260
70.699;260
70.745;260
70.791;260
70.818;104
70.839;260
70.887;260
70.935;260
70.983;260
71.031;260
71.079;260
71.127;260
71.175;260
71.223;260
71.273;260
71.323;260
71.373;260
71.423;260
71.473;260
71.523;260
71.573;260
71.623;260
71.673;260
71.723;260
71.775;260
71.827;260
71.879;260
71.931;260
71.983;260
72.035;260
72.087;260
72.139;260
72.191;260
72.243;260
72.293;260
72.343;260
72.393;260
72.443;260
72.493;260
72.543;260
72.593;260
72.643;260
72.693;260
72.743;260
72.791;260
72.818;104
72.839;260
72.887;260
72.935;260
72.983;260
73.031;260
73.079;260
73.127;260
73.175;260
73.221;260
73.267;260
73.313;260
73.359;260
73.405;260
73.451;260
73.497;260
73.543;260
73.589;260
73.635;260
73.679;260
73.723;260
73.767;260
73.811;260
73.855;260
73.899;260
73.943;260
73.987;260
74.031;260
74.075;260
74.117;260
74.159;260
74.201;260
74.243;260
74.285;260
74.327;260
74.369;260
74.411;260
74.453;260
74.495;260
74.539;260
74.583;260
74.627;260
74.671;260
74.715;260
74.759;260
74.803;260
74.818;104
74.847;260
74.891;260
74.937;260
74.983;260
75.029;260
75.075;260
75.121;260
75.167;260
75.213;260
75.259;260
75.305;260
75.351;260
75.399;260
75.447;260
75.495;260
75.543;260
75.591;260
75.639;260
75.687;260
75.735;260
75.783;260
75.831;260
75.881;260
75.931;260
75.981;260
76.031;260
76.081;260
76.131;260
76.181;260
76.231;260
76.281;260
76.331;260
76.383;260
76.435;260
76.487;260
76.539;260
76.591;260
76.643;260
76.695;260
76.747;260
76.799;260
76.818;104
76.851;260
76.903;260
76.955;260
77.007;260
77.059;260
77.111;260
77.163;260
77.215;260
77.267;260
77.319;260
77.369;260
77.419;260
77.469;260
77.519;260
77.569;260
77.619;260
77.669;260
77.719;260
77.769;260
77.819;260
77.867;260
77.915;260
77.963;260
78.011;260
78.059;260
78.107;260
78.155;260
78.203;260
78.251;260
78.299;260
78.345;260
78.391;260
78.437;260
78.483;260
78.529;260
78.575;260
78.621;260
78.667;260
78.713;260
78.759;260
78.807;260
78.855;260
78.903;260
78.951;260
78.999;260
79.018;104
79.047;260
79.095;260
79.143;260
79.191;260
79.241;260
79.291;260
79.341;260
79.391;260
79.441;260
79.491;260
79.541;260
79.591;260
79.641;260
79.691;260
79.743;260
79.795;260
79.847;260
79.899;260
79.951;260
80.003;260
80.055;260
80.107;260
80.159;260
80.211;260
80.261;260
80.311;260
80.361;260
80.411;260
80.461;260
80.511;260
80.561;260
80.611;260
80.661;260
80.711;260
80.763;260
80.815;260
80.867;260
80.919;260
80.971;260
81.018;104
81.023;260
81.075;260
81.127;260
81.179;260
81.233;260
81.287;260
81.341;260
81.395;260
81.449;260
81.503;260
81.557;260
81.611;260
81.665;260
81.719;260
81.775;260
81.831;260
81.887;260
81.943;260
81.999;260
82.055;260
82.111;260
82.167;260
82.223;260
82.279;260
82.337;260
82.395;260
82.453;260
82.511;260
82.569;260
82.627;260
82.685;260
82.743;260
82.801;260
82.859;260
82.919;260
82.979;260
83.018;104
83.039;260
83.099;260
83.159;260
83.219;260
83.279;260
83.339;260
83.399;260
83.461;260
83.523;260
83.585;260
83.647;260
83.709;260
83.771;260
83.833;260
83.895;260
83.957;260
84.019;260
84.083;260
84.147;260
84.211;260
84.275;260
84.339;260
84.403;260
84.467;260
84.531;260
84.595;260
84.659;260
84.725;260
84.791;260
84.857;260
84.923;260
84.989;260
85.018;104
85.055;260
85.121;260
85.187;260
85.253;260
85.321;260
85.389;260
85.457;260
85.525;260
85.593;260
85.661;260
85.729;260
85.797;260
85.865;260
85.933;260
86.003;260
86.073;260
86.143;260
86.213;260
86.283;260
86.353;260
86.423;260
86.493;260
86.563;260
86.633;260
86.705;260
86.777;260
86.849;260
86.921;260
86.993;260
87.018;104
87.065;260
87.137;260
87.209;260
87.281;260
87.355;260
87.429;260
87.503;260
87.577;260
87.651;260
87.725;260
87.799;260
87.873;260
87.947;260
88.021;260
88.097;260
88.173;260
88.249;260
88.325;260
88.401;260
88.477;260
88.553;260
88.629;260
88.705;260
88.781;260
88.859;260
88.937;260
89.015;260
89.018;104
89.093;260
89.171;260
89.249;260
89.327;260
89.405;260
89.483;260
89.563;260
89.643;260
89.723;260
89.803;260
89.883;260
89.963;260
90.043;260
90.123;260
90.203;260
90.283;260
90.365;260
90.447;260
90.529;260
90.611;260
90.693;260
90.775;260
90.857;260
90.939;260
91.018;104
91.021;260
91.105;260
91.189;260
91.273;260
91.357;260
91.441;260
91.525;260
91.609;260
91.693;260
91.777;260
91.861;260
91.947;260
92.033;260
92.119;260
92.205;260
92.291;260
92.377;260
92.463;260
92.549;260
92.635;260
92.721;260
92.809;260
92.897;260
92.985;260
93.018;104
93.073;260
93.161;260
93.249;260
93.337;260
93.425;260
93.513;260
93.603;260
93.693;260
93.783;260
93.873;260
93.963;260
94.053;260
94.143;260
94.233;260
94.323;260
94.413;260
94.505;260
94.597;260
94.689;260
94.781;260
94.873;260
94.965;260
95.018;104
95.057;260
95.149;260
95.241;260
95.335;260
95.429;260
95.523;260
95.617;260
95.711;260
95.805;260
95.899;260
95.993;260
96.087;260
96.181;260
96.277;260
96.373;260
96.469;260
96.565;260
96.661;260
96.757;260
96.853;260
96.949;260
97.018;104
97.045;260
97.143;260
97.241;260
97.339;260
97.437;260
97.535;260
97.633;260
97.731;260
97.829;260
97.927;260
98.025;260
98.125;260
98.225;260
98.325;260
98.425;260
98.525;260
98.625;260
98.725;260
98.825;260
98.925;260
99.018;104
99.025;260
99.125;260
99.225;260
99.325;260
99.425;260
99.525;260
99.625;260
99.725;260
99.825;260
99.925;260
100.027;260
100.129;260
100.231;260
100.333;260
100.435;260
100.537;260
100.639;260
100.741;260
100.843;260
100.945;260
101.018;104
101.045;260
101.145;260
101.245;260
101.345;260
101.445;260
101.545;260
101.645;260
101.745;260
101.845;260
101.947;260
102.049;260
102.151;260
102.253;260
102.355;260
102.457;260
102.559;260
102.661;260
102.763;260
102.865;260
102.969;260
103.018;104
103.073;260
103.177;260
103.281;260
103.385;260
103.489;260
103.593;260
103.697;260
103.801;260
103.907;260
104.013;260
104.119;260
104.225;260
104.331;260
104.437;260
104.543;260
104.649;260
104.755;260
104.861;260
104.969;260
105.077;260
105.185;260
105.218;104
105.293;260
105.401;260
105.509;260
105.617;260
105.725;260
105.833;260
105.939;260
106.045;260
106.151;260
106.257;260
106.363;260
106.469;260
106.575;260
106.681;260
106.787;260
106.893;260
107.001;260
107.109;260
107.217;260
107.218;104
107.325;260
107.433;260
107.541;260
107.649;260
107.757;260
107.865;260
107.975;260
108.085;260
108.195;260
108.305;260
108.415;260
108.525;260
108.635;260
108.745;260
108.855;260
108.965;260
109.077;260
109.189;260
109.218;104
109.301;260
109.413;260
109.525;260
109.637;260
109.749;260
109.861;260
109.973;260
110.087;260
110.201;260
110.315;260
110.429;260
110.543;260
110.657;260
110.771;260
110.885;260
110.999;260
111.113;260
111.218;104
111.229;260
111.345;260
111.461;260
111.577;260
111.693;260
111.809;260
111.925;260
112.041;260
112.157;260
112.275;260
112.393;260
112.511;260
112.629;260
112.747;260
112.865;260
112.983;260
113.101;260
113.218;104
113.219;260
113.339;260
113.459;260
113.579;260
113.699;260
113.819;260
113.939;260
114.059;260
114.179;260
114.299;260
114.419;260
114.541;260
114.663;260
114.785;260
114.907;260
115.029;260
115.151;260
115.218;104
115.273;260
115.395;260
115.517;260
115.641;260
115.765;260
115.889;260
116.013;260
116.137;260
116.261;260
116.385;260
116.509;260
116.633;260
116.757;260
116.883;260
117.009;260
117.135;260
117.218;104
117.261;260
117.387;260
117.513;260
117.639;260
117.765;260
117.891;260
118.019;260
118.147;260
118.275;260
118.403;260
118.531;260
118.659;260
118.787;260
118.915;260
119.043;260
119.171;260
119.218;104
119.301;260
119.431;260
119.561;260
119.691;260
119.821;260
119.951;260
120.081;260
120.211;260
120.341;260
120.473;260
120.605;260
120.737;260
120.869;260
121.001;260
121.133;260
121.218;104
121.265;260
121.397;260
121.529;260
121.663;260
121.797;260
121.931;260
122.065;260
122.199;260
122.333;260
122.467;260
122.601;260
122.735;260
122.869;260
123.005;260
123.141;260
123.218;104
123.277;260
123.413;260
123.549;260
123.685;260
123.821;260
123.957;260
124.093;260
124.231;260
124.369;260
124.507;260
124.645;260
124.783;260
124.921;260
125.059;260
125.197;260
125.218;104
125.335;260
125.475;260
125.615;260
125.755;260
125.895;260
126.035;260
126.175;260
126.315;260
126.455;260
126.595;260
126.735;260
126.877;260
127.019;260
127.161;260
127.218;104
127.303;260
127.445;260
127.587;260
127.729;260
127.871;260
128.013;260
128.157;260
128.301;260
128.445;260
128.589;260
128.733;260
128.877;260
129.021;260
129.165;260
129.218;104
129.309;260
129.455;260
129.601;260
129.747;260
129.893;260
130.039;260
130.185;260
130.331;260
130.477;260
130.623;260
130.769;260
130.917;260
131.065;260
131.213;260
131.218;104
131.361;260
131.509;260
131.657;260
131.805;260
131.953;260
132.101;260
132.251;260
132.401;260
132.551;260
132.701;260
132.851;260
133.001;260
133.151;260
133.218;104
133.301;260
133.451;260
133.603;260
133.755;260
133.907;260
134.059;260
134.211;260
134.363;260
134.515;260
134.667;260
134.819;260
134.971;260
135.125;260
135.218;104
135.279;260
135.433;260
135.587;260
135.741;260
135.895;260
136.049;260
136.203;260
136.357;260
136.513;260
136.669;260
136.825;260
136.981;260
137.137;260
137.218;104
137.293;260
137.449;260
137.605;260
137.761;260
137.919;260
138.077;260
138.235;260
138.393;260
138.551;260
138.709;260
138.867;260
139.025;260
139.183;260
139.218;104
139.341;260
139.499;260
139.657;260
139.815;260
139.973;260
140.131;260
140.289;260
140.447;260
140.605;260
140.763;260
140.923;260
141.083;260
141.218;104
141.243;260
141.403;260
141.563;260
141.723;260
141.883;260
142.043;260
142.203;260
142.361;260
142.519;260
142.677;260
142.835;260
142.993;260
143.151;260
143.218;104
143.309;260
143.467;260
143.625;260
143.785;260
143.945;260
144.105;260
144.265;260
144.425;260
144.585;260
144.745;260
144.905;260
145.065;260
145.218;104
145.225;260
145.385;260
145.545;260
145.705;260
145.865;260
146.025;260
146.185;260
146.345;260
146.505;260
146.665;260
146.827;260
146.989;260
147.151;260
147.313;260
147.418;104
147.475;260
147.637;260
147.799;260
147.961;260
148.123;260
148.283;260
148.443;260
148.603;260
148.763;260
148.923;260
149.083;260
149.243;260
149.403;260
149.418;104
149.563;260
149.725;260
149.887;260
150.049;260
150.211;260
150.373;260
150.535;260
150.697;260
150.859;260
151.021;260
151.183;260
151.347;260
151.418;104
151.511;260
151.675;260
151.839;260
152.003;260
152.167;260
152.331;260
152.495;260
152.659;260
152.825;260
152.991;260
153.157;260
153.323;260
153.418;104
153.489;260
153.655;260
153.821;260
153.987;260
154.153;260
154.321;260
154.489;260
154.657;260
154.825;260
154.993;260
155.161;260
155.329;260
155.418;104
155.497;260
155.665;260
155.835;260
156.005;260
156.175;260
156.345;260
156.515;260
156.685;260
156.855;260
157.025;260
157.195;260
157.365;260
157.418;104
157.537;260
157.709;260
157.881;260
158.053;260
158.225;260
158.397;260
158.569;260
158.741;260
158.913;260
159.087;260
159.261;260
159.435;260
159.609;260
159.618;104
159.783;260
159.957;260
160.131;260
160.305;260
160.479;260
160.655;260
160.831;260
161.007;260
161.183;260
161.359;260
161.535;260
161.618;104
161.711;260
161.887;260
162.063;260
162.241;260
162.419;260
162.597;260
162.775;260
162.953;260
163.131;260
163.309;260
163.487;260
163.618;104
163.665;260
163.845;260
164.025;260
164.205;260
164.385;260
164.565;260
164.745;260
164.925;260
165.105;260
165.285;260
165.465;260
165.618;104
165.647;260
165.829;260
166.011;260
166.193;260
166.375;260
166.557;260
166.739;260
166.921;260
167.103;260
167.287;260
167.471;260
167.618;104
167.655;260
167.839;260
168.023;260
168.207;260
168.391;260
168.575;260
168.759;260
168.945;260
169.131;260
169.317;260
169.503;260
169.618;104
169.689;260
169.875;260
170.061;260
170.247;260
170.433;260
170.621;260
170.809;260
170.997;260
171.185;260
171.373;260
171.561;260
171.618;104
171.749;260
171.937;260
172.125;260
172.315;260
172.505;260
172.695;260
172.885;260
173.075;260
173.265;260
173.455;260
173.618;104
173.645;260
173.835;260
174.027;260
174.219;260
174.411;260
174.603;260
174.795;260
174.987;260
175.179;260
175.371;260
175.563;260
175.618;104
175.755;260
175.947;260
176.139;260
176.331;260
176.523;260
176.715;260
176.907;260
177.099;260
177.291;260
177.483;260
177.618;104
177.677;260
177.871;260
178.065;260
178.259;260
178.453;260
178.647;260
178.841;260
179.035;260
179.229;260
179.421;260
179.613;260
179.618;104
179.805;260
179.997;260
180.189;260
180.381;260
180.573;260
180.765;260
180.957;260
181.151;260
181.345;260
181.539;260
181.618;104
181.733;260
181.927;260
182.121;260
182.315;260
182.509;260
182.703;260
182.899;260
183.095;260
183.291;260
183.487;260
183.618;104
183.683;260
183.879;260
184.075;260
184.271;260
184.467;260
184.665;260
184.863;260
185.061;260
185.259;260
185.457;260
185.618;104
185.655;260
185.853;260
186.051;260
186.249;260
186.449;260
186.649;260
186.849;260
187.049;260
187.249;260
187.449;260
187.618;104
187.649;260
187.849;260
188.049;260
188.251;260
188.453;260
188.655;260
188.857;260
189.059;260
189.261;260
189.463;260
189.618;104
189.665;260
189.867;260
190.071;260
190.275;260
190.479;260
190.683;260
190.887;260
191.091;260
191.295;260
191.499;260
191.703;260
191.818;104
191.907;260
192.111;260
192.315;260
192.519;260
192.723;260
192.927;260
193.131;260
193.335;260
193.539;260
193.743;260
193.818;104
193.949;260
194.155;260
194.361;260
194.567;260
194.773;260
194.979;260
195.185;260
195.391;260
195.597;260
195.801;260
195.818;104
196.005;260
196.209;260
196.413;260
196.617;260
196.821;260
197.025;260
197.229;260
197.433;260
197.639;260
197.818;104
197.845;260
198.051;260
198.257;260
198.463;260
198.669;260
198.875;260
199.081;260
199.287;260
199.495;260
199.703;260
199.818;104
199.911;260
200.119;260
200.327;260
200.535;260
200.743;260
200.951;260
201.159;260
201.369;260
201.579;260
201.789;260
201.818;104
201.999;260
202.209;260
202.419;260
202.629;260
202.839;260
203.049;260
203.261;260
203.473;260
203.685;260
203.818;104
203.897;260
204.109;260
204.321;260
204.533;260
204.745;260
204.957;260
205.171;260
205.385;260
205.599;260
205.813;260
205.818;104
206.027;260
206.241;260
206.455;260
206.669;260
206.883;260
207.099;260
207.315;260
207.531;260
207.747;260
207.818;104
207.963;260
208.179;260
208.395;260
208.611;260
208.827;260
209.045;260
209.263;260
209.481;260
209.699;260
209.917;260
210.018;104
210.135;260
210.353;260
210.571;260
210.789;260
211.009;260
211.229;260
211.449;260
211.669;260
211.889;260
212.109;260
212.218;260
212.329;260
212.549;260
212.769;260
212.991;260
213.213;260
213.435;260
213.657;260
213.879;260
214.101;260
214.323;260
214.418;260
214.545;260
214.767;260
214.991;260
215.215;260
215.439;260
215.663;260
215.887;260
216.111;260
216.335;260
216.418;260
216.559;260
216.783;260
217.009;260
217.235;260
217.461;260
217.687;260
217.913;260
218.139;260
218.365;260
218.418;260
218.591;260
218.817;260
219.045;260
219.273;260
219.501;260
219.729;260
219.957;260
220.185;260
220.413;260
220.418;260
220.641;260
220.869;260
221.099;260
221.329;260
221.559;260
221.789;260
222.019;260
222.249;260
222.418;260
222.479;260
222.709;260
222.939;260
223.171;260
223.403;260
223.635;260
223.867;260
224.099;260
224.331;260
224.563;260
224.618;260
224.795;260
225.027;260
225.261;260
225.495;260
225.729;260
225.963;260
226.197;260
226.431;260
226.618;260
226.665;260
226.899;260
227.133;260
227.369;260
227.605;260
227.841;260
228.077;260
228.313;260
228.549;260
228.785;260
228.818;260
229.021;260
229.257;260
229.495;260
229.733;260
229.971;260
230.209;260
230.447;260
230.685;260
230.923;260
231.018;260
231.161;260
231.399;260
231.639;260
231.879;260
232.119;260
232.359;260
232.599;260
232.839;260
233.018;260
233.079;260
233.319;260
233.559;260
233.801;260
234.043;260
234.285;260
234.527;260
234.769;260
235.011;260
235.018;260
235.253;260
235.495;260
235.737;260
235.981;260
236.225;260
236.469;260
236.713;260
236.957;260
237.201;260
237.218;260
237.445;260
237.689;260
237.933;260
238.179;260
238.425;260
238.671;260
238.917;260
239.163;260
239.218;260
239.409;260
239.655;260
239.901;260
240.147;260
240.395;260
240.643;260
240.891;260
241.139;260
241.387;260
241.418;260
241.635;260
241.883;260
242.131;260
242.379;260
242.629;260
242.879;260
243.129;260
243.379;260
243.418;260
243.629;260
243.879;260
244.129;260
244.379;260
244.629;260
244.881;260
245.133;260
245.385;260
245.418;260
245.637;260
245.889;260
246.141;260
246.393;260
246.645;260
246.897;260
247.151;260
247.405;260
247.418;260
247.659;260
247.913;260
248.167;260
248.421;260
248.675;260
248.929;260
249.183;260
249.418;260
249.439;260
249.695;260
249.951;260
250.207;260
250.463;260
250.719;260
250.975;260
251.231;260
251.418;260
251.487;260
251.743;260
251.999;260
252.255;260
252.511;260
252.767;260
253.023;260
253.279;260
253.418;260
253.535;260
253.793;260
254.051;260
254.309;260
254.567;260
254.825;260
255.083;260
255.341;260
255.599;260
255.618;260
255.857;260
256.113;260
256.369;260
256.625;260
256.881;260
257.137;260
257.393;260
257.618;260
257.649;260
257.905;260
258.161;260
258.419;260
258.677;260
258.935;260
259.193;260
259.451;260
259.618;260
259.709;260
259.967;260
260.225;260
260.483;260
260.743;260
261.003;260
261.263;260
261.523;260
261.618;260
261.783;260
262.043;260
262.303;260
262.563;260
262.823;260
263.085;260
263.347;260
263.609;260
263.618;260
263.871;260
264.133;260
264.395;260
264.657;260
264.919;260
265.181;260
265.445;260
265.618;260
265.709;260
265.973;260
266.237;260
266.501;260
266.765;260
267.029;260
267.293;260
267.557;260
267.618;260
267.823;260
268.089;260
268.355;260
268.621;260
268.887;260
269.153;260
269.419;260
269.618;260
269.685;260
269.953;260
270.221;260
270.489;260
270.757;260
271.025;260
271.293;260
271.561;260
271.818;260
271.829;260
272.097;260
272.367;260
272.637;260
272.907;260
273.177;260
273.447;260
273.717;260
273.818;260
273.987;260
274.257;260
274.527;260
274.799;260
275.071;260
275.343;260
275.615;260
275.818;260
275.887;260
276.159;260
276.431;260
276.703;260
276.975;260
277.249;260
277.523;260
277.797;260
277.818;260
278.071;260
278.345;260
278.619;260
278.893;260
279.167;260
279.441;260
279.717;260
279.818;260
279.993;260
280.269;260
280.545;260
280.821;260
281.097;260
281.373;260
281.649;260
281.818;260
281.925;260
282.201;260
282.477;260
282.753;260
283.029;260
283.305;260
283.581;260
283.818;260
283.857;260
284.133;260
284.411;260
284.689;260
284.967;260
285.245;260
285.523;260
285.801;260
286.018;260
286.079;260
286.357;260
286.635;260
286.911;260
287.187;260
287.463;260
287.739;260
288.015;260
288.218;260
288.291;260
288.567;260
288.843;260
289.119;260
289.393;260
289.667;260
289.941;260
290.215;260
290.418;260
290.489;260
290.763;260
291.037;260
291.311;260
291.585;260
291.861;260
292.137;260
292.413;260
292.418;260
292.689;260
292.965;260
293.241;260
293.517;260
293.793;260
294.069;260
294.347;260
294.418;260
294.625;260
294.903;260
295.181;260
295.459;260
295.737;260
296.015;260
296.293;260
296.418;260
296.571;260
296.849;260
297.127;260
297.405;260
297.683;260
297.961;260
298.239;260
298.418;260
298.517;260
298.795;260
299.075;260
299.355;260
299.635;260
299.915;260
300.195;260
300.418;260
300.475;260
300.755;260
301.035;260
301.315;260
301.593;260
301.871;260
302.149;260
302.418;260
302.427;260
302.705;260
302.983;260
303.261;260
303.539;260
303.817;260
304.097;260
304.377;260
304.418;260
304.657;260
304.937;260
305.217;260
305.497;260
305.777;260
306.057;260
306.337;260
306.418;260
306.619;260
306.901;260
307.183;260
307.465;260
307.747;260
308.029;260
308.311;260
308.593;260
308.618;260
308.875;260
309.157;260
309.439;260
309.721;260
310.003;260
310.285;260
310.567;260
310.818;260
310.849;260
311.131;260
311.415;260
311.699;260
311.983;260
312.267;260
312.551;260
312.818;260
312.835;260
313.119;260
313.403;260
313.687;260
313.973;260
314.259;260
314.545;260
314.818;260
314.831;260
315.117;260
315.403;260
315.689;260
315.975;260
316.261;260
316.549;260
316.837;260
317.018;260
317.125;260
317.413;260
317.701;260
317.989;260
318.277;260
318.565;260
318.853;260
319.018;260
319.143;260
319.433;260
319.723;260
320.013;260
320.303;260
320.593;260
320.883;260
321.018;260
321.173;260
321.465;260
321.757;260
322.049;260
322.341;260
322.633;260
322.925;260
323.018;260
323.217;260
323.509;260
323.801;260
324.095;260
324.389;260
324.683;260
324.977;260
325.018;260
325.271;260
325.565;260
325.859;260
326.153;260
326.447;260
326.743;260
327.018;260
327.039;260
327.335;260
327.631;260
327.927;260
328.223;260
328.519;260
328.815;260
329.018;260
329.111;260
329.407;260
329.703;260
329.999;260
330.295;260
330.591;260
330.887;260
331.018;260
331.183;260
331.479;260
331.777;260
332.075;260
332.373;260
332.671;260
332.969;260
333.018;260
333.267;260
333.565;260
333.863;260
334.161;260
334.457;260
334.753;260
335.018;260
335.049;260
335.345;260
335.641;260
335.937;260
336.233;260
336.529;260
336.825;260
337.123;260
337.218;260
337.421;260
337.719;260
338.017;260
338.315;260
338.613;260
338.911;260
339.209;260
339.218;260
339.507;260
339.805;260
340.103;260
340.401;260
340.699;260
340.997;260
341.218;260
341.295;260
341.593;260
341.891;260
342.191;260
342.491;260
342.791;260
343.091;260
343.218;260
343.391;260
343.691;260
343.991;260
344.291;260
344.591;260
344.889;260
345.187;260
345.218;260
345.485;260
345.783;260
346.081;260
346.379;260
346.677;260
346.975;260
347.218;260
347.273;260
347.571;260
347.869;260
348.167;260
348.465;260
348.763;260
349.061;260
349.218;260
349.359;260
349.657;260
349.957;260
350.257;260
350.557;260
350.857;260
351.157;260
351.218;260
351.457;260
351.757;260
352.057;260
352.357;260
352.655;260
352.953;260
353.218;260
353.251;260
353.549;260
353.847;260
354.145;260
354.443;260
354.741;260
355.039;260
355.218;260
355.339;260
355.639;260
355.939;260
356.239;260
356.539;260
356.839;260
357.139;260
357.218;260
357.439;260
357.741;260
358.043;260
358.345;260
358.647;260
358.949;260
359.218;260
359.251;260
359.553;260
359.855;260
360.157;260
360.461;260
360.765;260
361.069;260
361.218;260
361.373;260
361.677;260
361.981;260
362.285;260
362.589;260
362.893;260
363.199;260
363.218;260
363.505;260
363.811;260
364.117;260
364.423;260
364.729;260
365.035;260
365.218;260
365.341;260
365.649;260
365.957;260
366.265;260
366.573;260
366.881;260
367.189;260
367.218;260
367.497;260
367.805;260
368.113;260
368.423;260
368.733;260
369.043;260
369.218;260
369.353;260
369.663;260
369.973;260
370.283;260
370.593;260
370.903;260
371.215;260
371.218;260
371.527;260
371.839;260
372.151;260
372.463;260
372.775;260
373.087;260
373.218;260
373.399;260
373.713;260
374.027;260
374.341;260
374.655;260
374.969;260
375.218;260
375.283;260
375.597;260
375.911;260
376.225;260
376.541;260
376.857;260
377.173;260
377.218;260
377.489;260
377.805;260
378.121;260
378.437;260
378.753;260
379.069;260
379.218;260
379.387;260
379.705;260
380.023;260
380.341;260
380.659;260
380.977;260
381.218;260
381.295;260
381.613;260
381.933;260
382.253;260
382.573;260
382.893;260
383.213;260
383.218;260
383.533;260
383.853;260
384.173;260
384.493;260
384.815;260
385.137;260
385.218;260
385.459;260
385.781;260
386.103;260
386.425;260
386.747;260
387.069;260
387.391;260
387.418;260
387.715;260
388.039;260
388.363;260
388.687;260
389.011;260
389.335;260
389.418;260
389.659;260
389.983;260
390.309;260
390.635;260
390.961;260
391.287;260
391.613;260
391.618;260
391.939;260
392.265;260
392.591;260
392.917;260
393.245;260
393.573;260
393.618;260
393.901;260
394.229;260
394.557;260
394.885;260
395.213;260
395.541;260
395.618;260
395.869;260
396.197;260
396.525;260
396.853;260
397.181;260
397.509;260
397.618;260
397.837;260
398.165;260
398.493;260
398.823;260
399.153;260
399.483;260
399.618;260
399.813;260
400.143;260
400.473;260
400.803;260
401.133;260
401.463;260
401.618;260
401.791;260
402.119;260
402.447;260
402.775;260
403.103;260
403.431;260
403.618;260
403.759;260
404.087;260
404.417;260
404.747;260
405.077;260
405.407;260
405.737;260
405.818;260
406.067;260
406.397;260
406.727;260
407.057;260
407.389;260
407.721;260
407.818;260
408.053;260
408.385;260
408.717;260
409.049;260
409.381;260
409.713;260
409.818;260
410.045;260
410.377;260
410.709;260
411.041;260
411.373;260
411.705;260
411.818;260
412.037;260
412.369;260
412.701;260
413.035;260
413.369;260
413.703;260
414.018;260
414.037;260
414.371;260
414.705;260
415.039;260
415.373;260
415.707;260
416.018;260
416.039;260
416.371;260
416.703;260
417.035;260
417.367;260
417.699;260
418.018;260
418.031;260
418.363;260
418.697;260
419.031;260
419.365;260
419.699;260
420.018;260
420.033;260
420.367;260
420.701;260
421.035;260
421.369;260
421.705;260
422.018;260
422.041;260
422.377;260
422.713;260
423.049;260
423.385;260
423.721;260
424.018;260
424.057;260
424.395;260
424.733;260
425.071;260
425.409;260
425.747;260
426.018;260
426.085;260
426.423;260
426.761;260
427.099;260
427.439;260
427.779;260
428.018;260
428.119;260
428.459;260
428.799;260
429.139;260
429.479;260
429.819;260
430.159;260
430.218;260
430.501;260
430.843;260
431.185;260
431.527;260
431.869;260
432.211;260
432.218;260
432.553;260
432.895;260
433.239;260
433.583;260
433.927;260
434.218;260
434.271;260
434.615;260
434.959;260
435.303;260
435.647;260
435.991;260
436.218;260
436.337;260
436.683;260
437.029;260
437.375;260
437.721;260
438.067;260
438.218;260
438.413;260
438.759;260
439.107;260
439.455;260
439.803;260
440.151;260
440.218;260
440.499;260
440.847;260
441.195;260
441.543;260
441.891;260
442.218;260
442.241;260
442.591;260
442.941;260
443.291;260
443.641;260
443.991;260
444.218;260
444.341;260
444.691;260
445.043;260
445.395;260
445.747;260
446.099;260
446.418;260
446.451;260
446.803;260
447.155;260
447.507;260
447.859;260
448.213;260
448.418;260
448.567;260
448.921;260
449.275;260
449.629;260
449.983;260
450.337;260
450.418;260
450.691;260
451.043;260
451.395;260
451.747;260
452.099;260
452.418;260
452.451;260
452.803;260
453.155;260
453.507;260
453.859;260
454.213;260
454.418;260
454.567;260
454.921;260
455.275;260
455.629;260
455.983;260
456.337;260
456.418;260
456.691;260
457.043;260
457.395;260
457.747;260
458.099;260
458.418;260
458.451;260
458.803;260
459.155;260
459.507;260
459.859;260
460.213;260
460.418;260
460.567;260
460.921;260
461.275;260
461.629;260
461.983;260
462.337;260
462.418;260
462.691;260
463.047;260
463.403;260
463.759;260
464.115;260
464.418;260
464.471;260
464.827;260
465.183;260
465.539;260
465.895;260
466.253;260
466.418;260
466.611;260
466.969;260
467.327;260
467.685;260
468.043;260
468.401;260
468.418;260
468.759;260
469.115;260
469.471;260
469.827;260
470.183;260
470.418;260
470.539;260
470.895;260
471.251;260
471.607;260
471.963;260
472.321;260
472.418;260
472.679;260
473.037;260
473.395;260
473.753;260
474.111;260
474.418;260
474.469;260
474.827;260
475.183;260
475.539;260
475.895;260
476.251;260
476.607;260
476.618;260
476.963;260
477.319;260
477.675;260
478.031;260
478.389;260
478.618;260
478.747;260
479.105;260
479.463;260
479.821;260
480.179;260
480.537;260
480.618;260
480.895;260
481.251;260
481.607;260
481.963;260
482.319;260
482.618;260
482.675;260
483.031;260
483.387;260
483.743;260
484.099;260
484.457;260
484.618;260
484.815;260
485.173;260
485.531;260
485.889;260
486.247;260
486.605;260
486.618;260
486.963;260
487.319;260
487.675;260
488.031;260
488.387;260
488.618;260
488.743;260
489.099;260
489.455;260
489.811;260
490.167;260
490.525;260
490.618;260
490.883;260
491.241;260
491.599;260
491.957;260
492.315;260
492.618;260
492.673;260
493.031;260
493.387;260
493.743;260
494.099;260
494.455;260
494.618;260
494.811;260
495.167;260
495.523;260
495.879;260
496.235;260
496.593;260
496.618;260
496.951;260
497.309;260
497.667;260
498.025;260
498.383;260
498.741;260
498.818;260
499.099;260
499.459;260
499.819;260
500.179;260
500.539;260
500.818;260
500.899;260
501.259;260
501.619;260
501.979;260
502.339;260
502.701;260
502.818;260
503.063;260
503.425;260
503.787;260
504.149;260
504.511;260
504.818;260
504.873;260
505.235;260
505.599;260
505.963;260
506.327;260
506.691;260
506.818;260
507.055;260
507.419;260
507.783;260
508.147;260
508.511;260
508.818;260
508.877;260
509.243;260
509.609;260
509.975;260
510.341;260
510.707;260
510.818;260
511.073;260
511.439;260
511.807;260
512.175;260
512.543;260
512.818;260
512.911;260
513.279;260
513.647;260
514.015;260
514.383;260
514.751;260
514.818;260
515.121;260
515.491;260
515.861;260
516.231;260
516.601;260
516.818;260
516.971;260
517.341;260
517.711;260
518.083;260
518.455;260
518.818;260
518.827;260
519.199;260
519.571;260
519.943;260
520.315;260
520.687;260
520.818;260
521.059;260
521.431;260
521.803;260
522.175;260
522.547;260
522.818;260
522.919;260
523.291;260
523.663;260
524.035;260
524.409;260
524.783;260
524.818;260
525.157;260
525.531;260
525.905;260
526.279;260
526.653;260
526.818;260
527.027;260
527.399;260
527.771;260
528.143;260
528.515;260
528.818;260
528.887;260
529.259;260
529.631;260
530.003;260
530.375;260
530.749;260
530.818;260
531.123;260
531.497;260
531.871;260
532.245;260
532.619;260
532.818;260
532.993;260
533.367;260
533.743;260
534.119;260
534.495;260
534.818;260
534.871;260
535.247;260
535.623;260
535.999;260
536.375;260
536.751;260
537.018;260
537.129;260
537.507;260
537.885;260
538.263;260
538.641;260
539.018;260
539.019;260
539.397;260
539.775;260
540.155;260
540.535;260
540.915;260
541.018;260
541.295;260
541.675;260
542.055;260
542.435;260
542.815;260
543.018;260
543.195;260
543.575;260
543.955;260
544.335;260
544.715;260
545.018;260
545.095;260
545.475;260
545.855;260
546.235;260
546.617;260
546.999;260
547.018;260
547.381;260
547.763;260
548.145;260
548.527;260
548.909;260
549.218;260
549.291;260
549.671;260
550.051;260
550.431;260
550.811;260
551.191;260
551.218;260
551.571;260
551.951;260
552.331;260
552.711;260
553.093;260
553.218;260
553.475;260
553.857;260
554.239;260
554.621;260
555.003;260
555.218;260
555.385;260
555.767;260
556.151;260
556.535;260
556.919;260
557.218;260
557.303;260
557.687;260
558.071;260
558.455;260
558.839;260
559.218;260
559.223;260
559.607;260
559.991;260
560.375;260
560.759;260
561.143;260
561.218;260
561.527;260
561.911;260
562.295;260
562.681;260
563.067;260
563.218;260
563.453;260
563.839;260
564.225;260
564.611;260
564.997;260
565.218;260
565.383;260
565.767;260
566.151;260
566.535;260
566.919;260
567.218;260
567.303;260
567.687;260
568.071;260
568.455;260
568.839;260
569.218;260
569.225;260
569.611;260
569.997;260
570.383;260
570.769;260
571.155;260
571.218;260
571.541;260
571.927;260
572.315;260
572.703;260
573.091;260
573.218;260
573.479;260
573.867;260
574.255;260
574.643;260
575.031;260
575.218;260
575.419;260
575.807;260
576.195;260
576.583;260
576.971;260
577.218;260
577.359;260
577.747;260
578.135;260
578.523;260
578.913;260
579.218;260
579.303;260
579.693;260
580.083;260
580.473;260
580.863;260
581.218;260
581.253;260
581.643;260
582.031;260
582.419;260
582.807;260
583.195;260
583.218;260
583.583;260
583.971;260
584.359;260
584.747;260
585.135;260
585.418;260
585.525;260
585.915;260
586.305;260
586.695;260
587.085;260
587.418;260
587.475;260
587.865;260
588.255;260
588.647;260
589.039;260
589.418;260
589.431;260
589.823;260
590.215;260
590.607;260
590.999;260
591.391;260
591.418;260
591.783;260
592.175;260
592.567;260
592.959;260
593.351;260
593.618;260
593.743;260
594.135;260
594.527;260
594.919;260
595.313;260
595.618;260
595.707;260
596.101;260
596.495;260
596.889;260
597.283;260
597.618;260
597.677;260
598.071;260
598.463;260
598.855;260
599.247;260
599.618;260
599.639;260
600.031;260
600.423;260
600.815;260
601.207;260
601.599;260
601.618;260
601.993;260
602.387;260
602.781;260
603.175;260
603.569;260
603.618;260
603.963;260
604.357;260
604.751;260
605.147;260
605.543;260
605.618;260
605.939;260
606.335;260
606.731;260
607.127;260
607.523;260
607.618;260
607.919;260
608.317;260
608.715;260
609.113;260
609.511;260
609.618;260
609.909;260
610.307;260
610.705;260
611.103;260
611.501;260
611.618;260
611.901;260
612.301;260
612.701;260
613.101;260
613.501;260
613.818;260
613.901;260
614.301;260
614.701;260
615.103;260
615.505;260
615.907;260
616.018;260
616.309;260
616.711;260
617.113;260
617.515;260
617.917;260
618.018;260
618.319;260
618.721;260
619.123;260
619.525;260
619.927;260
620.018;260
620.329;260
620.731;260
621.133;260
621.535;260
621.939;260
622.018;260
622.343;260
622.747;260
623.151;260
623.555;260
623.959;260
624.018;260
624.363;260
624.767;260
625.169;260
625.571;260
625.973;260
626.218;260
626.375;260
626.777;260
627.179;260
627.581;260
627.983;260
628.385;260
628.418;260
628.789;260
629.193;260
629.597;260
630.001;260
630.405;260
630.418;260
630.809;260
631.213;260
631.617;260
632.023;260
632.418;260
632.429;260
632.835;260
633.241;260
633.647;260
634.053;260
634.418;260
634.459;260
634.865;260
635.273;260
635.681;260
636.089;260
636.418;260
636.497;260
636.905;260
637.313;260
637.721;260
638.129;260
638.418;260
638.537;260
638.945;260
639.353;260
639.761;260
640.169;260
640.418;260
640.577;260
640.985;260
641.393;260
641.801;260
642.211;260
642.418;260
642.621;260
643.031;260
643.441;260
643.851;260
644.261;260
644.418;260
644.671;260
645.081;260
645.489;260
645.897;260
646.305;260
646.418;260
646.713;260
647.121;260
647.529;260
647.937;260
648.345;260
648.418;260
648.753;260
649.161;260
649.569;260
649.977;260
650.385;260
650.418;260
650.793;260
651.201;260
651.609;260
652.017;260
652.418;260
652.427;260
652.837;260
653.247;260
653.657;260
654.067;260
654.418;260
654.477;260
654.887;260
655.297;260
655.705;260
656.113;260
656.418;260
656.521;260
656.929;260
657.337;260
657.745;260
658.153;260
658.418;260
658.561;260
658.971;260
659.381;260
659.791;260
660.201;260
660.611;260
660.618;260
661.021;260
661.431;260
661.841;260
662.251;260
662.618;260
662.663;260
663.075;260
663.487;260
663.899;260
664.311;260
664.618;260
664.723;260
665.135;260
665.547;260
665.961;260
666.375;260
666.618;260
666.789;260
667.203;260
667.617;260
668.031;260
668.445;260
668.818;260
668.859;260
669.275;260
669.691;260
670.107;260
670.523;260
670.818;260
670.939;260
671.355;260
671.771;260
672.187;260
672.603;260
672.818;260
673.021;260
673.439;260
673.857;260
674.275;260
674.693;260
674.818;260
675.111;260
675.529;260
675.947;260
676.367;260
676.787;260
676.818;260
677.207;260
677.627;260
678.047;260
678.467;260
678.818;260
678.887;260
679.307;260
679.729;260
680.151;260
680.573;260
680.818;260
680.995;260
681.417;260
681.839;260
682.261;260
682.683;260
682.818;260
683.105;260
683.527;260
683.949;260
684.371;260
684.793;260
684.818;260
685.215;260
685.637;260
686.059;260
686.481;260
686.818;260
686.905;260
687.329;260
687.753;260
688.177;260
688.601;260
688.818;260
689.025;260
689.449;260
689.873;260
690.295;260
690.717;260
690.818;260
691.139;260
691.561;260
691.983;260
692.405;260
692.818;260
692.827;260
693.249;260
693.673;260
694.097;260
694.521;260
694.818;260
694.945;260
695.369;260
695.793;260
696.217;260
696.641;260
696.818;260
697.065;260
697.489;260
697.913;260
698.337;260
698.761;260
699.018;260
699.185;260
699.609;260
700.033;260
700.457;260
700.883;260
701.018;260
701.309;260
701.735;260
702.161;260
702.587;260
703.013;260
703.018;260
703.439;260
703.865;260
704.289;260
704.713;260
705.018;260
705.137;260
705.561;260
705.985;260
706.409;260
706.833;260
707.018;260
707.257;260
707.683;260
708.109;260
708.535;260
708.961;260
709.018;260
709.387;260
709.813;260
710.239;260
710.665;260
711.018;260
711.091;260
711.517;260
711.943;260
712.369;260
712.795;260
713.018;260
713.221;260
713.647;260
714.073;260
714.499;260
714.923;260
715.018;260
715.347;260
715.771;260
716.195;260
716.619;260
717.018;260
717.043;260
717.467;260
717.891;260
718.313;260
718.735;260
719.018;260
719.157;260
719.579;260
720.001;260
720.423;260
720.845;260
721.018;260
721.267;260
721.691;260
722.115;260
722.539;260
722.963;260
723.018;260
723.387;260
723.811;260
724.235;260
724.659;260
725.018;260
725.083;260
725.507;260
725.931;260
726.355;260
726.779;260
727.018;260
727.203;260
727.627;260
728.051;260
728.475;260
728.897;260
729.018;260
729.319;260
729.741;260
730.163;260
730.585;260
731.007;260
731.018;260
731.429;260
731.851;260
732.271;260
732.691;260
733.018;260
733.111;260
733.531;260
733.951;260
734.371;260
734.791;260
735.018;260
735.211;260
735.629;260
736.047;260
736.465;260
736.883;260
737.018;260
737.301;260
737.719;260
738.137;260
738.555;260
738.973;260
739.018;260
739.393;260
739.813;260
740.233;260
740.653;260
741.018;260
741.073;260
741.493;260
741.913;260
742.333;260
742.751;260
743.018;260
743.169;260
743.587;260
744.005;260
744.423;260
744.841;260
745.018;260
745.259;260
745.677;260
746.097;260
746.517;260
746.937;260
747.218;260
747.357;260
747.777;260
748.197;260
748.617;260
749.037;260
749.218;260
749.457;260
749.877;260
750.297;260
750.717;260
751.137;260
751.218;260
751.557;260
751.977;260
752.397;260
752.817;260
753.218;260
753.239;260
753.661;260
754.083;260
754.505;260
754.927;260
755.218;260
755.349;260
755.771;260
756.193;260
756.613;260
757.033;260
757.218;260
757.453;260
757.873;260
758.293;260
758.713;260
759.133;260
759.218;260
759.553;260
759.975;260
760.397;260
760.819;260
761.241;260
761.418;260
761.663;260
762.085;260
762.507;260
762.929;260
763.351;260
763.418;260
763.775;260
764.199;260
764.623;260
765.047;260
765.418;260
765.471;260
765.895;260
766.319;260
766.743;260
767.169;260
767.595;260
767.618;260
768.021;260
768.447;260
768.873;260
769.299;260
769.618;260
769.725;260
770.151;260
770.579;260
771.007;260
771.435;260
771.618;260
771.863;260
772.291;260
772.719;260
773.147;260
773.575;260
773.618;260
774.003;260
774.431;260
774.859;260
775.287;260
775.618;260
775.715;260
776.143;260
776.571;260
776.999;260
777.427;260
777.618;260
777.857;260
778.287;260
778.717;260
779.147;260
779.577;260
779.618;260
780.007;260
780.437;260
780.867;260
781.295;260
781.618;260
781.723;260
782.151;260
782.579;260
783.007;260
783.435;260
783.618;260
783.863;260
784.291;260
784.721;260
785.151;260
785.581;260
785.618;260
786.011;260
786.441;260
786.871;260
787.301;260
787.731;260
787.818;260
788.161;260
788.591;260
789.021;260
789.451;260
789.881;260
790.018;260
790.311;260
790.741;260
791.171;260
791.601;260
792.018;260
792.029;260
792.457;260
792.885;260
793.313;260
793.741;260
794.169;260
794.218;260
794.597;260
795.025;260
795.451;260
795.877;260
796.218;260
796.303;260
796.729;260
797.155;260
797.581;260
798.007;260
798.218;260
798.433;260
798.861;260
799.289;260
799.717;260
800.145;260
800.218;260
800.573;260
801.001;260
801.429;260
801.857;260
802.218;260
802.285;260
802.713;260
803.141;260
803.569;260
803.997;260
804.218;260
804.425;260
804.853;260
805.281;260
805.709;260
806.135;260
806.218;260
806.561;260
806.987;260
807.413;260
807.839;260
808.218;260
808.265;260
808.691;260
809.117;260
809.541;260
809.965;260
810.218;260
810.389;260
810.813;260
811.237;260
811.661;260
812.085;260
812.218;260
812.509;260
812.935;260
813.361;260
813.787;260
814.213;260
814.218;260
814.639;260
815.065;260
815.491;260
815.917;260
816.218;260
816.343;260
816.769;260
817.195;260
817.621;260
818.047;260
818.218;260
818.473;260
818.899;260
819.325;260
819.751;260
820.175;260
820.218;260
820.599;260
821.023;260
821.447;260
821.871;260
822.218;260
822.295;260
822.719;260
823.143;260
823.565;260
823.987;260
824.218;260
824.409;260
824.831;260
825.253;260
825.675;260
826.097;260
826.218;260
826.519;260
826.943;260
827.367;260
827.791;260
828.215;260
828.218;260
828.639;260
829.063;260
829.487;260
829.911;260
830.218;260
830.335;260
830.759;260
831.183;260
831.607;260
832.031;260
832.418;260
832.455;260
832.879;260
833.303;260
833.727;260
834.149;260
834.571;260
834.618;260
834.993;260
835.415;260
835.837;260
836.259;260
836.618;260
836.681;260
837.103;260
837.523;260
837.943;260
838.363;260
838.618;260
838.783;260
839.203;260
839.623;260
840.043;260
840.463;260
840.618;260
840.883;260
841.303;260
841.723;260
842.143;260
842.563;260
842.618;260
842.983;260
843.403;260
843.823;260
844.243;260
844.618;260
844.665;260
845.087;260
845.509;260
845.931;260
846.353;260
846.618;260
846.775;260
847.197;260
847.619;260
848.043;260
848.467;260
848.818;260
848.891;260
849.315;260
849.739;260
850.163;260
850.587;260
850.818;260
851.011;260
851.437;260
851.863;260
852.289;260
852.715;260
852.818;260
853.141;260
853.567;260
853.993;260
854.419;260
854.818;260
854.845;260
855.271;260
855.697;260
856.123;260
856.549;260
856.818;260
856.975;260
857.401;260
857.827;260
858.253;260
858.681;260
858.818;260
859.109;260
859.537;260
859.965;260
860.393;260
860.818;260
860.821;260
861.249;260
861.677;260
862.103;260
862.529;260
862.818;260
862.955;260
863.381;260
863.807;260
864.233;260
864.659;260
864.818;260
865.085;260
865.513;260
865.941;260
866.369;260
866.797;260
866.818;260
867.225;260
867.653;260
868.081;260
868.509;260
868.818;260
868.937;260
869.365;260
869.793;260
870.221;260
870.649;260
870.818;260
871.077;260
871.505;260
871.933;260
872.361;260
872.791;260
872.818;260
873.221;260
873.651;260
874.081;260
874.511;260
874.818;260
874.941;260
875.371;260
875.801;260
876.229;260
876.657;260
876.818;260
877.085;260
877.513;260
877.941;260
878.369;260
878.797;260
878.818;260
879.225;260
879.655;260
880.085;260
880.515;260
880.818;260
880.945;260
881.375;260
881.805;260
882.235;260
882.665;260
882.818;260
883.095;260
883.525;260
883.955;260
884.385;260
884.815;260
884.818;260
885.245;260
885.675;260
886.105;260
886.535;260
886.818;260
886.967;260
887.399;260
887.831;260
888.263;260
888.695;260
888.818;260
889.127;260
889.559;260
889.991;260
890.421;260
890.818;260
890.851;260
891.281;260
891.711;260
892.141;260
892.571;260
892.818;260
893.001;260
893.431;260
893.863;260
894.295;260
894.727;260
894.818;260
895.159;260
895.591;260
896.023;260
896.455;260
896.887;260
897.018;260
897.319;260
897.751;260
898.183;260
898.615;260
899.018;260
899.047;260
899.479;260
899.911;260
900.343;260
900.775;260
901.018;260
901.209;260
901.643;260
902.077;260
902.511;260
902.945;260
903.018;260
903.379;260
903.813;260
904.247;260
904.679;260
905.111;260
905.218;260
905.543;260
905.975;260
906.407;260
906.839;260
907.218;260
907.271;260
907.703;260
908.137;260
908.571;260
909.005;260
909.218;260
909.439;260
909.873;260
910.307;260
910.741;260
911.175;260
911.218;260
911.609;260
912.043;260
912.477;260
912.911;260
913.218;259
913.345;260
913.779;260
914.213;260
914.647;260
915.081;260
915.218;259
915.513;260
915.945;260
916.377;260
916.809;260
917.218;259
917.241;260
917.673;260
918.105;260
918.537;260
918.967;260
919.397;260
919.418;259
919.827;260
920.257;260
920.687;260
921.117;260
921.418;259
921.547;260
921.977;260
922.409;260
922.841;260
923.273;260
923.418;259
923.705;260
924.137;260
924.569;260
925.001;260
925.418;259
925.433;260
925.867;260
926.301;260
926.735;260
927.169;260
927.418;259
927.603;260
928.037;260
928.471;260
928.905;260
929.339;260
929.418;259
929.775;260
930.211;260
930.647;260
931.083;260
931.418;259
931.519;260
931.955;260
932.391;260
932.827;260
933.265;260
933.418;259
933.703;260
934.141;260
934.579;260
935.017;260
935.418;259
935.455;260
935.893;260
936.331;260
936.771;260
937.211;260
937.418;259
937.651;260
938.091;260
938.531;260
938.971;260
939.411;260
939.418;259
939.851;260
940.293;260
940.735;260
941.177;260
941.418;259
941.619;260
942.061;260
942.503;260
942.945;260
943.387;260
943.418;259
943.829;260
944.271;260
944.713;260
945.155;260
945.418;259
945.597;260
946.039;260
946.481;260
946.923;260
947.365;260
947.418;259
947.809;260
948.253;260
948.697;260
949.141;260
949.418;259
949.585;260
950.029;260
950.473;260
950.917;260
951.359;260
951.418;259
951.801;260
952.243;260
952.685;260
953.127;260
953.418;259
953.569;260
954.011;260
954.453;260
954.897;260
955.341;260
955.418;259
955.785;260
956.229;260
956.673;260
957.117;260
957.561;260
957.618;259
958.005;260
958.451;260
958.897;260
959.343;260
959.618;259
959.789;260
960.235;260
960.681;260
961.127;260
961.573;260
961.618;259
962.019;260
962.465;260
962.911;260
963.357;260
963.618;259
963.803;260
964.249;260
964.695;260
965.141;260
965.587;260
965.618;259
966.031;260
966.475;260
966.919;260
967.363;260
967.618;259
967.807;260
968.251;260
968.695;260
969.139;260
969.581;260
969.618;259
970.023;260
970.465;260
970.907;260
971.349;260
971.618;259
971.791;260
972.233;260
972.675;260
973.119;260
973.563;260
973.618;259
974.007;260
974.451;260
974.895;260
975.339;260
975.618;259
975.783;260
976.227;260
976.673;260
977.119;260
977.565;260
977.618;259
978.011;260
978.457;260
978.903;260
979.349;260
979.618;259
979.795;260
980.243;260
980.691;260
981.139;260
981.587;260
981.618;259
982.035;260
982.483;260
982.931;260
983.379;260
983.618;259
983.827;260
984.275;260
984.723;260
985.171;260
985.618;259
985.619;260
986.067;260
986.515;260
986.963;260
987.411;260
987.818;259
987.857;260
988.303;260
988.749;260
989.195;260
989.641;260
990.018;259
990.087;260
990.533;260
990.979;260
991.423;260
991.867;260
992.018;259
992.311;260
992.755;260
993.199;260
993.643;260
994.087;260
994.218;259
994.531;260
994.977;260
995.423;260
995.869;260
996.218;259
996.315;260
996.761;260
997.207;260
997.653;260
998.099;260
998.218;259
998.545;260
998.991;260
999.437;260
999.883;260
1000.22;259
1000.33;260
1000.78;260
1001.22;260
1001.67;260
1002.11;260
1002.22;259
1002.56;260
1003;260
1003.45;260
1003.89;260
1004.22;259
1004.33;260
1004.78;260
1005.22;260
1005.66;260
1006.11;260
1006.22;259
1006.55;260
1006.99;260
1007.43;260
1007.88;260
1008.22;259
1008.32;260
1008.76;260
1009.2;260
1009.65;260
1010.09;260
1010.22;259
1010.53;260
1010.98;260
1011.42;260
1011.86;260
1012.31;260
1012.42;259
1012.75;260
1013.2;260
1013.65;260
1014.09;260
1014.42;259
1014.54;260
1014.98;260
1015.43;260
1015.88;260
1016.32;260
1016.42;259
1016.77;260
1017.21;260
1017.66;260
1018.1;260
1018.42;259
1018.55;260
1019;260
1019.44;260
1019.89;260
1020.34;260
1020.42;259
1020.78;260
1021.23;260
1021.68;260
1022.13;260
1022.42;259
1022.58;260
1023.02;260
1023.47;260
1023.92;260
1024.36;260
1024.62;259
1024.81;260
1025.26;260
1025.7;260
1026.15;260
1026.59;260
1026.82;259
1027.04;260
1027.49;260
1027.94;260
1028.38;260
1028.82;259
1028.83;260
1029.28;260
1029.73;260
1030.18;260
1030.62;260
1030.82;259
1031.07;260
1031.52;260
1031.97;260
1032.42;260
1032.82;259
1032.87;260
1033.32;260
1033.77;260
1034.22;260
1034.67;260
1034.82;259
1035.12;260
1035.57;260
1036.02;260
1036.47;260
1036.82;259
1036.92;260
1037.37;260
1037.82;260
1038.27;260
1038.72;260
1038.82;259
1039.17;260
1039.62;260
1040.07;260
1040.51;260
1040.82;259
1040.96;260
1041.41;260
1041.86;260
1042.31;260
1042.75;260
1042.82;259
1043.2;260
1043.64;260
1044.09;260
1044.54;260
1044.82;259
1044.98;260
1045.43;260
1045.87;260
1046.32;260
1046.77;260
1046.82;259
1047.22;260
1047.67;260
1048.11;260
1048.56;260
1048.82;259
1049.01;260
1049.46;260
1049.91;260
1050.36;260
1050.81;260
1050.82;259
1051.26;260
1051.71;260
1052.16;260
1052.61;260
1052.82;259
1053.06;260
1053.51;260
1053.96;260
1054.41;260
1054.82;259
1054.86;260
1055.32;260
1055.77;260
1056.22;260
1056.67;260
1056.82;259
1057.12;260
1057.58;260
1058.03;260
1058.48;260
1058.82;259
1058.93;260
1059.39;260
1059.84;260
1060.29;260
1060.74;260
1060.82;259
1061.19;260
1061.64;260
1062.09;260
1062.54;260
1062.82;259
1062.99;260
1063.44;260
1063.89;260
1064.34;260
1064.79;260
1064.82;259
1065.24;260
1065.69;260
1066.13;260
1066.58;260
1067.02;259
1067.03;260
1067.48;260
1067.93;260
1068.38;260
1068.82;260
1069.22;259
1069.28;260
1069.72;260
1070.18;260
1070.62;260
1071.07;260
1071.22;259
1071.53;260
1071.98;260
1072.43;260
1072.88;260
1073.22;259
1073.33;260
1073.79;260
1074.24;260
1074.69;260
1075.14;260
1075.22;259
1075.59;260
1076.05;260
1076.5;260
1076.95;260
1077.22;259
1077.4;260
1077.85;260
1078.31;260
1078.76;260
1079.21;260
1079.22;259
1079.66;260
1080.12;260
1080.57;260
1081.03;260
1081.22;259
1081.48;260
1081.93;260
1082.39;260
1082.84;260
1083.22;259
1083.29;260
1083.74;260
1084.2;260
1084.65;260
1085.1;260
1085.22;259
1085.55;260
1086.01;260
1086.46;260
1086.91;260
1087.22;259
1087.36;260
1087.82;260
1088.27;260
1088.73;260
1089.18;260
1089.22;259
1089.64;260
1090.09;260
1090.54;260
1090.99;260
1091.22;259
1091.44;260
1091.9;260
1092.35;260
1092.8;260
1093.22;259
1093.25;260
1093.7;260
1094.16;260
1094.61;260
1095.07;260
1095.22;259
1095.52;260
1095.97;260
1096.43;260
1096.88;260
1097.22;259
1097.34;260
1097.79;260
1098.25;260
1098.7;260
1099.16;260
1099.42;259
1099.62;260
1100.07;260
1100.53;260
1100.98;260
1101.42;259
1101.44;260
1101.9;260
1102.35;260
1102.81;260
1103.27;260
1103.42;259
1103.72;260
1104.18;260
1104.63;260
1105.09;260
1105.42;259
1105.54;260
1106;260
1106.45;260
1106.91;260
1107.36;260
1107.42;259
1107.81;260
1108.27;260
1108.72;260
1109.17;260
1109.42;259
1109.62;260
1110.08;260
1110.53;260
1110.98;260
1111.42;259
1111.43;260
1111.89;260
1112.34;260
1112.79;260
1113.24;260
1113.42;259
1113.7;260
1114.15;260
1114.61;260
1115.06;260
1115.42;259
1115.52;260
1115.97;260
1116.43;260
1116.88;260
1117.34;260
1117.42;259
1117.79;260
1118.25;260
1118.7;260
1119.16;260
1119.42;259
1119.62;260
1120.07;260
1120.53;260
1120.99;260
1121.42;259
1121.45;260
1121.91;260
1122.36;260
1122.82;260
1123.28;260
1123.62;259
1123.74;260
1124.2;260
1124.66;260
1125.11;260
1125.57;260
1125.82;259
1126.03;260
1126.49;260
1126.94;260
1127.4;260
1127.82;259
1127.86;260
1128.32;260
1128.77;260
1129.23;260
1129.68;260
1129.82;259
1130.14;260
1130.59;260
1131.05;260
1131.51;260
1131.82;259
1131.96;260
1132.41;260
1132.87;260
1133.32;260
1133.78;260
1134.02;259
1134.23;260
1134.68;260
1135.14;260
1135.59;260
1136.02;259
1136.05;260
1136.51;260
1136.96;260
1137.42;260
1137.88;260
1138.02;259
1138.33;260
1138.79;260
1139.25;260
1139.7;260
1140.02;259
1140.16;260
1140.62;260
1141.08;260
1141.54;260
1141.99;260
1142.02;259
1142.45;260
1142.91;260
1143.37;260
1143.83;260
1144.02;259
1144.29;260
1144.74;260
1145.2;260
1145.66;260
1146.02;259
1146.12;260
1146.57;260
1147.03;260
1147.49;260
1147.95;260
1148.02;259
1148.41;260
1148.86;260
1149.32;260
1149.78;260
1150.02;259
1150.24;260
1150.69;260
1151.15;260
1151.6;260
1152.02;259
1152.06;260
1152.52;260
1152.97;260
1153.43;260
1153.88;260
1154.22;259
1154.34;260
1154.79;260
1155.24;260
1155.7;260
1156.15;260
1156.22;259
1156.61;260
1157.06;260
1157.52;260
1157.97;260
1158.22;259
1158.43;260
1158.89;260
1159.34;260
1159.8;260
1160.22;259
1160.25;260
1160.71;260
1161.17;260
1161.62;260
1162.08;260
1162.22;259
1162.54;260
1163;260
1163.46;260
1163.92;260
1164.37;260
1164.42;259
1164.83;260
1165.29;260
1165.75;260
1166.2;260
1166.42;259
1166.66;260
1167.12;260
1167.58;260
1168.04;260
1168.42;259
1168.49;260
1168.95;260
1169.41;260
1169.87;260
1170.33;260
1170.42;259
1170.79;260
1171.24;260
1171.7;260
1172.16;260
1172.42;259
1172.61;260
1173.07;260
1173.53;260
1173.98;260
1174.42;259
1174.44;260
1174.9;260
1175.35;260
1175.81;260
1176.26;260
1176.62;259
1176.71;260
1177.17;260
1177.62;260
1178.08;260
1178.53;260
1178.62;259
1178.98;260
1179.44;260
1179.9;260
1180.35;260
1180.62;259
1180.81;260
1181.26;260
1181.72;260
1182.18;260
1182.62;259
1182.63;260
1183.09;260
1183.55;260
1184;260
1184.46;260
1184.62;259
1184.92;260
1185.38;260
1185.83;260
1186.29;260
1186.62;259
1186.75;260
1187.21;260
1187.67;260
1188.13;260
1188.59;260
1188.82;259
1189.05;260
1189.51;260
1189.97;260
1190.43;260
1190.82;259
1190.89;260
1191.35;260
1191.81;260
1192.27;260
1192.73;260
1192.82;259
1193.19;260
1193.65;260
1194.11;260
1194.57;260
1194.82;259
1195.03;260
1195.49;260
1195.96;260
1196.42;260
1196.82;259
1196.88;260
1197.34;260
1197.81;260
1198.27;260
1198.73;260
1198.82;259
1199.19;260
1199.65;260
1200.11;260
1200.57;260
1200.82;259
1201.03;260
1201.49;260
1201.95;260
1202.41;260
1202.87;260
1203.02;259
1203.33;260
1203.8;260
1204.26;260
1204.72;260
1205.18;260
1205.22;259
1205.64;260
1206.11;260
1206.57;260
1207.04;260
1207.22;259
1207.5;260
1207.96;260
1208.43;260
1208.89;260
1209.22;259
1209.35;260
1209.82;260
1210.29;260
1210.75;260
1211.22;259
1211.22;260
1211.69;260
1212.15;260
1212.62;260
1213.08;260
1213.22;259
1213.55;260
1214.02;260
1214.48;260
1214.95;260
1215.22;259
1215.41;260
1215.88;260
1216.34;260
1216.81;260
1217.28;260
1217.42;259
1217.74;260
1218.21;260
1218.68;260
1219.15;260
1219.42;259
1219.62;260
1220.08;260
1220.55;260
1221.02;260
1221.42;259
1221.49;260
1221.95;260
1222.42;260
1222.89;260
1223.35;260
1223.42;259
1223.82;260
1224.28;260
1224.75;260
1225.22;260
1225.42;259
1225.69;260
1226.15;260
1226.62;260
1227.09;260
1227.42;259
1227.56;260
1228.03;260
1228.49;260
1228.96;260
1229.42;259
1229.43;260
1229.9;260
1230.37;260
1230.84;260
1231.31;260
1231.42;259
1231.78;260
1232.25;260
1232.72;260
1233.2;260
1233.42;259
1233.67;260
1234.14;260
1234.61;260
1235.08;260
1235.42;259
1235.56;260
1236.03;260
1236.5;260
1236.98;260
1237.42;259
1237.45;260
1237.93;260
1238.4;260
1238.87;260
1239.35;260
1239.62;259
1239.82;260
1240.3;260
1240.77;260
1241.25;260
1241.62;259
1241.72;260
1242.2;260
1242.68;260
1243.15;260
1243.62;259
1243.63;260
1244.11;260
1244.58;260
1245.06;260
1245.54;260
1245.62;259
1246.02;260
1246.5;260
1246.97;260
1247.45;260
1247.62;259
1247.93;260
1248.41;260
1248.89;260
1249.36;260
1249.62;259
1249.84;260
1250.32;260
1250.8;260
1251.28;260
1251.62;259
1251.76;260
1252.23;260
1252.71;260
1253.19;260
1253.62;259
1253.67;260
1254.15;260
1254.62;260
1255.1;260
1255.58;260
1255.62;259
1256.06;260
1256.53;260
1257.01;260
1257.48;260
1257.62;259
1257.96;260
1258.44;260
1258.91;260
1259.39;260
1259.62;259
1259.86;260
1260.34;260
1260.82;260
1261.3;260
1261.62;259
1261.78;260
1262.26;260
1262.73;260
1263.21;260
1263.62;259
1263.69;260
1264.17;260
1264.65;260
1265.13;260
1265.61;260
1265.62;259
1266.09;260
1266.57;260
1267.05;260
1267.53;260
1267.62;259
1268.02;260
1268.5;260
1268.98;260
1269.46;260
1269.62;259
1269.94;260
1270.43;260
1270.91;260
1271.39;260
1271.62;259
1271.88;260
1272.36;260
1272.84;260
1273.33;260
1273.62;259
1273.81;260
1274.3;260
1274.78;260
1275.27;260
1275.75;260
1275.82;259
1276.24;260
1276.72;260
1277.21;260
1277.69;260
1277.82;259
1278.18;260
1278.67;260
1279.16;260
1279.64;260
1279.82;259
1280.13;260
1280.62;260
1281.11;260
1281.59;260
1281.82;259
1282.08;260
1282.57;260
1283.06;260
1283.55;260
1283.82;259
1284.04;260
1284.53;260
1285.02;260
1285.51;260
1286;260
1286.02;259
1286.49;260
1286.98;260
1287.47;260
1287.97;260
1288.02;259
1288.46;260
1288.95;260
1289.44;260
1289.94;260
1290.02;259
1290.43;260
1290.92;260
1291.42;260
1291.91;260
1292.02;259
1292.4;260
1292.9;260
1293.39;260
1293.89;260
1294.02;259
1294.38;260
1294.88;260
1295.37;260
1295.87;260
1296.02;259
1296.36;260
1296.86;260
1297.35;260
1297.85;260
1298.02;259
1298.35;260
1298.84;260
1299.34;260
1299.84;260
1300.02;259
1300.34;260
1300.84;260
1301.33;260
1301.83;260
1302.02;259
1302.33;260
1302.83;260
1303.33;260
1303.83;260
1304.02;259
1304.33;260
1304.83;260
1305.33;260
1305.83;260
1306.02;259
1306.33;260
1306.83;260
1307.33;260
1307.84;260
1308.02;259
1308.34;260
1308.84;260
1309.34;260
1309.84;260
1310.02;259
1310.35;260
1310.85;260
1311.35;260
1311.86;260
1312.02;259
1312.36;260
1312.87;260
1313.37;260
1313.88;260
1314.02;259
1314.38;260
1314.89;260
1315.39;260
1315.9;260
1316.02;259
1316.4;260
1316.91;260
1317.42;260
1317.92;260
1318.02;259
1318.43;260
1318.94;260
1319.44;260
1319.95;260
1320.02;259
1320.46;260
1320.97;260
1321.47;260
1321.98;260
1322.02;259
1322.49;260
1323;260
1323.51;260
1324.02;259
1324.02;260
1324.53;260
1325.04;260
1325.55;260
1326.06;260
1326.22;259
1326.57;260
1327.08;260
1327.59;260
1328.11;260
1328.42;259
1328.62;260
1329.13;260
1329.64;260
1330.16;260
1330.42;259
1330.67;260
1331.18;260
1331.69;260
1332.21;260
1332.42;259
1332.72;260
1333.24;260
1333.75;260
1334.27;260
1334.42;259
1334.78;260
1335.3;260
1335.81;260
1336.33;260
1336.42;259
1336.84;260
1337.36;260
1337.88;260
1338.39;260
1338.42;259
1338.91;260
1339.43;260
1339.94;260
1340.42;259
1340.46;260
1340.98;260
1341.5;260
1342.02;260
1342.42;259
1342.53;260
1343.05;260
1343.57;260
1344.09;260
1344.42;259
1344.61;260
1345.13;260
1345.65;260
1346.17;260
1346.42;259
1346.69;260
1347.21;260
1347.73;260
1348.26;260
1348.42;259
1348.78;260
1349.3;260
1349.82;260
1350.34;260
1350.62;259
1350.86;260
1351.39;260
1351.91;260
1352.44;260
1352.62;259
1352.96;260
1353.48;260
1354.01;260
1354.53;260
1354.62;259
1355.06;260
1355.58;260
1356.1;260
1356.62;259
1356.63;260
1357.16;260
1357.68;260
1358.21;260
1358.62;259
1358.73;260
1359.26;260
1359.79;260
1360.32;260
1360.82;259
1360.84;260
1361.37;260
1361.9;260
1362.43;260
1362.82;259
1362.95;260
1363.48;260
1364.01;260
1364.54;260
1364.82;259
1365.07;260
1365.6;260
1366.13;260
1366.66;260
1366.82;259
1367.19;260
1367.72;260
1368.25;260
1368.78;260
1369.02;259
1369.32;260
1369.85;260
1370.38;260
1370.91;260
1371.02;259
1371.44;260
1371.97;260
1372.51;260
1373.02;259
1373.04;260
1373.57;260
1374.11;260
1374.64;260
1375.18;260
1375.22;259
1375.71;260
1376.24;260
1376.78;260
1377.22;259
1377.32;260
1377.85;260
1378.39;260
1378.92;260
1379.22;259
1379.46;260
1379.99;260
1380.53;260
1381.07;260
1381.22;259
1381.6;260
1382.14;260
1382.68;260
1383.22;259
1383.22;260
1383.76;260
1384.3;260
1384.83;260
1385.22;259
1385.37;260
1385.91;260
1386.45;260
1386.98;260
1387.22;259
1387.52;260
1388.06;260
1388.6;260
1389.14;260
1389.22;259
1389.68;260
1390.21;260
1390.75;260
1391.29;260
1391.42;259
1391.83;260
1392.36;260
1392.9;260
1393.42;259
1393.44;260
1393.98;260
1394.51;260
1395.05;260
1395.42;259
1395.58;260
1396.12;260
1396.66;260
1397.19;260
1397.42;259
1397.73;260
1398.27;260
1398.81;260
1399.34;260
1399.42;259
1399.88;260
1400.42;260
1400.96;260
1401.42;259
1401.49;260
1402.03;260
1402.57;260
1403.11;260
1403.62;259
1403.65;260
1404.19;260
1404.73;260
1405.27;260
1405.62;259
1405.81;260
1406.35;260
1406.9;260
1407.44;260
1407.62;259
1407.98;260
1408.52;260
1409.06;260
1409.6;260
1409.62;259
1410.15;260
1410.69;260
1411.23;260
1411.78;260
1411.82;259
1412.32;260
1412.86;260
1413.41;260
1413.82;259
1413.95;260
1414.5;260
1415.04;260
1415.58;260
1415.82;259
1416.12;260
1416.67;260
1417.21;260
1417.75;260
1417.82;259
1418.29;260
1418.83;260
1419.38;260
1419.82;259
1419.92;260
1420.46;260
1421.01;260
1421.55;260
1421.82;259
1422.1;260
1422.64;260
1423.19;260
1423.73;260
1423.82;259
1424.27;260
1424.81;260
1425.35;260
1425.82;259
1425.9;260
1426.44;260
1426.98;260
1427.52;260
1427.82;259
1428.07;260
1428.61;260
1429.15;260
1429.69;260
1429.82;259
1430.23;260
1430.78;260
1431.32;260
1431.82;259
1431.86;260
1432.4;260
1432.94;260
1433.48;260
1433.82;259
1434.02;260
1434.56;260
1435.1;260
1435.64;260
1435.82;259
1436.18;260
1436.72;260
1437.26;260
1437.79;260
1437.82;259
1438.33;260
1438.87;260
1439.41;260
1439.82;259
1439.94;260
1440.48;260
1441.02;260
1441.56;260
1442.02;259
1442.1;260
1442.64;260
1443.18;260
1443.72;260
1444.02;259
1444.26;260
1444.8;260
1445.34;260
1445.89;260
1446.02;259
1446.43;260
1446.97;260
1447.51;260
1448.02;259
1448.06;260
1448.6;260
1449.14;260
1449.68;260
1450.02;259
1450.23;260
1450.77;260
1451.32;260
1451.86;260
1452.02;259
1452.4;260
1452.95;260
1453.49;260
1454.02;259
1454.04;260
1454.58;260
1455.13;260
1455.68;260
1456.02;259
1456.22;260
1456.77;260
1457.31;260
1457.86;260
1458.02;259
1458.41;260
1458.95;260
1459.5;260
1460.02;259
1460.05;260
1460.6;260
1461.15;260
1461.69;260
1462.02;259
1462.24;260
1462.79;260
1463.34;260
1463.89;260
1464.02;259
1464.44;260
1464.98;260
1465.53;260
1466.02;259
1466.08;260
1466.63;260
1467.18;260
1467.73;260
1468.02;259
1468.28;260
1468.83;260
1469.38;260
1469.93;260
1470.02;259
1470.48;260
1471.03;260
1471.58;260
1472.02;259
1472.14;260
1472.69;260
1473.24;260
1473.79;260
1474.02;259
1474.34;260
1474.9;260
1475.45;260
1476;260
1476.22;259
1476.56;260
1477.11;260
1477.67;260
1478.22;259
1478.22;260
1478.77;260
1479.33;260
1479.88;260
1480.22;259
1480.44;260
1480.99;260
1481.55;260
1482.11;260
1482.22;259
1482.66;260
1483.22;260
1483.78;260
1484.22;259
1484.33;260
1484.89;260
1485.45;260
1486.01;260
1486.42;259
1486.57;260
1487.12;260
1487.68;260
1488.24;260
1488.42;259
1488.8;260
1489.36;260
1489.92;260
1490.42;259
1490.48;260
1491.04;260
1491.6;260
1492.16;260
1492.62;259
1492.72;260
1493.28;260
1493.84;260
1494.4;260
1494.62;259
1494.96;260
1495.52;260
1496.08;260
1496.62;259
1496.64;260
1497.2;260
1497.76;260
1498.31;260
1498.62;259
1498.87;260
1499.43;260
1499.99;260
1500.55;260
1500.62;259
1501.1;260
1501.66;260
1502.21;260
1502.62;259
1502.77;260
1503.33;260
1503.88;260
1504.44;260
1504.62;259
1504.99;260
1505.55;260
1506.11;260
1506.62;259
1506.67;260
1507.22;260
1507.78;260
1508.34;260
1508.62;259
1508.9;260
1509.46;260
1510.02;260
1510.57;260
1510.62;259
1511.14;260
1511.69;260
1512.26;260
1512.62;259
1512.82;260
1513.38;260
1513.94;260
1514.49;260
1514.82;259
1515.06;260
1515.62;260
1516.18;260
1516.74;260
1517.02;259
1517.31;260
1517.87;260
1518.43;260
1518.99;260
1519.02;259
1519.56;260
1520.12;260
1520.68;260
1521.02;259
1521.25;260
1521.81;260
1522.38;260
1522.94;260
1523.02;259
1523.5;260
1524.07;260
1524.63;260
1525.02;259
1525.19;260
1525.76;260
1526.32;260
1526.89;260
1527.02;259
1527.45;260
1528.01;260
1528.57;260
1529.02;259
1529.14;260
1529.7;260
1530.26;260
1530.82;260
1531.02;259
1531.39;260
1531.95;260
1532.51;260
1533.02;259
1533.07;260
1533.63;260
1534.19;260
1534.75;260
1535.02;259
1535.31;260
1535.87;260
1536.43;260
1536.99;260
1537.02;259
1537.55;260
1538.11;260
1538.68;260
1539.22;259
1539.24;260
1539.8;260
1540.36;260
1540.92;260
1541.22;259
1541.49;260
1542.05;260
1542.61;260
1543.18;260
1543.22;259
1543.74;260
1544.31;260
1544.87;260
1545.22;259
1545.44;260
1546;260
1546.56;260
1547.13;260
1547.22;259
1547.69;260
1548.26;260
1548.82;260
1549.22;259
1549.38;260
1549.94;260
1550.51;260
1551.07;260
1551.42;259
1551.63;260
1552.19;260
1552.76;260
1553.32;260
1553.42;259
1553.88;260
1554.44;260
1555;260
1555.56;260
1555.62;259
1556.12;260
1556.68;260
1557.24;260
1557.62;259
1557.8;260
1558.36;260
1558.92;260
1559.48;260
1559.62;259
1560.05;260
1560.61;260
1561.17;260
1561.62;259
1561.73;260
1562.29;260
1562.85;260
1563.42;260
1563.62;259
1563.98;260
1564.55;260
1565.11;260
1565.68;260
1565.82;259
1566.24;260
1566.8;260
1567.37;260
1567.93;260
1568.02;259
1568.5;260
1569.07;260
1569.63;260
1570.02;259
1570.2;260
1570.76;260
1571.33;260
1571.9;260
1572.02;259
1572.46;260
1573.03;260
1573.6;260
1574.02;259
1574.17;260
1574.73;260
1575.3;260
1575.87;260
1576.02;259
1576.44;260
1577.01;260
1577.57;260
1578.02;259
1578.14;260
1578.71;260
1579.28;260
1579.85;260
1580.02;259
1580.42;260
1580.98;260
1581.55;260
1582.02;259
1582.11;260
1582.68;260
1583.24;260
1583.81;260
1584.02;259
1584.38;260
1584.94;260
1585.51;260
1586.07;260
1586.22;259
1586.64;260
1587.2;260
1587.76;260
1588.22;259
1588.33;260
1588.89;260
1589.45;260
1590.02;260
1590.22;259
1590.59;260
1591.15;260
1591.72;260
1592.22;259
1592.29;260
1592.85;260
1593.42;260
1593.98;260
1594.42;259
1594.55;260
1595.12;260
1595.69;260
1596.26;260
1596.42;259
1596.82;260
1597.39;260
1597.96;260
1598.42;259
1598.53;260
1599.09;260
1599.66;260
1600.23;260
1600.42;259
1600.8;260
1601.37;260
1601.94;260
1602.42;259
1602.5;260
1603.07;260
1603.64;260
1604.2;260
1604.42;259
1604.77;260
1605.33;260
1605.9;260
1606.42;259
1606.46;260
1607.03;260
1607.59;260
1608.16;260
1608.42;259
1608.72;260
1609.29;260
1609.85;260
1610.42;260
1610.42;259
1610.98;260
1611.54;260
1612.11;260
1612.42;259
1612.68;260
1613.24;260
1613.81;260
1614.37;260
1614.42;259
1614.94;260
1615.51;260
1616.07;260
1616.42;259
1616.64;260
1617.21;260
1617.78;260
1618.34;260
1618.42;259
1618.91;260
1619.48;260
1620.05;260
1620.42;259
1620.61;260
1621.18;260
1621.75;260
1622.32;260
1622.42;259
1622.89;260
1623.45;260
1624.02;260
1624.42;259
1624.59;260
1625.16;260
1625.73;260
1626.3;260
1626.42;259
1626.87;260
1627.44;260
1628.01;260
1628.42;259
1628.58;260
1629.15;260
1629.72;260
1630.29;260
1630.42;259
1630.85;260
1631.42;260
1631.99;260
1632.42;259
1632.56;260
1633.13;260
1633.69;260
1634.27;260
1634.42;259
1634.83;260
1635.41;260
1635.97;260
1636.55;260
1636.62;259
1637.11;260
1637.69;260
1638.26;260
1638.62;259
1638.83;260
1639.4;260
1639.97;260
1640.54;260
1640.82;259
1641.11;260
1641.69;260
1642.26;260
1642.82;259
1642.83;260
1643.4;260
1643.97;260
1644.55;260
1644.82;259
1645.12;260
1645.69;260
1646.26;260
1646.82;259
1646.83;260
1647.41;260
1647.97;260
1648.55;260
1648.82;259
1649.11;260
1649.69;260
1650.26;260
1650.82;259
1650.82;260
1651.4;260
1651.96;260
1652.53;260
1652.82;259
1653.1;260
1653.67;260
1654.23;260
1654.8;260
1654.82;259
1655.37;260
1655.94;260
1656.51;260
1657.02;259
1657.08;260
1657.65;260
1658.22;260
1658.79;260
1659.02;259
1659.36;260
1659.93;260
1660.5;260
1661.02;259
1661.07;260
1661.64;260
1662.21;260
1662.79;260
1663.02;259
1663.36;260
1663.93;260
1664.5;260
1665.02;259
1665.07;260
1665.65;260
1666.22;260
1666.79;260
1667.02;259
1667.36;260
1667.94;260
1668.51;260
1669.02;259
1669.08;260
1669.65;260
1670.22;260
1670.79;260
1671.02;259
1671.36;260
1671.93;260
1672.5;260
1673.07;260
1673.22;259
1673.64;260
1674.21;260
1674.78;260
1675.34;260
1675.42;259
1675.91;260
1676.48;260
1677.05;260
1677.42;259
1677.61;260
1678.18;260
1678.75;260
1679.32;260
1679.42;259
1679.89;260
1680.46;260
1681.03;260
1681.42;259
1681.6;260
1682.17;260
1682.74;260
1683.32;260
1683.42;259
1683.89;260
1684.46;260
1685.03;260
1685.42;259
1685.6;260
1686.18;260
1686.75;260
1687.32;260
1687.42;259
1687.89;260
1688.47;260
1689.04;260
1689.42;259
1689.61;260
1690.19;260
1690.76;260
1691.34;260
1691.42;259
1691.91;260
1692.48;260
1693.06;260
1693.42;259
1693.63;260
1694.21;260
1694.78;260
1695.35;260
1695.42;259
1695.93;260
1696.51;260
1697.08;260
1697.62;259
1697.66;260
1698.23;260
1698.81;260
1699.39;260
1699.62;259
1699.96;260
1700.54;260
1701.11;260
1701.62;259
1701.69;260
1702.26;260
1702.83;260
1703.41;260
1703.62;259
1703.98;260
1704.56;260
1705.13;260
1705.7;260
1705.82;259
1706.28;260
1706.86;260
1707.43;260
1707.82;259
1708.01;260
1708.58;260
1709.16;260
1709.74;260
1709.82;259
1710.32;260
1710.89;260
1711.47;260
1711.82;259
1712.05;260
1712.63;260
1713.2;260
1713.78;260
1713.82;259
1714.36;260
1714.94;260
1715.52;260
1715.82;259
1716.09;260
1716.67;260
1717.25;260
1717.82;259
1717.83;260
1718.41;260
1718.98;260
1719.56;260
1719.82;259
1720.14;260
1720.71;260
1721.29;260
1721.82;259
1721.86;260
1722.44;260
1723.02;260
1723.59;260
1723.82;259
1724.16;260
1724.74;260
1725.31;260
1725.82;259
1725.89;260
1726.46;260
1727.03;260
1727.61;260
1727.82;259
1728.18;260
1728.76;260
1729.33;260
1729.82;259
1729.91;260
1730.49;260
1731.06;260
1731.64;260
1731.82;259
1732.21;260
1732.79;260
1733.37;260
1733.82;259
1733.94;260
1734.52;260
1735.09;260
1735.67;260
1736.02;259
1736.25;260
1736.82;260
1737.4;260
1737.98;260
1738.02;259
1738.56;260
1739.14;260
1739.71;260
1740.02;259
1740.29;260
1740.87;260
1741.45;260
1742.02;259
1742.02;260
1742.6;260
1743.18;260
1743.75;260
1744.02;259
1744.33;260
1744.9;260
1745.48;260
1746.02;259
1746.06;260
1746.64;260
1747.21;260
1747.79;260
1748.02;259
1748.37;260
1748.95;260
1749.53;260
1750.02;259
1750.1;260
1750.68;260
1751.26;260
1751.84;260
1752.02;259
1752.42;260
1752.99;260
1753.57;260
1754.15;260
1754.22;259
1754.73;260
1755.31;260
1755.88;260
1756.22;259
1756.46;260
1757.04;260
1757.62;260
1758.19;260
1758.22;259
1758.77;260
1759.35;260
1759.93;260
1760.22;259
1760.5;260
1761.08;260
1761.65;260
1762.22;259
1762.23;260
1762.81;260
1763.38;260
1763.96;260
1764.22;259
1764.54;260
1765.11;260
1765.69;260
1766.22;259
1766.27;260
1766.85;260
1767.43;260
1768.01;260
1768.22;259
1768.58;260
1769.17;260
1769.74;260
1770.22;259
1770.32;260
1770.91;260
1771.48;260
1772.07;260
1772.42;259
1772.65;260
1773.22;260
1773.81;260
1774.39;260
1774.62;259
1774.96;260
1775.55;260
1776.12;260
1776.62;259
1776.7;260
1777.29;260
1777.87;260
1778.45;260
1778.62;259
1779.03;260
1779.61;260
1780.2;260
1780.78;260
1780.82;259
1781.36;260
1781.94;260
1782.52;260
1782.82;259
1783.1;260
1783.68;260
1784.26;260
1784.84;260
1785.02;259
1785.42;260
1786;260
1786.58;260
1787.02;259
1787.17;260
1787.75;260
1788.33;260
1788.91;260
1789.02;259
1789.49;260
1790.07;260
1790.66;260
1791.02;259
1791.24;260
1791.82;260
1792.4;260
1792.98;260
1793.22;259
1793.56;260
1794.14;260
1794.72;260
1795.22;259
1795.3;260
1795.88;260
1796.46;260
1797.04;260
1797.22;259
1797.62;260
1798.2;260
1798.78;260
1799.36;260
1799.42;259
