#	X	Y
2.42402;422
4.42401;422
6.42401;422
8.42401;422
10.424;422
12.424;422
14.424;422
16.424;422
18.424;422
20.424;422
22.424;422
24.424;422
26.424;422
28.424;422
30.424;422
32.424;422
34.424;422
36.424;422
38.424;422
40.624;422
42.624;422
44.624;422
46.624;422
48.624;422
50.624;422
52.824;422
54.824;422
56.824;422
58.824;422
60.824;422
62.824;422
64.824;422
66.824;422
68.824;422
70.824;422
72.824;422
74.824;422
76.824;422
78.824;422
81.024;422
83.024;422
85.024;422
87.024;422
89.024;422
91.024;422
93.224;422
95.224;422
97.224;422
99.224;422
101.224;422
103.224;422
105.224;422
107.224;422
109.224;422
111.224;422
113.224;422
115.424;422
117.424;422
119.424;422
121.424;422
123.424;422
125.624;422
127.624;422
129.624;422
131.624;422
133.624;422
135.624;422
137.624;422
139.824;422
141.824;422
143.824;422
145.824;422
147.824;422
149.824;422
151.824;422
153.824;422
155.824;422
158.024;422
160.024;422
162.024;422
164.024;422
166.024;422
168.024;422
170.024;422
172.024;422
174.024;422
176.024;422
178.224;1058
180.424;1058
182.424;1058
184.424;1058
186.424;1058
188.424;1058
190.424;1058
192.424;1058
194.424;1058
196.424;1058
198.424;1058
200.424;1058
202.424;1058
204.424;1058
206.424;1058
208.424;1058
210.424;1058
212.424;1058
214.424;1058
216.424;1058
218.424;1058
220.424;1058
222.424;1058
224.424;1058
226.424;1058
228.424;1058
230.424;1058
232.424;1058
234.424;1058
236.424;1058
238.424;1058
240.424;1058
242.624;1058
244.624;1058
246.624;1058
248.624;1058
250.824;1058
252.824;1058
254.824;1058
256.824;1058
258.824;1058
260.824;1058
262.824;1058
265.024;1058
267.024;1058
269.024;1058
271.024;1058
273.024;1058
275.024;1058
277.024;1058
279.024;1058
281.024;1058
283.224;1058
285.224;1058
287.424;1058
289.424;1058
291.424;1058
293.424;1058
295.424;1058
297.424;1058
299.424;1058
301.424;1058
303.424;1058
305.424;1058
307.424;1058
309.624;1058
311.624;1058
313.824;1058
315.824;1058
317.824;1058
319.824;1058
322.024;1058
324.024;1058
326.024;1058
328.024;1058
330.224;1058
332.424;1058
334.624;1058
336.624;1058
338.624;1058
340.624;1058
342.624;1058
344.624;1058
346.624;1058
348.624;1058
350.624;1058
352.624;1058
354.624;1058
356.624;1058
358.624;1058
360.824;1058
362.824;1058
364.824;1058
366.824;1058
368.824;1058
370.824;1058
372.824;1058
375.024;1058
377.224;1058
379.224;1058
381.224;1058
383.224;1058
385.224;1058
387.224;1058
389.224;1058
391.224;1058
393.224;1058
395.224;1058
397.224;1058
399.224;1058
401.224;1058
403.224;1058
405.224;1058
407.224;1058
409.224;1058
411.224;1058
413.424;1058
415.424;1058
417.424;1058
419.424;1058
421.424;1058
423.424;1058
425.424;1058
427.624;1058
429.624;1058
431.624;1058
433.824;1058
435.824;1058
437.824;1058
439.824;1058
441.824;1058
443.824;1058
445.824;1058
447.824;1058
449.824;1058
451.824;1058
453.824;1058
455.824;1058
457.824;1058
460.024;1058
462.024;1058
464.024;1058
466.024;1058
468.024;1058
470.024;1058
472.024;1058
474.024;1058
476.024;1058
478.024;1058
480.024;1058
482.024;1058
484.024;1058
486.224;1058
488.224;1058
490.224;1058
492.424;1058
494.424;1058
496.424;1058
498.424;1058
500.424;1058
502.424;1058
504.424;1058
506.624;1058
508.624;1058
510.624;1058
512.624;1058
514.624;1058
516.624;1058
518.824;1058
521.024;1058
523.024;1058
525.224;1058
527.224;1058
529.224;1058
531.224;1058
533.224;1058
535.224;1058
537.224;1058
539.224;1058
541.424;1058
543.624;1058
545.624;1058
547.624;1058
549.624;1058
551.624;1058
553.624;1058
555.624;1058
557.624;1058
559.824;1058
561.824;1058
563.824;1058
565.824;1058
567.824;1058
569.824;1058
571.824;1058
573.824;1058
575.824;1058
577.824;1058
579.824;1058
582.024;1058
584.024;1058
586.224;1058
588.224;1058
590.224;1058
592.224;1058
594.224;1058
596.224;1058
598.224;1058
600.224;1058
602.424;1058
604.424;1058
606.424;1058
608.424;1058
610.424;1058
612.424;1058
614.424;1058
616.624;1058
618.624;1058
620.624;1058
622.624;1058
624.624;1058
626.624;1058
628.624;1058
630.624;1058
632.624;1058
634.624;1058
636.824;1058
638.824;1058
640.824;1058
642.824;1058
645.024;1058
647.024;1058
649.024;1058
651.024;1058
653.024;1058
655.224;1058
657.224;1058
659.224;1058
661.224;1058
663.224;1058
665.224;1058
667.224;1058
669.224;1058
671.224;1058
673.224;1058
675.424;1058
677.424;1058
679.424;1058
681.424;1058
683.424;1058
685.424;1058
687.424;1058
689.424;1058
691.424;1058
693.424;1058
695.424;1058
697.424;1058
699.624;1058
701.624;1058
703.624;1058
705.624;1058
707.624;1058
709.624;1058
711.624;1058
713.624;1058
715.624;1058
717.624;1058
719.624;1058
721.624;1058
723.624;1058
725.624;1058
727.624;1058
729.824;1058
731.824;1058
733.824;1058
735.824;1058
737.824;1058
739.824;1058
741.824;1058
743.824;1058
745.824;1058
747.824;1058
749.824;1058
751.824;1058
754.024;1058
756.024;1058
758.024;1058
760.224;1058
762.224;1058
764.424;1058
766.424;1058
768.424;1058
770.424;1058
772.424;1058
774.424;1058
776.424;1058
778.424;1058
780.424;1058
782.424;1058
784.424;1058
786.424;1058
788.424;1058
790.424;1058
792.424;1058
794.424;1058
796.424;1058
798.424;1058
800.424;1058
802.424;1058
804.424;1058
806.624;1058
808.824;1058
810.824;1058
812.824;1058
814.824;1058
816.824;1058
818.824;1058
820.824;1058
822.824;1058
824.824;1058
826.824;1058
828.824;1058
831.024;1058
833.024;1058
835.024;1058
837.024;1058
839.024;1058
841.024;1058
843.024;1058
845.024;1058
847.024;1058
849.024;1058
851.024;1058
853.024;1058
855.024;1058
857.024;1058
859.024;1058
861.024;1058
863.024;1058
865.024;1058
867.024;1058
869.024;1058
871.024;1058
873.224;1058
875.224;1058
877.224;1058
879.224;1058
881.224;1058
883.224;1058
885.424;1058
887.424;1058
889.424;1058
891.624;1058
893.624;1058
895.624;1058
897.624;1058
899.824;1058
901.824;1058
903.824;1058
905.824;1058
907.824;1058
910.024;1058
912.024;1058
914.224;776
916.424;776
918.424;776
920.424;776
922.424;776
924.424;776
926.424;776
928.424;776
930.424;776
932.424;776
934.424;776
936.424;776
938.424;776
940.424;776
942.424;776
944.424;776
946.424;776
948.624;776
950.824;776
952.824;776
954.824;776
956.824;776
958.824;776
960.824;776
962.824;776
964.824;776
966.824;776
969.024;776
971.024;776
973.024;776
975.024;776
977.024;776
979.024;776
981.024;776
983.024;776
985.024;776
987.224;776
989.224;776
991.224;776
993.224;776
995.424;776
997.424;776
999.424;776
1001.62;776
1003.62;776
1005.62;776
1007.62;776
1009.62;776
1011.62;776
1013.62;776
1015.62;776
1017.62;776
1019.82;776
1021.82;776
1024.02;776
1026.22;776
1028.22;776
1030.22;776
1032.22;776
1034.22;776
1036.22;776
1038.42;776
1040.42;776
1042.42;776
1044.42;776
1046.42;776
1048.42;776
1050.42;776
1052.42;776
1054.42;776
1056.42;776
1058.42;776
1060.42;776
1062.42;776
1064.42;776
1066.42;776
1068.62;776
1070.62;776
1072.62;776
1074.62;776
1076.62;776
1078.62;776
1080.82;776
1083.02;776
1085.02;776
1087.02;776
1089.02;776
1091.22;776
1093.22;776
1095.22;776
1097.22;776
1099.42;776
1101.62;776
1103.62;776
1105.82;776
1107.82;776
1109.82;776
1111.82;776
1113.82;776
1116.02;776
1118.02;776
1120.02;776
1122.02;776
1124.02;776
1126.02;776
1128.02;776
1130.02;776
1132.02;776
1134.02;776
1136.02;776
1138.02;776
1140.02;776
1142.02;776
1144.22;776
1146.42;776
1148.42;776
1150.42;776
1152.42;776
1154.42;776
1156.42;776
1158.42;776
1160.42;776
1162.42;776
1164.62;776
1166.62;776
1168.62;776
1170.62;776
1172.62;776
1174.62;776
1176.62;776
1178.62;776
1180.62;776
1182.62;776
1184.62;776
1186.62;776
1188.62;776
1190.62;776
1192.62;776
1194.62;776
1196.62;776
1198.62;776
1200.82;776
1202.82;776
1204.82;776
1206.82;776
1208.82;776
1210.82;776
1212.82;776
1214.82;776
1216.82;776
1218.82;776
1220.82;776
1222.82;776
1224.82;776
1226.82;776
1229.02;776
1231.02;776
1233.02;776
1235.02;776
1237.02;776
1239.02;776
1241.02;776
1243.22;776
1245.22;776
1247.22;776
1249.22;776
1251.22;776
1253.22;776
1255.22;776
1257.22;776
1259.22;776
1261.22;776
1263.22;776
1265.22;776
1267.22;776
1269.22;776
1271.22;776
1273.22;776
1275.42;776
1277.62;776
1279.62;776
1281.62;776
1283.62;776
1285.62;776
1287.62;776
1289.82;776
1292.02;776
1294.02;776
1296.02;776
1298.02;776
1300.02;776
1302.02;776
1304.22;776
1306.22;776
1308.22;776
1310.22;776
1312.22;776
1314.22;776
1316.22;776
1318.22;776
1320.22;776
1322.22;776
1324.22;776
1326.22;776
1328.22;776
1330.42;776
1332.42;776
1334.42;776
1336.42;776
1338.42;776
1340.42;776
1342.62;776
1344.62;776
1346.62;776
1348.62;776
1350.62;776
1352.82;776
1354.82;776
1356.82;776
1358.82;776
1360.82;776
1362.82;776
1365.02;776
1367.22;776
1369.22;776
1371.22;776
1373.22;776
1375.22;776
1377.42;776
1379.62;776
1381.62;776
1383.62;776
1385.62;776
1387.62;776
1389.62;776
1391.62;776
1393.62;776
1395.62;776
1397.82;776
1400.02;776
1402.02;776
1404.02;776
1406.02;776
1408.02;776
1410.02;776
1412.02;776
1414.02;776
1416.02;776
1418.02;776
1420.02;776
1422.02;776
1424.02;776
1426.02;776
1428.02;776
1430.02;776
1432.02;776
1434.22;776
1436.22;776
1438.22;776
1440.22;776
1442.22;776
1444.22;776
1446.22;776
1448.22;776
1450.22;776
1452.22;776
1454.22;776
1456.22;776
1458.22;776
1460.22;776
1462.42;776
1464.62;776
1466.62;776
1468.62;776
1470.62;776
1472.62;776
1474.82;776
1477.02;776
1479.22;776
1481.22;776
1483.22;776
1485.42;776
1487.42;776
1489.42;776
1491.42;776
1493.42;776
1495.42;776
1497.42;776
1499.42;776
1501.42;776
1503.42;776
1505.42;776
1507.42;776
1509.62;776
1511.62;776
1513.82;776
1516.02;776
1518.02;776
1520.22;776
1522.22;776
1524.22;776
1526.22;776
1528.22;776
1530.22;776
1532.22;776
1534.42;776
1536.42;776
1538.62;776
1540.62;776
1542.62;776
1544.62;776
1546.62;776
1548.82;776
1550.82;776
1552.82;776
1554.82;776
1556.82;776
1558.82;776
1561.02;776
1563.02;776
1565.02;776
1567.02;776
1569.02;776
1571.02;776
1573.02;776
1575.02;776
1577.02;776
1579.02;776
1581.02;776
1583.02;776
1585.02;776
1587.02;776
1589.02;776
1591.02;776
1593.02;776
1595.22;776
1597.22;776
1599.42;776
1601.62;776
1603.62;776
1605.62;776
1607.62;776
1609.62;776
1611.62;776
1613.82;776
1615.82;776
1617.82;776
1619.82;776
1622.02;776
1624.02;776
1626.02;776
1628.22;776
1630.22;776
1632.22;776
1634.22;776
1636.22;776
1638.42;776
1640.62;776
1642.62;776
1644.62;776
1646.62;776
1648.62;776
1650.82;776
1652.82;776
1654.82;776
1656.82;776
1658.82;776
1660.82;776
1662.82;776
1664.82;776
1666.82;776
1668.82;776
1670.82;776
1672.82;776
1674.82;776
1676.82;776
1678.82;776
1680.82;776
1683.02;776
1685.02;776
1687.02;776
1689.02;776
1691.02;776
1693.02;776
1695.02;776
1697.02;776
1699.02;776
1701.02;776
1703.02;776
1705.02;776
1707.02;776
1709.02;776
1711.02;776
1713.02;776
1715.22;776
1717.22;776
1719.22;776
1721.22;776
1723.22;776
1725.22;776
1727.22;776
1729.42;776
1731.42;776
1733.42;776
1735.42;776
1737.42;776
1739.42;776
1741.62;776
1743.62;776
1745.62;776
1747.62;776
1749.62;776
1751.62;776
1753.62;776
1755.62;776
1757.62;776
1759.62;776
1761.62;776
1763.82;776
1765.82;776
1767.82;776
1769.82;776
1771.82;776
1773.82;776
1775.82;776
1777.82;776
1779.82;776
1781.82;776
1784.02;776
1786.02;776
1788.02;776
1790.02;776
1792.02;776
1794.02;776
1796.02;776
