#	X	Y
2.30602;88
4.50601;88
6.50601;88
8.50601;88
10.506;88
12.506;88
14.506;88
16.506;88
18.506;88
20.506;88
22.506;88
24.506;88
26.506;88
28.506;88
30.506;88
32.506;88
34.506;88
36.506;88
38.506;88
40.706;88
42.706;88
44.706;88
46.706;88
48.706;88
50.706;88
52.706;88
54.706;88
56.706;88
58.906;88
60.906;88
62.906;88
64.906;88
66.906;88
68.906;88
71.106;88
73.106;88
75.106;88
77.106;88
79.106;88
81.106;88
83.106;88
85.106;88
87.106;88
89.106;88
91.106;88
93.106;88
95.306;88
97.306;88
99.306;88
101.306;88
103.306;88
105.306;88
107.306;88
109.306;88
111.306;88
113.306;88
115.306;88
117.506;88
119.506;88
121.506;88
123.506;88
125.506;88
127.706;88
129.706;88
131.706;88
133.706;88
135.706;88
137.706;88
139.706;88
141.706;88
143.706;88
145.706;88
147.706;88
149.706;88
151.706;88
153.706;88
155.906;88
157.906;88
159.906;88
161.906;88
163.906;88
166.106;88
168.106;88
170.106;88
172.106;88
174.106;88
176.306;136
178.306;136
180.306;136
182.306;136
184.306;136
186.306;136
188.306;136
190.306;136
192.306;136
194.306;136
196.506;136
198.506;136
200.506;136
202.506;136
204.506;136
206.506;136
208.506;136
210.506;136
212.506;136
214.506;136
216.506;136
218.506;136
220.506;136
222.506;136
224.506;136
226.506;136
228.506;136
230.506;136
232.506;136
234.706;136
236.706;136
238.706;136
240.706;136
242.706;136
244.706;136
246.706;136
248.706;136
250.706;136
252.706;136
254.706;136
256.706;136
258.706;136
260.706;136
262.706;136
264.706;136
266.706;136
268.706;136
270.706;136
272.906;136
274.906;136
276.906;136
278.906;136
280.906;136
283.106;136
285.306;136
287.506;136
289.506;136
291.506;136
293.506;136
295.506;136
297.506;136
299.506;136
301.506;136
303.506;136
305.506;136
307.706;136
309.706;136
311.706;136
313.706;136
315.706;136
317.706;136
319.706;136
321.706;136
323.706;136
325.706;136
327.706;136
329.906;136
331.906;136
333.906;136
336.106;136
338.106;136
340.106;136
342.106;136
344.106;136
346.106;136
348.106;136
350.106;136
352.106;136
354.106;136
356.106;136
358.306;136
360.306;136
362.506;136
364.706;136
366.706;136
368.706;136
370.706;136
372.706;136
374.706;136
376.706;136
378.706;136
380.706;136
382.706;136
384.706;136
386.706;136
388.706;136
390.706;136
392.706;136
394.706;136
396.706;136
398.706;136
400.706;136
402.706;136
404.706;136
406.706;136
408.906;136
410.906;136
412.906;136
415.106;136
417.106;136
419.106;136
421.306;136
423.306;136
425.306;136
427.506;136
429.506;136
431.506;136
433.706;136
435.706;136
437.706;136
439.706;136
441.706;136
443.706;136
445.906;136
447.906;136
449.906;136
451.906;136
453.906;136
455.906;136
457.906;136
460.106;136
462.106;136
464.106;136
466.106;136
468.106;136
470.106;136
472.306;136
474.306;136
476.306;136
478.306;136
480.306;136
482.306;136
484.306;136
486.306;136
488.306;136
490.306;136
492.306;136
494.306;136
496.306;136
498.306;136
500.306;136
502.306;136
504.306;136
506.306;136
508.306;136
510.306;136
512.306;136
514.306;136
516.306;136
518.506;136
520.506;136
522.506;136
524.706;136
526.706;136
528.706;136
530.906;136
532.906;136
534.906;136
537.106;136
539.106;136
541.106;136
543.106;136
545.306;136
547.306;136
549.306;136
551.506;136
553.506;136
555.506;136
557.506;136
559.506;136
561.506;136
563.506;136
565.506;136
567.506;136
569.506;136
571.706;136
573.906;136
575.906;136
578.106;136
580.106;136
582.106;136
584.106;136
586.106;136
588.306;136
590.306;136
592.306;136
594.306;136
596.506;136
598.506;136
600.506;136
602.506;136
604.506;136
606.506;136
608.506;136
610.706;136
612.706;136
614.706;136
616.706;136
618.706;136
620.706;136
622.706;136
624.706;136
626.706;136
628.706;136
630.706;136
632.706;136
634.706;136
636.706;136
638.706;136
640.706;136
642.706;136
644.706;136
646.706;136
648.706;136
650.706;136
652.706;136
654.706;136
656.906;136
658.906;136
660.906;136
662.906;136
664.906;136
666.906;136
668.906;136
670.906;136
673.106;136
675.106;136
677.106;136
679.106;136
681.106;136
683.106;136
685.106;136
687.106;136
689.106;136
691.106;136
693.106;136
695.106;136
697.106;136
699.106;136
701.306;136
703.306;136
705.306;136
707.306;136
709.306;136
711.306;136
713.306;136
715.506;136
717.506;136
719.506;136
721.506;136
723.506;136
725.706;136
727.706;136
729.706;136
731.706;136
733.706;136
735.706;136
737.706;136
739.706;136
741.706;136
743.706;136
745.706;136
747.706;136
749.706;136
751.706;136
753.706;136
755.706;136
757.706;136
759.906;136
761.906;136
763.906;136
765.906;136
767.906;136
769.906;136
771.906;136
773.906;136
775.906;136
777.906;136
779.906;136
781.906;136
783.906;136
785.906;136
787.906;136
790.106;136
792.306;136
794.306;136
796.306;136
798.506;136
800.506;136
802.506;136
804.506;136
806.506;136
808.506;136
810.506;136
812.506;136
814.506;136
816.506;136
818.506;136
820.506;136
822.506;136
824.506;136
826.506;136
828.706;136
830.706;136
832.706;136
834.706;136
836.706;136
838.706;136
840.706;136
842.706;136
844.706;136
846.906;136
848.906;136
850.906;136
852.906;136
854.906;136
856.906;136
858.906;136
860.906;136
862.906;136
864.906;136
866.906;136
868.906;136
870.906;136
872.906;136
874.906;136
876.906;136
878.906;136
880.906;136
882.906;136
884.906;136
886.906;136
888.906;136
890.906;136
892.906;136
894.906;136
896.906;136
898.906;136
900.906;136
902.906;136
904.906;136
906.906;136
908.906;136
910.906;136
912.906;385
914.906;385
916.906;385
918.906;385
921.106;385
923.106;385
925.106;385
927.306;385
929.306;385
931.306;385
933.306;385
935.306;385
937.306;385
939.306;385
941.306;385
943.506;385
945.506;385
947.506;385
949.506;385
951.506;385
953.706;385
955.706;385
957.706;385
959.906;385
961.906;385
963.906;385
965.906;385
967.906;385
969.906;385
971.906;385
973.906;385
975.906;385
978.106;385
980.106;385
982.106;385
984.106;385
986.106;385
988.106;385
990.106;385
992.306;385
994.306;385
996.306;385
998.306;385
1000.31;385
1002.51;385
1004.51;385
1006.71;385
1008.71;385
1010.91;385
1012.91;385
1014.91;385
1016.91;385
1018.91;385
1020.91;385
1022.91;385
1024.91;385
1026.91;385
1028.91;385
1030.91;385
1033.11;385
1035.11;385
1037.11;385
1039.11;385
1041.11;385
1043.11;385
1045.11;385
1047.11;385
1049.11;385
1051.11;385
1053.11;385
1055.31;385
1057.31;385
1059.51;385
1061.51;385
1063.51;385
1065.51;385
1067.71;385
1069.71;385
1071.71;385
1073.71;385
1075.71;385
1077.71;385
1079.71;385
1081.91;385
1083.91;385
1085.91;385
1087.91;385
1089.91;385
1091.91;385
1093.91;385
1096.11;385
1098.11;385
1100.11;385
1102.11;385
1104.31;385
1106.31;385
1108.31;385
1110.31;385
1112.31;385
1114.51;385
1116.51;385
1118.51;385
1120.51;385
1122.51;385
1124.51;385
1126.51;385
1128.71;385
1130.71;385
1132.71;385
1134.71;385
1136.71;385
1138.91;385
1140.91;385
1142.91;385
1144.91;385
1146.91;385
1148.91;385
1150.91;385
1152.91;385
1154.91;385
1156.91;385
1158.91;385
1160.91;385
1162.91;385
1164.91;385
1166.91;385
1168.91;385
1170.91;385
1173.11;385
1175.11;385
1177.11;385
1179.11;385
1181.11;385
1183.11;385
1185.11;385
1187.11;385
1189.11;385
1191.11;385
1193.11;385
1195.31;385
1197.31;385
1199.31;385
1201.31;385
1203.31;385
1205.31;385
1207.31;385
1209.31;385
1211.31;385
1213.31;385
1215.31;385
1217.31;385
1219.31;385
1221.31;385
1223.31;385
1225.51;385
1227.51;385
1229.51;385
1231.51;385
1233.51;385
1235.51;385
1237.51;385
1239.71;385
1241.71;385
1243.71;385
1245.71;385
1247.71;385
1249.91;385
1251.91;385
1253.91;385
1255.91;385
1257.91;385
1260.11;385
1262.11;385
1264.11;385
1266.11;385
1268.11;385
1270.11;385
1272.11;385
1274.11;385
1276.31;385
1278.31;385
1280.31;385
1282.51;385
1284.51;385
1286.51;385
1288.51;385
1290.51;385
1292.51;385
1294.51;385
1296.51;385
1298.71;385
1300.71;385
1302.91;385
1304.91;385
1306.91;385
1308.91;385
1310.91;385
1313.11;385
1315.11;385
1317.11;385
1319.31;385
1321.31;385
1323.31;385
1325.31;385
1327.51;385
1329.51;385
1331.51;385
1333.71;385
1335.91;385
1337.91;385
1339.91;385
1341.91;385
1343.91;385
1346.11;385
1348.11;385
1350.11;385
1352.11;385
1354.31;385
1356.31;385
1358.31;385
1360.51;385
1362.51;385
1364.51;385
1366.71;385
1368.71;385
1370.91;385
1372.91;385
1374.91;385
1376.91;385
1378.91;385
1380.91;385
1382.91;385
1384.91;385
1386.91;385
1388.91;385
1390.91;385
1392.91;385
1394.91;385
1396.91;385
1398.91;385
1400.91;385
1402.91;385
1404.91;385
1406.91;385
1408.91;385
1410.91;385
1412.91;385
1414.91;385
1416.91;385
1419.11;385
1421.11;385
1423.11;385
1425.31;385
1427.31;385
1429.31;385
1431.31;385
1433.31;385
1435.51;385
1437.51;385
1439.51;385
1441.51;385
1443.51;385
1445.71;385
1447.71;385
1449.71;385
1451.71;385
1453.91;385
1455.91;385
1457.91;385
1459.91;385
1461.91;385
1463.91;385
1466.11;385
1468.31;385
1470.31;385
1472.31;385
1474.51;385
1476.51;385
1478.71;385
1480.71;385
1482.71;385
1484.71;385
1486.71;385
1488.91;385
1491.11;385
1493.11;385
1495.31;385
1497.51;385
1499.51;385
1501.51;385
1503.51;385
1505.71;385
1507.71;385
1509.71;385
1511.91;385
1513.91;385
1515.91;385
1517.91;385
1519.91;385
1521.91;385
1523.91;385
1526.11;385
1528.11;385
1530.11;385
1532.11;385
1534.11;385
1536.11;385
1538.31;385
1540.51;385
1542.71;385
1544.71;385
1546.71;385
1548.71;385
1550.71;385
1552.71;385
1554.91;385
1556.91;385
1558.91;385
1560.91;385
1562.91;385
1565.11;385
1567.11;385
1569.11;385
1571.11;385
1573.11;385
1575.11;385
1577.11;385
1579.11;385
1581.11;385
1583.11;385
1585.11;385
1587.11;385
1589.11;385
1591.11;385
1593.11;385
1595.11;385
1597.11;385
1599.11;385
1601.11;385
1603.11;385
1605.11;385
1607.31;385
1609.31;385
1611.31;385
1613.31;385
1615.31;385
1617.31;385
1619.31;385
1621.31;385
1623.31;385
1625.31;385
1627.31;385
1629.31;385
1631.31;385
1633.31;385
1635.31;385
1637.31;385
1639.31;385
1641.51;385
1643.51;385
1645.51;385
1647.51;385
1649.51;385
1651.51;385
1653.51;385
1655.71;385
1657.71;385
1659.71;385
1661.71;385
1663.71;385
1665.71;385
1667.91;385
1669.91;385
1671.91;385
1673.91;385
1675.91;385
1677.91;385
1679.91;385
1681.91;385
1684.11;385
1686.11;385
1688.11;385
1690.11;385
1692.11;385
1694.11;385
1696.31;385
1698.31;385
1700.51;385
1702.51;385
1704.51;385
1706.51;385
1708.51;385
1710.51;385
1712.51;385
1714.51;385
1716.51;385
1718.51;385
1720.51;385
1722.71;385
1724.91;385
1726.91;385
1728.91;385
1730.91;385
1732.91;385
1735.11;385
1737.11;385
1739.11;385
1741.11;385
1743.31;385
1745.31;385
1747.31;385
1749.31;385
1751.31;385
1753.31;385
1755.31;385
1757.51;385
1759.51;385
1761.51;385
1763.51;385
1765.51;385
1767.51;385
1769.51;385
1771.51;385
1773.51;385
1775.71;385
1777.71;385
1779.71;385
1781.71;385
1783.71;385
1785.71;385
1787.71;385
1789.71;385
1791.71;385
1793.71;385
1795.91;385
1797.91;385
