#	X	Y
2.32202;348
4.32201;348
6.52201;348
8.52201;348
10.522;348
12.722;348
14.722;348
16.722;348
18.722;348
20.722;348
22.722;348
24.722;348
26.922;348
28.922;348
30.922;348
32.922;348
35.122;348
37.122;348
39.122;348
41.122;348
43.122;348
45.122;348
47.122;348
49.122;348
51.122;348
53.322;348
55.322;348
57.322;348
59.322;348
61.322;348
63.322;348
65.522;348
67.722;348
69.722;348
71.922;348
74.122;348
76.122;348
78.122;348
80.322;840
82.322;840
84.322;840
86.322;840
88.322;840
90.322;840
92.322;840
94.522;840
96.522;840
98.722;840
100.922;840
102.922;840
104.922;840
106.922;840
108.922;840
110.922;840
112.922;840
114.922;840
116.922;840
118.922;840
120.922;840
122.922;840
124.922;840
126.922;840
128.922;840
130.922;840
132.922;840
135.122;840
137.122;840
139.322;840
141.322;840
143.522;840
145.522;840
147.522;840
149.522;840
151.522;840
153.522;840
155.522;840
157.522;840
159.522;840
161.522;840
163.522;840
165.522;840
167.722;840
169.722;840
171.722;840
173.722;840
175.722;840
177.722;840
179.722;840
181.722;840
183.722;840
185.722;840
187.722;840
189.722;840
191.722;840
193.722;840
195.922;840
197.922;840
199.922;840
201.922;840
203.922;840
205.922;840
207.922;840
209.922;840
211.922;840
213.922;840
216.122;840
218.122;840
220.122;840
222.122;840
224.122;840
226.122;840
228.122;840
230.122;840
232.322;840
234.522;840
236.522;840
238.722;840
240.722;840
242.922;840
244.922;840
246.922;840
248.922;840
251.122;840
253.122;840
255.122;840
257.122;840
259.122;840
261.122;840
263.122;840
265.122;840
267.122;840
269.122;840
271.122;840
273.122;840
275.122;840
277.322;840
279.322;840
281.322;840
283.322;840
285.322;840
287.322;840
289.322;840
291.322;840
293.322;840
295.322;840
297.322;840
299.322;840
301.322;840
303.322;840
305.322;840
307.322;840
309.322;840
311.522;840
313.522;840
315.522;840
317.522;840
319.522;840
321.522;840
323.522;840
325.722;840
327.722;840
329.722;840
331.722;840
333.922;840
335.922;840
337.922;840
339.922;840
341.922;840
344.122;840
346.122;840
348.122;840
350.122;840
352.122;840
354.122;840
356.122;840
358.122;840
360.122;840
362.122;840
364.122;840
366.122;840
368.122;840
370.122;840
372.122;840
374.122;840
376.122;840
378.122;840
380.322;840
382.322;840
384.322;840
386.322;840
388.522;840
390.722;840
392.722;840
394.722;840
396.922;840
398.922;840
400.922;840
402.922;840
404.922;840
406.922;840
408.922;840
410.922;840
412.922;840
414.922;840
417.122;840
419.122;840
421.122;840
423.122;840
425.122;840
427.122;840
429.322;840
431.322;840
433.322;840
435.522;840
437.522;840
439.522;840
441.522;840
443.522;840
445.522;840
447.522;840
449.522;840
451.722;840
453.922;840
455.922;840
457.922;840
459.922;840
461.922;840
463.922;840
465.922;840
467.922;840
469.922;840
471.922;840
473.922;840
475.922;840
477.922;840
479.922;840
482.122;840
484.122;840
486.122;840
488.122;840
490.122;840
492.322;840
494.322;840
496.322;840
498.322;840
500.322;840
502.322;840
504.322;840
506.322;840
508.322;840
510.322;840
512.322;840
514.522;840
516.522;840
518.522;840
520.522;840
522.722;840
524.722;840
526.722;840
528.722;840
530.722;840
532.722;840
534.722;840
536.722;840
538.722;840
540.722;840
542.922;840
544.922;840
546.922;840
549.122;840
551.122;840
553.122;840
555.122;840
557.122;840
559.122;840
561.122;840
563.122;840
565.322;840
567.322;840
569.522;840
571.522;840
573.522;840
575.722;840
577.722;840
579.922;840
581.922;840
583.922;840
585.922;840
587.922;840
589.922;840
592.122;840
594.122;840
596.122;840
598.122;840
600.122;840
602.122;840
604.122;840
606.122;840
608.122;840
610.322;840
612.322;840
614.322;840
616.322;840
618.322;840
620.322;840
622.322;840
624.322;840
626.322;840
628.322;840
630.322;840
632.522;840
634.522;840
636.522;840
638.522;840
640.522;840
642.522;840
644.722;840
646.722;840
648.722;840
650.722;840
652.922;840
655.122;840
657.122;840
659.122;840
661.122;840
663.322;840
665.322;840
667.322;840
669.322;840
671.322;840
673.322;840
675.322;840
677.322;840
679.322;840
681.522;840
683.522;840
685.522;840
687.522;840
689.722;840
691.722;840
693.722;840
695.722;840
697.722;840
699.722;840
701.722;840
703.722;840
705.722;840
707.722;840
709.722;840
711.722;840
713.722;840
715.722;840
717.922;840
719.922;840
722.122;840
724.122;840
726.322;840
728.522;840
730.522;840
732.522;840
734.722;840
736.722;840
738.722;840
740.722;840
742.722;840
744.722;840
746.722;840
748.922;840
750.922;840
753.122;840
755.322;840
757.322;840
759.322;840
761.322;840
763.322;840
765.322;840
767.322;840
769.322;840
771.322;840
773.322;840
775.322;840
777.322;840
779.322;840
781.322;840
783.322;840
785.522;840
787.522;840
789.722;840
791.722;840
793.722;840
795.922;840
797.922;840
799.922;840
801.922;840
803.922;840
805.922;840
807.922;840
809.922;840
811.922;840
814.122;840
816.322;840
818.522;840
820.522;840
822.522;840
824.522;840
826.522;840
828.522;840
830.522;840
832.522;840
834.522;840
836.522;840
838.522;840
840.722;840
842.722;840
844.722;840
846.722;840
848.722;840
850.722;840
852.722;840
854.722;840
856.722;840
858.722;840
860.922;840
862.922;840
864.922;840
866.922;840
868.922;840
870.922;840
872.922;840
875.122;840
877.122;840
879.122;840
881.122;840
883.122;840
885.122;840
887.122;840
889.122;840
891.122;840
893.122;840
895.122;840
897.322;840
899.322;840
901.322;840
903.322;840
905.322;840
907.322;840
909.322;840
911.322;840
913.322;840
915.322;840
917.322;1096
919.322;1096
921.322;1096
923.322;1096
925.322;1096
927.522;1096
929.722;1096
931.722;1096
933.722;1096
935.722;1096
937.722;1096
939.922;1096
942.122;1096
944.322;1096
946.322;1096
948.322;1096
950.322;1096
952.522;1096
954.522;1096
956.522;1096
958.522;1096
960.722;1096
962.722;1096
964.722;1096
966.722;1096
968.722;1096
970.722;1096
972.922;1096
974.922;1096
976.922;1096
978.922;1096
980.922;1096
982.922;1096
985.122;1096
987.122;1096
989.122;1096
991.322;1096
993.322;1096
995.522;1096
997.522;1096
999.522;1096
1001.52;1096
1003.52;1096
1005.52;1096
1007.52;1096
1009.52;1096
1011.72;1096
1013.72;1096
1015.72;1096
1017.72;1096
1019.72;1096
1021.72;1096
1023.72;1096
1025.72;1096
1027.72;1096
1029.92;1096
1031.92;1096
1034.12;1096
1036.32;1096
1038.52;1096
1040.52;1096
1042.52;1096
1044.52;1096
1046.72;1096
1048.72;1096
1050.72;1096
1052.72;1096
1054.92;1096
1056.92;1096
1058.92;1096
1060.92;1096
1062.92;1096
1064.92;1096
1066.92;1096
1068.92;1096
1070.92;1096
1072.92;1096
1075.12;1096
1077.12;1096
1079.12;1096
1081.32;1096
1083.32;1096
1085.32;1096
1087.52;1096
1089.52;1096
1091.52;1096
1093.52;1096
1095.52;1096
1097.52;1096
1099.72;1096
1101.72;1096
1103.72;1096
1105.72;1096
1107.72;1096
1109.72;1096
1111.72;1096
1113.72;1096
1115.72;1096
1117.72;1096
1119.72;1096
1121.72;1096
1123.72;1096
1125.72;1096
1127.72;1096
1129.72;1096
1131.92;1096
1133.92;1096
1135.92;1096
1137.92;1096
1139.92;1096
1141.92;1096
1143.92;1096
1146.12;1096
1148.12;1096
1150.12;1096
1152.12;1096
1154.12;1096
1156.12;1096
1158.12;1096
1160.12;1096
1162.32;1096
1164.32;1096
1166.32;1096
1168.32;1096
1170.32;1096
1172.32;1096
1174.32;1096
1176.32;1096
1178.32;1096
1180.32;1096
1182.32;1096
1184.32;1096
1186.32;1096
1188.32;1096
1190.32;1096
1192.52;1096
1194.52;1096
1196.52;1096
1198.52;1096
1200.52;1096
1202.52;1096
1204.52;1096
1206.52;1096
1208.72;1096
1210.72;1096
1212.72;1096
1214.72;1096
1216.92;1096
1218.92;1096
1220.92;1096
1222.92;1096
1224.92;1096
1226.92;1096
1228.92;1096
1231.12;1096
1233.12;1096
1235.12;1096
1237.12;1096
1239.12;1096
1241.12;1096
1243.12;1096
1245.12;1096
1247.12;1096
1249.32;1096
1251.32;1096
1253.32;1096
1255.32;1096
1257.52;1096
1259.52;1096
1261.52;1096
1263.52;1096
1265.52;1096
1267.52;1096
1269.52;1096
1271.52;1096
1273.52;1096
1275.52;1096
1277.52;1096
1279.52;1096
1281.52;1096
1283.52;1096
1285.52;1096
1287.52;1096
1289.52;1096
1291.52;1096
1293.72;1096
1295.72;1096
1297.92;1096
1299.92;1096
1301.92;1096
1303.92;1096
1305.92;1096
1307.92;1096
1309.92;1096
1311.92;1096
1313.92;1096
1315.92;1096
1317.92;1096
1319.92;1096
1321.92;1096
1323.92;1096
1326.12;1096
1328.32;1096
1330.52;1096
1332.52;1096
1334.52;1096
1336.52;1096
1338.52;1096
1340.52;1096
1342.52;1096
1344.52;1096
1346.52;1096
1348.52;1096
1350.72;1096
1352.72;1096
1354.72;1096
1356.72;1096
1358.72;1096
1360.92;1096
1363.12;1096
1365.32;1096
1367.32;1096
1369.32;1096
1371.32;1096
1373.32;1096
1375.52;1096
1377.52;1096
1379.72;1096
1381.72;1096
1383.72;1096
1385.92;1096
1387.92;1096
1389.92;1096
1391.92;1096
1394.12;1096
1396.12;1096
1398.12;1096
1400.12;1096
1402.12;1096
1404.12;1096
1406.12;1096
1408.32;1096
1410.32;1096
1412.52;1096
1414.72;1096
1416.72;1096
1418.72;1096
1420.72;1096
1422.92;1096
1424.92;1096
1427.12;1096
1429.32;1096
1431.32;1096
1433.32;1096
1435.52;1096
1437.52;1096
1439.52;1096
1441.52;1096
1443.52;1096
1445.52;1096
1447.52;1096
1449.52;1096
1451.52;1096
1453.52;1096
1455.52;1096
1457.52;1096
1459.52;1096
1461.72;1096
1463.72;1096
1465.72;1096
1467.72;1096
1469.72;1096
1471.72;1096
1473.72;1096
1475.72;1096
1477.72;1096
1479.72;1096
1481.92;1096
1483.92;1096
1485.92;1096
1487.92;1096
1490.12;1096
1492.12;1096
1494.12;1096
1496.12;1096
1498.12;1096
1500.12;1096
1502.12;1096
1504.32;1096
1506.52;1096
1508.52;1096
1510.52;1096
1512.52;1096
1514.52;1096
1516.52;1096
1518.52;1096
1520.52;1096
1522.52;1096
1524.52;1096
1526.52;1096
1528.52;1096
1530.52;1096
1532.52;1096
1534.52;1096
1536.52;1096
1538.52;1096
1540.52;1096
1542.72;1096
1544.72;1096
1546.72;1096
1548.72;1096
1550.72;1096
1552.72;1096
1554.72;1096
1556.72;1096
1558.72;1096
1560.72;1096
1562.72;1096
1564.72;1096
1566.72;1096
1568.72;1096
1570.92;1096
1572.92;1096
1574.92;1096
1576.92;1096
1578.92;1096
1580.92;1096
1582.92;1096
1584.92;1096
1587.12;1096
1589.12;1096
1591.12;1096
1593.12;1096
1595.12;1096
1597.12;1096
1599.12;1096
1601.32;1096
1603.52;1096
1605.52;1096
1607.52;1096
1609.52;1096
1611.52;1096
1613.52;1096
1615.52;1096
1617.52;1096
1619.52;1096
1621.52;1096
1623.72;1096
1625.72;1096
1627.72;1096
1629.72;1096
1631.72;1096
1633.72;1096
1635.72;1096
1637.72;1096
1639.72;1096
1641.72;1096
1643.72;1096
1645.72;1096
1647.72;1096
1649.92;1096
1651.92;1096
1653.92;1096
1655.92;1096
1657.92;1096
1659.92;1096
1661.92;1096
1663.92;1096
1665.92;1096
1667.92;1096
1670.12;1096
1672.32;1096
1674.32;1096
1676.32;1096
1678.32;1096
1680.32;1096
1682.52;1096
1684.72;1096
1686.92;1096
1688.92;1096
1690.92;1096
1692.92;1096
1694.92;1096
1697.12;1096
1699.12;1096
1701.12;1096
1703.12;1096
1705.12;1096
1707.12;1096
1709.12;1096
1711.12;1096
1713.32;1096
1715.32;1096
1717.32;1096
1719.32;1096
1721.32;1096
1723.52;1096
1725.52;1096
1727.52;1096
1729.52;1096
1731.52;1096
1733.52;1096
1735.52;1096
1737.52;1096
1739.52;1096
1741.52;1096
1743.72;1096
1745.92;1096
1747.92;1096
1749.92;1096
1751.92;1096
1753.92;1096
1756.12;1096
1758.32;1096
1760.32;1096
1762.32;1096
1764.32;1096
1766.32;1096
1768.32;1096
1770.32;1096
1772.52;1096
1774.52;1096
1776.52;1096
1778.72;1096
1780.72;1096
1782.72;1096
1784.72;1096
1786.72;1096
1788.72;1096
1790.72;1096
1792.72;1096
1794.92;1096
1796.92;1096
