#	X	Y
2.21202;601
4.21201;601
6.21201;601
8.41201;601
10.412;601
12.412;601
14.412;601
16.412;601
18.412;601
20.412;601
22.412;601
24.412;601
26.412;601
28.412;601
30.412;601
32.412;601
34.412;601
36.412;601
38.612;601
40.612;601
42.612;601
44.612;601
46.612;601
48.612;601
50.612;601
52.612;601
54.612;601
56.612;601
58.612;601
60.612;601
62.612;601
64.612;601
66.612;601
68.612;601
70.812;601
72.812;601
74.812;601
76.812;601
79.012;601
81.012;601
83.012;601
85.012;601
87.012;601
89.012;601
91.012;601
93.012;601
95.012;601
97.012;601
99.012;601
101.012;601
103.012;601
105.212;601
107.212;601
109.212;601
111.212;601
113.212;601
115.212;601
117.212;601
119.212;601
121.212;601
123.212;601
125.212;601
127.212;601
129.212;601
131.212;601
133.212;601
135.212;601
137.212;601
139.212;601
141.212;601
143.212;601
145.212;601
147.412;601
149.412;601
151.412;601
153.412;601
155.412;601
157.412;601
159.612;601
161.612;601
163.612;601
165.612;601
167.612;601
169.612;601
171.612;601
173.612;601
175.612;601
177.612;601
179.612;601
181.612;601
183.612;601
185.612;601
187.612;601
189.612;601
191.812;601
193.812;601
195.812;601
197.812;601
199.812;601
201.812;601
203.812;601
205.812;601
207.812;601
210.012;601
212.212;1537
214.412;1537
216.412;1537
218.412;1537
220.412;1537
222.412;1537
224.612;1537
226.612;1537
228.812;1537
231.012;1537
233.012;1537
235.012;1537
237.212;1537
239.212;1537
241.412;1537
243.412;1537
245.412;1537
247.412;1537
249.412;1537
251.412;1537
253.412;1537
255.612;1537
257.612;1537
259.612;1537
261.612;1537
263.612;1537
265.612;1537
267.612;1537
269.612;1537
271.812;1537
273.812;1537
275.812;1537
277.812;1537
279.812;1537
281.812;1537
283.812;1537
286.012;1537
288.212;1537
290.412;1537
292.412;1537
294.412;1537
296.412;1537
298.412;1537
300.412;1537
302.412;1537
304.412;1537
306.412;1537
308.612;1537
310.812;1537
312.812;1537
314.812;1537
317.012;1537
319.012;1537
321.012;1537
323.012;1537
325.012;1537
327.012;1537
329.012;1537
331.012;1537
333.012;1537
335.012;1537
337.212;1537
339.212;1537
341.212;1537
343.212;1537
345.212;1537
347.212;1537
349.212;1537
351.212;1537
353.212;1537
355.212;1537
357.212;1537
359.212;1537
361.212;1537
363.212;1537
365.212;1537
367.212;1537
369.212;1537
371.212;1537
373.212;1537
375.212;1537
377.212;1537
379.212;1537
381.212;1537
383.212;1537
385.212;1537
387.412;1537
389.412;1537
391.612;1537
393.612;1537
395.612;1537
397.612;1537
399.612;1537
401.612;1537
403.612;1537
405.812;1537
407.812;1537
409.812;1537
411.812;1537
414.012;1537
416.012;1537
418.012;1537
420.012;1537
422.012;1537
424.012;1537
426.012;1537
428.012;1537
430.212;1537
432.212;1537
434.212;1537
436.212;1537
438.212;1537
440.212;1537
442.212;1537
444.212;1537
446.412;1537
448.412;1537
450.412;1537
452.412;1537
454.412;1537
456.412;1537
458.412;1537
460.412;1537
462.412;1537
464.412;1537
466.412;1537
468.412;1537
470.412;1537
472.412;1537
474.412;1537
476.612;1537
478.612;1537
480.612;1537
482.612;1537
484.612;1537
486.612;1537
488.612;1537
490.612;1537
492.612;1537
494.612;1537
496.612;1537
498.812;1537
500.812;1537
502.812;1537
504.812;1537
506.812;1537
508.812;1537
510.812;1537
512.812;1537
514.812;1537
516.812;1537
518.812;1537
520.812;1537
522.812;1537
524.812;1537
526.812;1537
528.812;1537
530.812;1537
532.812;1537
534.812;1537
537.012;1537
539.012;1537
541.012;1537
543.012;1537
545.012;1537
547.012;1537
549.212;1537
551.212;1537
553.212;1537
555.212;1537
557.212;1537
559.212;1537
561.212;1537
563.212;1537
565.212;1537
567.212;1537
569.212;1537
571.212;1537
573.212;1537
575.212;1537
577.212;1537
579.212;1537
581.212;1537
583.212;1537
585.412;1537
587.412;1537
589.412;1537
591.412;1537
593.612;1537
595.612;1537
597.612;1537
599.612;1537
601.612;1537
603.612;1537
605.612;1537
607.612;1537
609.612;1537
611.612;1537
613.812;1537
616.012;1537
618.012;1537
620.012;1537
622.012;1537
624.012;1537
626.212;1537
628.412;1537
630.412;1537
632.412;1537
634.412;1537
636.412;1537
638.412;1537
640.412;1537
642.412;1537
644.412;1537
646.412;1537
648.412;1537
650.412;1537
652.412;1537
654.412;1537
656.412;1537
658.412;1537
660.612;1537
662.612;1537
664.612;1537
666.612;1537
668.812;1537
670.812;1537
672.812;1537
674.812;1537
676.812;1537
678.812;1537
680.812;1537
682.812;1537
684.812;1537
686.812;1537
688.812;1537
690.812;1537
692.812;1537
694.812;1537
696.812;1537
699.012;1537
701.012;1537
703.012;1537
705.012;1537
707.012;1537
709.012;1537
711.012;1537
713.012;1537
715.012;1537
717.012;1537
719.012;1537
721.012;1537
723.012;1537
725.012;1537
727.012;1537
729.012;1537
731.012;1537
733.012;1537
735.012;1537
737.012;1537
739.012;1537
741.012;1537
743.012;1537
745.012;1537
747.212;1537
749.212;1537
751.212;1537
753.212;1537
755.212;1537
757.212;1537
759.212;1537
761.412;1537
763.412;1537
765.412;1537
767.612;1537
769.612;1537
771.612;1537
773.612;1537
775.612;1537
777.612;1537
779.612;1537
781.612;1537
783.612;1537
785.612;1537
787.812;1537
790.012;1537
792.012;1537
794.212;1537
796.212;1537
798.212;1537
800.212;1537
802.212;1537
804.212;1537
806.212;1537
808.212;1537
810.212;1537
812.212;1537
814.212;1537
816.212;1537
818.212;1537
820.212;1537
822.212;1537
824.212;1537
826.212;1537
828.212;1537
830.212;1537
832.412;1537
834.612;1537
836.612;1537
838.612;1537
840.612;1537
842.612;1537
844.612;1537
846.612;1537
848.812;1537
850.812;1537
852.812;1537
854.812;1537
856.812;1537
858.812;1537
860.812;1537
862.812;1537
864.812;1537
866.812;1537
868.812;1537
870.812;1537
872.812;1537
874.812;1537
876.812;1537
878.812;1537
880.812;1537
882.812;1537
884.812;1537
886.812;1537
888.812;1537
890.812;1537
892.812;1537
894.812;1537
897.012;1537
899.012;1537
901.012;1537
903.012;1537
905.212;1537
907.212;1537
909.212;1537
911.212;1537
913.212;1303
915.212;1303
917.212;1303
919.412;1303
921.412;1303
923.412;1303
925.412;1303
927.412;1303
929.412;1303
931.412;1303
933.412;1303
935.412;1303
937.412;1303
939.412;1303
941.412;1303
943.412;1303
945.412;1303
947.412;1303
949.412;1303
951.412;1303
953.412;1303
955.412;1303
957.612;1303
959.612;1303
961.612;1303
963.612;1303
965.612;1303
967.612;1303
969.612;1303
971.612;1303
973.612;1303
975.612;1303
977.612;1303
979.612;1303
981.612;1303
983.612;1303
985.612;1303
987.812;1303
990.012;1303
992.012;1303
994.212;1303
996.212;1303
998.212;1303
1000.21;1303
1002.21;1303
1004.21;1303
1006.21;1303
1008.21;1303
1010.21;1303
1012.41;1303
1014.41;1303
1016.41;1303
1018.41;1303
1020.41;1303
1022.41;1303
1024.61;1303
1026.81;1303
1028.81;1303
1030.81;1303
1032.81;1303
1034.81;1303
1036.81;1303
1038.81;1303
1040.81;1303
1042.81;1303
1044.81;1303
1046.81;1303
1048.81;1303
1050.81;1303
1052.81;1303
1054.81;1303
1056.81;1303
1058.81;1303
1060.81;1303
1062.81;1303
1064.81;1303
1067.01;1303
1069.21;1303
1071.21;1303
1073.21;1303
1075.21;1303
1077.21;1303
1079.21;1303
1081.21;1303
1083.21;1303
1085.21;1303
1087.21;1303
1089.21;1303
1091.21;1303
1093.21;1303
1095.21;1303
1097.21;1303
1099.41;1303
1101.41;1303
1103.41;1303
1105.41;1303
1107.41;1303
1109.41;1303
1111.41;1303
1113.41;1303
1115.41;1303
1117.41;1303
1119.41;1303
1121.41;1303
1123.61;1303
1125.81;1303
1127.81;1303
1129.81;1303
1131.81;1303
1134.01;1303
1136.01;1303
1138.01;1303
1140.01;1303
1142.01;1303
1144.01;1303
1146.01;1303
1148.01;1303
1150.01;1303
1152.01;1303
1154.21;1303
1156.21;1303
1158.21;1303
1160.21;1303
1162.21;1303
1164.41;1303
1166.41;1303
1168.41;1303
1170.41;1303
1172.41;1303
1174.41;1303
1176.61;1303
1178.61;1303
1180.61;1303
1182.61;1303
1184.61;1303
1186.61;1303
1188.81;1303
1190.81;1303
1192.81;1303
1194.81;1303
1196.81;1303
1198.81;1303
1200.81;1303
1203.01;1303
1205.21;1303
1207.21;1303
1209.21;1303
1211.21;1303
1213.21;1303
1215.21;1303
1217.41;1303
1219.41;1303
1221.41;1303
1223.41;1303
1225.41;1303
1227.41;1303
1229.41;1303
1231.41;1303
1233.41;1303
1235.41;1303
1237.41;1303
1239.61;1303
1241.61;1303
1243.61;1303
1245.61;1303
1247.61;1303
1249.61;1303
1251.61;1303
1253.61;1303
1255.61;1303
1257.61;1303
1259.61;1303
1261.61;1303
1263.61;1303
1265.61;1303
1267.61;1303
1269.61;1303
1271.61;1303
1273.61;1303
1275.81;1303
1277.81;1303
1279.81;1303
1281.81;1303
1283.81;1303
1286.01;1303
1288.01;1303
1290.01;1303
1292.01;1303
1294.01;1303
1296.01;1303
1298.01;1303
1300.01;1303
1302.01;1303
1304.01;1303
1306.01;1303
1308.01;1303
1310.01;1303
1312.01;1303
1314.01;1303
1316.01;1303
1318.01;1303
1320.01;1303
1322.01;1303
1324.01;1303
1326.21;1303
1328.41;1303
1330.41;1303
1332.41;1303
1334.41;1303
1336.41;1303
1338.41;1303
1340.41;1303
1342.41;1303
1344.41;1303
1346.41;1303
1348.41;1303
1350.61;1303
1352.61;1303
1354.61;1303
1356.61;1303
1358.61;1303
1360.81;1303
1362.81;1303
1364.81;1303
1366.81;1303
1369.01;1303
1371.01;1303
1373.01;1303
1375.21;1303
1377.21;1303
1379.21;1303
1381.21;1303
1383.21;1303
1385.21;1303
1387.21;1303
1389.21;1303
1391.41;1303
1393.41;1303
1395.41;1303
1397.41;1303
1399.41;1303
1401.41;1303
1403.61;1303
1405.61;1303
1407.61;1303
1409.61;1303
1411.81;1303
1413.81;1303
1415.81;1303
1417.81;1303
1419.81;1303
1421.81;1303
1423.81;1303
1425.81;1303
1427.81;1303
1429.81;1303
1431.81;1303
1433.81;1303
1435.81;1303
1437.81;1303
1439.81;1303
1442.01;1303
1444.01;1303
1446.01;1303
1448.01;1303
1450.01;1303
1452.01;1303
1454.01;1303
1456.01;1303
1458.01;1303
1460.01;1303
1462.01;1303
1464.01;1303
1466.01;1303
1468.01;1303
1470.01;1303
1472.01;1303
1474.01;1303
1476.21;1303
1478.21;1303
1480.21;1303
1482.21;1303
1484.21;1303
1486.41;1303
1488.41;1303
1490.41;1303
1492.61;1303
1494.61;1303
1496.61;1303
1498.61;1303
1500.61;1303
1502.61;1303
1504.61;1303
1506.61;1303
1508.61;1303
1510.61;1303
1512.61;1303
1514.81;1303
1517.01;1303
1519.01;1303
1521.01;1303
1523.01;1303
1525.01;1303
1527.01;1303
1529.01;1303
1531.01;1303
1533.01;1303
1535.01;1303
1537.01;1303
1539.21;1303
1541.21;1303
1543.21;1303
1545.21;1303
1547.21;1303
1549.21;1303
1551.41;1303
1553.41;1303
1555.61;1303
1557.61;1303
1559.61;1303
1561.61;1303
1563.61;1303
1565.81;1303
1568.01;1303
1570.01;1303
1572.01;1303
1574.01;1303
1576.01;1303
1578.01;1303
1580.01;1303
1582.01;1303
1584.01;1303
1586.21;1303
1588.21;1303
1590.21;1303
1592.21;1303
1594.41;1303
1596.41;1303
1598.41;1303
1600.41;1303
1602.41;1303
1604.41;1303
1606.41;1303
1608.41;1303
1610.41;1303
1612.41;1303
1614.41;1303
1616.41;1303
1618.41;1303
1620.41;1303
1622.41;1303
1624.41;1303
1626.41;1303
1628.41;1303
1630.41;1303
1632.41;1303
1634.41;1303
1636.61;1303
1638.61;1303
1640.81;1303
1642.81;1303
1644.81;1303
1646.81;1303
1648.81;1303
1650.81;1303
1652.81;1303
1654.81;1303
1657.01;1303
1659.01;1303
1661.01;1303
1663.01;1303
1665.01;1303
1667.01;1303
1669.01;1303
1671.01;1303
1673.21;1303
1675.41;1303
1677.41;1303
1679.41;1303
1681.41;1303
1683.41;1303
1685.41;1303
1687.41;1303
1689.41;1303
1691.41;1303
1693.41;1303
1695.41;1303
1697.61;1303
1699.61;1303
1701.61;1303
1703.61;1303
1705.81;1303
1707.81;1303
1709.81;1303
1711.81;1303
1713.81;1303
1715.81;1303
1717.81;1303
1719.81;1303
1721.81;1303
1723.81;1303
1725.81;1303
1727.81;1303
1729.81;1303
1731.81;1303
1733.81;1303
1736.01;1303
1738.01;1303
1740.01;1303
1742.01;1303
1744.01;1303
1746.01;1303
1748.01;1303
1750.01;1303
1752.01;1303
1754.21;1303
1756.21;1303
1758.21;1303
1760.21;1303
1762.21;1303
1764.21;1303
1766.21;1303
1768.21;1303
1770.21;1303
1772.41;1303
1774.61;1303
1776.61;1303
1778.61;1303
1780.81;1303
1782.81;1303
1785.01;1303
1787.01;1303
1789.01;1303
1791.01;1303
1793.21;1303
1795.21;1303
1797.21;1303
