#	X	Y
2.50802;41
4.50801;41
6.50801;41
8.50801;41
10.508;41
12.508;41
14.508;41
16.508;41
18.708;41
20.908;41
22.908;41
24.908;41
26.908;41
29.108;41
31.108;41
33.108;41
35.108;41
37.308;41
39.508;41
41.708;41
43.708;41
45.708;41
47.708;41
49.708;41
51.908;41
53.908;41
56.108;41
58.108;41
60.108;41
62.108;41
64.108;41
66.108;41
68.308;65
70.308;65
72.308;65
74.308;65
76.308;65
78.308;65
80.308;65
82.308;65
84.308;65
86.308;65
88.308;65
90.308;65
92.308;65
94.308;65
96.308;65
98.308;65
100.308;65
102.308;65
104.308;65
106.308;65
108.308;65
110.308;65
112.308;65
114.308;65
116.308;65
118.308;65
120.308;65
122.308;65
124.308;65
126.508;65
128.508;65
130.508;65
132.508;65
134.508;65
136.508;65
138.708;65
140.708;65
142.708;65
144.908;65
147.108;65
149.108;65
151.108;65
153.108;65
155.108;65
157.108;65
159.108;65
161.108;65
163.308;65
165.308;65
167.308;65
169.308;65
171.308;65
173.308;65
175.308;65
177.308;65
179.308;65
181.308;65
183.308;65
185.308;65
187.308;65
189.508;65
191.508;65
193.508;65
195.508;65
197.508;65
199.508;65
201.708;65
203.708;65
205.708;65
207.708;65
209.708;65
211.708;65
213.708;65
215.708;65
217.708;65
219.708;65
221.708;65
223.708;65
225.708;65
227.708;65
229.708;65
231.708;65
233.708;65
235.708;65
237.908;65
239.908;65
241.908;65
243.908;65
245.908;65
247.908;65
249.908;65
251.908;65
253.908;65
255.908;65
257.908;65
259.908;65
261.908;65
263.908;65
265.908;65
267.908;65
269.908;65
271.908;65
273.908;65
275.908;65
277.908;65
279.908;65
281.908;65
284.108;65
286.108;65
288.108;65
290.108;65
292.108;65
294.108;65
296.308;65
298.308;65
300.308;65
302.308;65
304.308;65
306.308;65
308.508;65
310.508;65
312.508;65
314.508;65
316.508;65
318.508;65
320.708;65
322.708;65
324.708;65
326.908;65
328.908;65
330.908;65
332.908;65
335.108;65
337.108;65
339.108;65
341.108;65
343.108;65
345.108;65
347.108;65
349.308;65
351.308;65
353.308;65
355.508;65
357.508;65
359.508;65
361.508;65
363.508;65
365.508;65
367.708;65
369.908;65
371.908;65
373.908;65
375.908;65
377.908;65
380.108;65
382.108;65
384.108;65
386.108;65
388.108;65
390.108;65
392.108;65
394.108;65
396.108;65
398.308;65
400.308;65
402.308;65
404.308;65
406.308;65
408.308;65
410.308;65
412.308;65
414.308;65
416.308;65
418.308;65
420.308;65
422.308;65
424.308;65
426.308;65
428.308;65
430.308;65
432.308;65
434.308;65
436.308;65
438.308;65
440.308;65
442.308;65
444.308;65
446.308;65
448.308;65
450.308;65
452.308;65
454.308;65
456.308;65
458.308;65
460.308;65
462.308;65
464.308;65
466.308;65
468.308;65
470.308;65
472.308;65
474.308;65
476.508;65
478.508;65
480.508;65
482.508;65
484.508;65
486.508;65
488.508;65
490.508;65
492.508;65
494.508;65
496.508;65
498.508;65
500.508;65
502.508;65
504.508;65
506.508;65
508.508;65
510.508;65
512.708;65
514.708;65
516.708;65
518.708;65
520.708;65
522.908;65
524.908;65
526.908;65
528.908;65
530.908;65
533.108;65
535.108;65
537.108;65
539.108;65
541.108;65
543.108;65
545.108;65
547.308;65
549.308;65
551.308;65
553.308;65
555.308;65
557.308;65
559.308;65
561.308;65
563.308;65
565.308;65
567.308;65
569.508;65
571.508;65
573.508;65
575.508;65
577.508;65
579.508;65
581.508;65
583.508;65
585.508;65
587.708;65
589.708;65
591.708;65
593.708;65
595.908;65
597.908;65
600.108;65
602.108;65
604.108;65
606.108;65
608.108;65
610.108;65
612.108;65
614.108;65
616.108;65
618.108;65
620.108;65
622.108;65
624.308;65
626.308;65
628.308;65
630.308;65
632.308;65
634.308;65
636.308;65
638.308;65
640.308;65
642.308;65
644.308;65
646.308;65
648.508;65
650.708;65
652.708;65
654.708;65
656.708;65
658.908;65
660.908;65
663.108;65
665.108;65
667.108;65
669.108;65
671.108;65
673.108;65
675.108;65
677.108;65
679.108;65
681.308;65
683.308;65
685.308;65
687.308;65
689.308;65
691.308;65
693.508;65
695.508;65
697.508;65
699.508;65
701.508;65
703.508;65
705.508;65
707.508;65
709.708;65
711.908;65
713.908;65
715.908;65
717.908;65
719.908;65
721.908;65
724.108;65
726.108;65
728.108;65
730.108;65
732.108;65
734.108;65
736.108;65
738.108;65
740.108;65
742.108;65
744.108;65
746.308;65
748.508;65
750.508;65
752.508;65
754.508;65
756.508;65
758.508;65
760.508;65
762.508;65
764.508;65
766.508;65
768.508;65
770.508;65
772.508;65
774.508;65
776.508;65
778.508;65
780.508;65
782.508;65
784.508;65
786.508;65
788.508;65
790.708;65
792.708;65
794.708;65
796.708;65
798.708;65
800.908;65
802.908;65
804.908;65
806.908;65
808.908;65
810.908;65
812.908;65
814.908;65
816.908;65
818.908;65
820.908;65
822.908;65
824.908;65
826.908;65
828.908;65
830.908;65
832.908;65
834.908;65
836.908;65
838.908;65
840.908;65
842.908;65
844.908;65
847.108;65
849.308;65
851.308;65
853.308;65
855.308;65
857.308;65
859.308;65
861.308;65
863.308;65
865.308;65
867.508;65
869.508;65
871.508;65
873.508;65
875.508;65
877.708;65
879.708;65
881.708;65
883.708;65
885.908;65
888.108;65
890.308;65
892.308;65
894.308;65
896.308;65
898.308;65
900.308;65
902.308;65
904.308;65
906.308;65
908.308;65
910.308;65
912.308;65
914.308;793
916.308;793
918.308;793
920.308;793
922.308;793
924.308;793
926.308;793
928.308;793
930.308;793
932.308;793
934.508;793
936.508;793
938.508;793
940.508;793
942.508;793
944.508;793
946.508;793
948.508;793
950.508;793
952.708;793
954.708;793
956.708;793
958.708;793
960.708;793
962.708;793
964.708;793
966.708;793
968.708;793
970.708;793
972.708;793
974.708;793
976.708;793
978.708;793
980.708;793
982.708;793
984.708;793
986.708;793
988.708;793
990.708;793
992.708;793
994.708;793
996.708;793
998.708;793
1000.71;793
1002.71;793
1004.71;793
1006.91;793
1009.11;793
1011.11;793
1013.11;793
1015.11;793
1017.11;793
1019.11;793
1021.11;793
1023.11;793
1025.11;793
1027.11;793
1029.31;793
1031.31;793
1033.31;793
1035.31;793
1037.51;793
1039.51;793
1041.51;793
1043.51;793
1045.51;793
1047.51;793
1049.51;793
1051.51;793
1053.71;793
1055.71;793
1057.71;793
1059.71;793
1061.71;793
1063.91;793
1066.11;793
1068.11;793
1070.11;793
1072.31;793
1074.31;793
1076.31;793
1078.31;793
1080.31;793
1082.31;793
1084.31;793
1086.31;793
1088.31;793
1090.31;793
1092.51;793
1094.71;793
1096.91;793
1098.91;793
1101.11;793
1103.11;793
1105.11;793
1107.11;793
1109.11;793
1111.11;793
1113.11;793
1115.11;793
1117.11;793
1119.11;793
1121.11;793
1123.11;793
1125.11;793
1127.11;793
1129.11;793
1131.11;793
1133.11;793
1135.11;793
1137.11;793
1139.11;793
1141.11;793
1143.31;793
1145.31;793
1147.31;793
1149.31;793
1151.31;793
1153.31;793
1155.31;793
1157.31;793
1159.31;793
1161.31;793
1163.31;793
1165.31;793
1167.51;793
1169.51;793
1171.51;793
1173.51;793
1175.71;793
1177.71;793
1179.71;793
1181.71;793
1183.91;793
1185.91;793
1187.91;793
1189.91;793
1191.91;793
1193.91;793
1195.91;793
1198.11;793
1200.31;793
1202.31;793
1204.31;793
1206.31;793
1208.31;793
1210.31;793
1212.31;793
1214.31;793
1216.51;793
1218.51;793
1220.51;793
1222.51;793
1224.51;793
1226.51;793
1228.51;793
1230.71;793
1232.71;793
1234.91;793
1236.91;793
1238.91;793
1241.11;793
1243.11;793
1245.11;793
1247.11;793
1249.11;793
1251.11;793
1253.11;793
1255.31;793
1257.31;793
1259.31;793
1261.31;793
1263.31;793
1265.51;793
1267.51;793
1269.71;793
1271.71;793
1273.71;793
1275.71;793
1277.71;793
1279.91;793
1281.91;793
1284.11;793
1286.11;793
1288.11;793
1290.11;793
1292.11;793
1294.31;793
1296.31;793
1298.51;793
1300.51;793
1302.51;793
1304.51;793
1306.51;793
1308.51;793
1310.51;793
1312.51;793
1314.51;793
1316.51;793
1318.51;793
1320.71;793
1322.91;793
1324.91;793
1326.91;793
1328.91;793
1330.91;793
1332.91;793
1334.91;793
1336.91;793
1338.91;793
1340.91;793
1342.91;793
1344.91;793
1346.91;793
1348.91;793
1350.91;793
1353.11;793
1355.11;793
1357.11;793
1359.11;793
1361.11;793
1363.11;793
1365.11;793
1367.11;793
1369.31;793
1371.31;793
1373.31;793
1375.31;793
1377.31;793
1379.31;793
1381.31;793
1383.31;793
1385.31;793
1387.51;793
1389.51;793
1391.51;793
1393.51;793
1395.71;793
1397.71;793
1399.71;793
1401.71;793
1403.71;793
1405.71;793
1407.71;793
1409.71;793
1411.71;793
1413.71;793
1415.71;793
1417.71;793
1419.71;793
1421.71;793
1423.71;793
1425.71;793
1427.71;793
1429.71;793
1431.71;793
1433.71;793
1435.71;793
1437.71;793
1439.71;793
1441.71;793
1443.91;793
1446.11;793
1448.11;793
1450.11;793
1452.11;793
1454.11;793
1456.31;793
1458.31;793
1460.31;793
1462.31;793
1464.31;793
1466.51;793
1468.51;793
1470.51;793
1472.51;793
1474.51;793
1476.51;793
1478.51;793
1480.51;793
1482.71;793
1484.71;793
1486.71;793
1488.71;793
1490.71;793
1492.71;793
1494.71;793
1496.71;793
1498.71;793
1500.71;793
1502.71;793
1504.71;793
1506.71;793
1508.71;793
1510.71;793
1512.71;793
1514.71;793
1516.71;793
1518.71;793
1520.71;793
1522.71;793
1524.71;793
1526.91;793
1528.91;793
1530.91;793
1532.91;793
1534.91;793
1537.11;793
1539.11;793
1541.11;793
1543.11;793
1545.11;793
1547.11;793
1549.11;793
1551.11;793
1553.11;793
1555.31;793
1557.51;793
1559.51;793
1561.51;793
1563.51;793
1565.51;793
1567.51;793
1569.51;793
1571.51;793
1573.51;793
1575.51;793
1577.51;793
1579.51;793
1581.71;793
1583.71;793
1585.91;793
1587.91;793
1589.91;793
1592.11;793
1594.31;793
1596.31;793
1598.51;793
1600.51;793
1602.51;793
1604.51;793
1606.71;793
1608.71;793
1610.71;793
1612.71;793
1614.71;793
1616.71;793
1618.91;793
1620.91;793
1622.91;793
1625.11;793
1627.11;793
1629.11;793
1631.11;793
1633.11;793
1635.31;793
1637.31;793
1639.31;793
1641.31;793
1643.31;793
1645.31;793
1647.31;793
1649.31;793
1651.31;793
1653.31;793
1655.31;793
1657.31;793
1659.31;793
1661.31;793
1663.31;793
1665.31;793
1667.31;793
1669.31;793
1671.31;793
1673.31;793
1675.31;793
1677.31;793
1679.31;793
1681.31;793
1683.51;793
1685.51;793
1687.51;793
1689.51;793
1691.71;793
1693.71;793
1695.71;793
1697.91;793
1699.91;793
1701.91;793
1703.91;793
1705.91;793
1707.91;793
1709.91;793
1711.91;793
1713.91;793
1715.91;793
1718.11;793
1720.11;793
1722.11;793
1724.11;793
1726.11;793
1728.11;793
1730.11;793
1732.31;793
1734.31;793
1736.31;793
1738.31;793
1740.51;793
1742.51;793
1744.71;793
1746.71;793
1748.71;793
1750.71;793
1752.71;793
1754.71;793
1756.71;793
1758.71;793
1760.71;793
1762.71;793
1764.91;793
1766.91;793
1769.11;793
1771.11;793
1773.11;793
1775.11;793
1777.31;793
1779.31;793
1781.51;793
1783.71;793
1785.71;793
1787.71;793
1789.71;793
1791.71;793
1793.71;793
1795.71;793
1797.71;793
