#	X	Y
0;2370
2;2370
4;2370
6;2370
8;2370
10;2370
12;2370
14;2370
16;2370
18;2370
20;2370
22;2370
24;2370
26;2370
28;2370
30;2370
32;2370
34;2370
36;2370
38;2370
40;2370
42;2370
44;2370
46;2370
48;2370
50;2370
52;2370
54;2370
56;2370
58;2370
60;2370
62;2370
64;2370
66;2370
68;2370
70;2370
72;2370
74;2370
76;2370
78;2370
80;2370
82;2370
84;2370
86;2370
88;2370
90;2370
92;2370
94;2370
96;2370
98;2370
100;2370
102;2370
104;2370
106;2370
108;2370
110;2370
112;2370
114;2370
116;2370
118;2370
120;2370
122;2370
124;2370
126;2370
128;2370
130;2370
132;2370
134;2370
136;2370
138;2370
140;2370
142;2370
144;2370
146;2370
148;2370
150;2370
152;2370
154;2370
156;2370
158;2370
160;2370
162;2370
164;2370
166;2370
168;2370
170;2370
172;2370
174;2370
176;2370
178;2370
180;2370
182;2370
184;2370
186;2370
188;2370
190;2370
192;2370
194;2370
196;2370
198;2370
200;2370
202;2370
204;2370
206;2370
208;2370
210;2370
212;2370
214;2370
216;2370
218;2370
220;2370
222;2370
224;2370
226;2370
228;2370
230;2370
232;2370
234;2370
236;2370
238;2370
240;2370
242;2370
244;2370
246;2370
248;2370
250;2370
252;2370
254;2370
256;2370
258;2370
260;2370
262;2370
264;2370
266;2370
268;2370
270;2370
272;2370
274;2370
276;2370
278;2370
280;2370
282;2370
284;2370
286;2370
288;2370
290;2370
292;2370
294;2370
296;2370
298;2370
300;2370
302;2370
304;2370
306;2370
308;2370
310;2370
312;2370
314;2370
316;2370
318;2370
320;2370
322;2370
324;2370
326;2370
328;2370
330;2370
332;2370
334;2370
336;2370
338;2370
340;2370
342;2370
344;2370
346;2370
348;2370
350;2370
352;2370
354;2370
356;2370
358;2370
360;2370
362;2370
364;2370
366;2370
368;2370
370;2370
372;2370
374;2370
376;2370
378;2370
380;2370
382;2370
384;2370
386;2370
388;2370
390;2370
392;2370
394;2370
396;2370
398;2370
400;2370
402;2370
404;2370
406;2370
408;2370
410;2370
412;2370
414;2370
416;2370
418;2370
420;2370
422;2370
424;2370
426;2370
428;2370
430;2370
432;2370
434;2370
436;2370
438;2370
440;2370
442;2370
444;2370
446;2370
448;2370
450;2370
452;2370
454;2370
456;2370
458;2370
460;2370
462;2370
464;2370
466;2370
468;2370
470;2370
472;2370
474;2370
476;2370
478;2370
480;2370
482;2370
484;2370
486;2370
488;2370
490;2370
492;2370
494;2370
496;2370
498;2370
500;2370
502;2370
504;2370
506;2370
508;2370
510;2370
512;2370
514;2370
516;2370
518;2370
520;2370
522;2370
524;2370
526;2370
528;2370
530;2370
532;2370
534;2370
536;2370
538;2370
540;2370
542;2370
544;2370
546;2370
548;2370
550;2370
552;2370
554;2370
556;2370
558;2370
560;2370
562;2370
564;2370
566;2370
568;2370
570;2370
572;2370
574;2370
576;2370
578;2370
580;2370
582;2370
584;2370
586;2370
588;2370
590;2370
592;2370
594;2370
596;2370
598;2370
600;2370
602;2370
604;2370
606;2370
608;2370
610;2370
612;2370
614;2370
616;2370
618;2370
620;2370
622;2370
624;2370
626;2370
628;2370
630;2370
632;2370
634;2370
636;2370
638;2370
640;2370
642;2370
644;2370
646;2370
648;2370
650;2370
652;2370
654;2370
656;2370
658;2370
660;2370
662;2370
664;2370
666;2370
668;2370
670;2370
672;2370
674;2370
676;2370
678;2370
680;2370
682;2370
684;2370
686;2370
688;2370
690;2370
692;2370
694;2370
696;2370
698;2370
700;2370
702;2370
704;2370
706;2370
708;2370
710;2370
712;2370
714;2370
716;2370
718;2370
720;2370
722;2370
724;2370
726;2370
728;2370
730;2370
732;2370
734;2370
736;2370
738;2370
740;2370
742;2370
744;2370
746;2370
748;2370
750;2370
752;2370
754;2370
756;2370
758;2370
760;2370
762;2370
764;2370
766;2370
768;2370
770;2370
772;2370
774;2370
776;2370
778;2370
780;2370
782;2370
784;2370
786;2370
788;2370
790;2370
792;2370
794;2370
796;2370
798;2370
800;2370
802;2370
804;2370
806;2370
808;2370
810;2370
812;2370
814;2370
816;2370
818;2370
820;2370
822;2370
824;2370
826;2370
828;2370
830;2370
832;2370
834;2370
836;2370
838;2370
840;2370
842;2370
844;2370
846;2370
848;2370
850;2370
852;2370
854;2370
856;2370
858;2370
860;2370
862;2370
864;2370
866;2370
868;2370
870;2370
872;2370
874;2370
876;2370
878;2370
880;2370
882;2370
884;2370
886;2370
888;2370
890;2370
892;2370
894;2370
896;2370
898;2370
900;3299
902;3299
904;3299
906;3299
908;3299
910;3299
912;3299
914;3299
916;3299
918;3299
920;3299
922;3299
924;3299
926;3299
928;3299
930;3299
932;3299
934;3299
936;3299
938;3299
940;3299
942;3299
944;3299
946;3299
948;3299
950;3299
952;3299
954;3299
956;3299
958;3299
960;3299
962;3299
964;3299
966;3299
968;3299
970;3299
972;3299
974;3299
976;3299
978;3299
980;3299
982;3299
984;3299
986;3299
988;3299
990;3299
992;3299
994;3299
996;3299
998;3299
1000;3299
1002;3299
1004;3299
1006;3299
1008;3299
1010;3299
1012;3299
1014;3299
1016;3299
1018;3299
1020;3299
1022;3299
1024;3299
1026;3299
1028;3299
1030;3299
1032;3299
1034;3299
1036;3299
1038;3299
1040;3299
1042;3299
1044;3299
1046;3299
1048;3299
1050;3299
1052;3299
1054;3299
1056;3299
1058;3299
1060;3299
1062;3299
1064;3299
1066;3299
1068;3299
1070;3299
1072;3299
1074;3299
1076;3299
1078;3299
1080;3299
1082;3299
1084;3299
1086;3299
1088;3299
1090;3299
1092;3299
1094;3299
1096;3299
1098;3299
1100;3299
1102;3299
1104;3299
1106;3299
1108;3299
1110;3299
1112;3299
1114;3299
1116;3299
1118;3299
1120;3299
1122;3299
1124;3299
1126;3299
1128;3299
1130;3299
1132;3299
1134;3299
1136;3299
1138;3299
1140;3299
1142;3299
1144;3299
1146;3299
1148;3299
1150;3299
1152;3299
1154;3299
1156;3299
1158;3299
1160;3299
1162;3299
1164;3299
1166;3299
1168;3299
1170;3299
1172;3299
1174;3299
1176;3299
1178;3299
1180;3299
1182;3299
1184;3299
1186;3299
1188;3299
1190;3299
1192;3299
1194;3299
1196;3299
1198;3299
1200;3299
1202;3299
1204;3299
1206;3299
1208;3299
1210;3299
1212;3299
1214;3299
1216;3299
1218;3299
1220;3299
1222;3299
1224;3299
1226;3299
1228;3299
1230;3299
1232;3299
1234;3299
1236;3299
1238;3299
1240;3299
1242;3299
1244;3299
1246;3299
1248;3299
1250;3299
1252;3299
1254;3299
1256;3299
1258;3299
1260;3299
1262;3299
1264;3299
1266;3299
1268;3299
1270;3299
1272;3299
1274;3299
1276;3299
1278;3299
1280;3299
1282;3299
1284;3299
1286;3299
1288;3299
1290;3299
1292;3299
1294;3299
1296;3299
1298;3299
1300;3299
1302;3299
1304;3299
1306;3299
1308;3299
1310;3299
1312;3299
1314;3299
1316;3299
1318;3299
1320;3299
1322;3299
1324;3299
1326;3299
1328;3299
1330;3299
1332;3299
1334;3299
1336;3299
1338;3299
1340;3299
1342;3299
1344;3299
1346;3299
1348;3299
1350;3299
1352;3299
1354;3299
1356;3299
1358;3299
1360;3299
1362;3299
1364;3299
1366;3299
1368;3299
1370;3299
1372;3299
1374;3299
1376;3299
1378;3299
1380;3299
1382;3299
1384;3299
1386;3299
1388;3299
1390;3299
1392;3299
1394;3299
1396;3299
1398;3299
1400;3299
1402;3299
1404;3299
1406;3299
1408;3299
1410;3299
1412;3299
1414;3299
1416;3299
1418;3299
1420;3299
1422;3299
1424;3299
1426;3299
1428;3299
1430;3299
1432;3299
1434;3299
1436;3299
1438;3299
1440;3299
1442;3299
1444;3299
1446;3299
1448;3299
1450;3299
1452;3299
1454;3299
1456;3299
1458;3299
1460;3299
1462;3299
1464;3299
1466;3299
1468;3299
1470;3299
1472;3299
1474;3299
1476;3299
1478;3299
1480;3299
1482;3299
1484;3299
1486;3299
1488;3299
1490;3299
1492;3299
1494;3299
1496;3299
1498;3299
1500;3299
1502;3299
1504;3299
1506;3299
1508;3299
1510;3299
1512;3299
1514;3299
1516;3299
1518;3299
1520;3299
1522;3299
1524;3299
1526;3299
1528;3299
1530;3299
1532;3299
1534;3299
1536;3299
1538;3299
1540;3299
1542;3299
1544;3299
1546;3299
1548;3299
1550;3299
1552;3299
1554;3299
1556;3299
1558;3299
1560;3299
1562;3299
1564;3299
1566;3299
1568;3299
1570;3299
1572;3299
1574;3299
1576;3299
1578;3299
1580;3299
1582;3299
1584;3299
1586;3299
1588;3299
1590;3299
1592;3299
1594;3299
1596;3299
1598;3299
1600;3299
1602;3299
1604;3299
1606;3299
1608;3299
1610;3299
1612;3299
1614;3299
1616;3299
1618;3299
1620;3299
1622;3299
1624;3299
1626;3299
1628;3299
1630;3299
1632;3299
1634;3299
1636;3299
1638;3299
1640;3299
1642;3299
1644;3299
1646;3299
1648;3299
1650;3299
1652;3299
1654;3299
1656;3299
1658;3299
1660;3299
1662;3299
1664;3299
1666;3299
1668;3299
1670;3299
1672;3299
1674;3299
1676;3299
1678;3299
1680;3299
1682;3299
1684;3299
1686;3299
1688;3299
1690;3299
1692;3299
1694;3299
1696;3299
1698;3299
1700;3299
1702;3299
1704;3299
1706;3299
1708;3299
1710;3299
1712;3299
1714;3299
1716;3299
1718;3299
1720;3299
1722;3299
1724;3299
1726;3299
1728;3299
1730;3299
1732;3299
1734;3299
1736;3299
1738;3299
1740;3299
1742;3299
1744;3299
1746;3299
1748;3299
1750;3299
1752;3299
1754;3299
1756;3299
1758;3299
1760;3299
1762;3299
1764;3299
1766;3299
1768;3299
1770;3299
1772;3299
1774;3299
1776;3299
1778;3299
1780;3299
1782;3299
1784;3299
1786;3299
1788;3299
1790;3299
1792;3299
1794;3299
1796;3299
1798;3299
1800;3364
1802;3364
1804;3364
1806;3364
1808;3364
1810;3364
1812;3364
1814;3364
1816;3364
1818;3364
1820;3364
1822;3364
1824;3364
1826;3364
1828;3364
1830;3364
1832;3364
1834;3364
1836;3364
1838;3364
1840;3364
1842;3364
1844;3364
1846;3364
1848;3364
1850;3364
1852;3364
1854;3364
1856;3364
1858;3364
1860;3364
1862;3364
1864;3364
1866;3364
1868;3364
1870;3364
1872;3364
1874;3364
1876;3364
1878;3364
1880;3364
1882;3364
1884;3364
1886;3364
1888;3364
1890;3364
1892;3364
1894;3364
1896;3364
1898;3364
1900;3364
1902;3364
1904;3364
1906;3364
1908;3364
1910;3364
1912;3364
1914;3364
1916;3364
1918;3364
1920;3364
1922;3364
1924;3364
1926;3364
1928;3364
1930;3364
1932;3364
1934;3364
1936;3364
1938;3364
1940;3364
1942;3364
1944;3364
1946;3364
1948;3364
1950;3364
1952;3364
1954;3364
1956;3364
1958;3364
1960;3364
1962;3364
1964;3364
1966;3364
1968;3364
1970;3364
1972;3364
1974;3364
1976;3364
1978;3364
1980;3364
1982;3364
1984;3364
1986;3364
1988;3364
1990;3364
1992;3364
1994;3364
1996;3364
1998;3364
2000;3364
2002;3364
2004;3364
2006;3364
2008;3364
2010;3364
2012;3364
2014;3364
2016;3364
2018;3364
2020;3364
2022;3364
2024;3364
2026;3364
2028;3364
2030;3364
2032;3364
2034;3364
2036;3364
2038;3364
2040;3364
2042;3364
2044;3364
2046;3364
2048;3364
2050;3364
2052;3364
2054;3364
2056;3364
2058;3364
2060;3364
2062;3364
2064;3364
2066;3364
2068;3364
2070;3364
2072;3364
2074;3364
2076;3364
2078;3364
2080;3364
2082;3364
2084;3364
2086;3364
2088;3364
2090;3364
2092;3364
2094;3364
2096;3364
2098;3364
2100;3364
2102;3364
2104;3364
2106;3364
2108;3364
2110;3364
2112;3364
2114;3364
2116;3364
2118;3364
2120;3364
2122;3364
2124;3364
2126;3364
2128;3364
2130;3364
2132;3364
2134;3364
2136;3364
2138;3364
2140;3364
2142;3364
2144;3364
2146;3364
2148;3364
2150;3364
2152;3364
2154;3364
2156;3364
2158;3364
2160;3364
2162;3364
2164;3364
2166;3364
2168;3364
2170;3364
2172;3364
2174;3364
2176;3364
2178;3364
2180;3364
2182;3364
2184;3364
2186;3364
2188;3364
2190;3364
2192;3364
2194;3364
2196;3364
2198;3364
2200;3364
2202;3364
2204;3364
2206;3364
2208;3364
2210;3364
2212;3364
2214;3364
2216;3364
2218;3364
2220;3364
2222;3364
2224;3364
2226;3364
2228;3364
2230;3364
2232;3364
2234;3364
2236;3364
2238;3364
2240;3364
2242;3364
2244;3364
2246;3364
2248;3364
2250;3364
2252;3364
2254;3364
2256;3364
2258;3364
2260;3364
2262;3364
2264;3364
2266;3364
2268;3364
2270;3364
2272;3364
2274;3364
2276;3364
2278;3364
2280;3364
2282;3364
2284;3364
2286;3364
2288;3364
2290;3364
2292;3364
2294;3364
2296;3364
2298;3364
2300;3364
2302;3364
2304;3364
2306;3364
2308;3364
2310;3364
2312;3364
2314;3364
2316;3364
2318;3364
2320;3364
2322;3364
2324;3364
2326;3364
2328;3364
2330;3364
2332;3364
2334;3364
2336;3364
2338;3364
2340;3364
2342;3364
2344;3364
2346;3364
2348;3364
2350;3364
2352;3364
2354;3364
2356;3364
2358;3364
2360;3364
2362;3364
2364;3364
2366;3364
2368;3364
2370;3364
2372;3364
2374;3364
2376;3364
2378;3364
2380;3364
2382;3364
2384;3364
2386;3364
2388;3364
2390;3364
2392;3364
2394;3364
2396;3364
2398;3364
2400;3364
2402;3364
2404;3364
2406;3364
2408;3364
2410;3364
2412;3364
2414;3364
2416;3364
2418;3364
2420;3364
2422;3364
2424;3364
2426;3364
2428;3364
2430;3364
2432;3364
2434;3364
2436;3364
2438;3364
2440;3364
2442;3364
2444;3364
2446;3364
2448;3364
2450;3364
2452;3364
2454;3364
2456;3364
2458;3364
2460;3364
2462;3364
2464;3364
2466;3364
2468;3364
2470;3364
2472;3364
2474;3364
2476;3364
2478;3364
2480;3364
2482;3364
2484;3364
2486;3364
2488;3364
2490;3364
2492;3364
2494;3364
2496;3364
2498;3364
2500;3364
2502;3364
2504;3364
2506;3364
2508;3364
2510;3364
2512;3364
2514;3364
2516;3364
2518;3364
2520;3364
2522;3364
2524;3364
2526;3364
2528;3364
2530;3364
2532;3364
2534;3364
2536;3364
2538;3364
2540;3364
2542;3364
2544;3364
2546;3364
2548;3364
2550;3364
2552;3364
2554;3364
2556;3364
2558;3364
2560;3364
2562;3364
2564;3364
2566;3364
2568;3364
2570;3364
2572;3364
2574;3364
2576;3364
2578;3364
2580;3364
2582;3364
2584;3364
2586;3364
2588;3364
2590;3364
2592;3364
2594;3364
2596;3364
2598;3364
2600;3364
2602;3364
2604;3364
2606;3364
2608;3364
2610;3364
2612;3364
2614;3364
2616;3364
2618;3364
2620;3364
2622;3364
2624;3364
2626;3364
2628;3364
2630;3364
2632;3364
2634;3364
2636;3364
2638;3364
2640;3364
2642;3364
2644;3364
2646;3364
2648;3364
2650;3364
2652;3364
2654;3364
2656;3364
2658;3364
2660;3364
2662;3364
2664;3364
2666;3364
2668;3364
2670;3364
2672;3364
2674;3364
2676;3364
2678;3364
2680;3364
2682;3364
2684;3364
2686;3364
2688;3364
2690;3364
2692;3364
2694;3364
2696;3364
2698;3364
2700;3451
2702;3451
2704;3451
2706;3451
2708;3451
2710;3451
2712;3451
2714;3451
2716;3451
2718;3451
2720;3451
2722;3451
2724;3451
2726;3451
2728;3451
2730;3451
2732;3451
2734;3451
2736;3451
2738;3451
2740;3451
2742;3451
2744;3451
2746;3451
2748;3451
2750;3451
2752;3451
2754;3451
2756;3451
2758;3451
2760;3451
2762;3451
2764;3451
2766;3451
2768;3451
2770;3451
2772;3451
2774;3451
2776;3451
2778;3451
2780;3451
2782;3451
2784;3451
2786;3451
2788;3451
2790;3451
2792;3451
2794;3451
2796;3451
2798;3451
2800;3451
2802;3451
2804;3451
2806;3451
2808;3451
2810;3451
2812;3451
2814;3451
2816;3451
2818;3451
2820;3451
2822;3451
2824;3451
2826;3451
2828;3451
2830;3451
2832;3451
2834;3451
2836;3451
2838;3451
2840;3451
2842;3451
2844;3451
2846;3451
2848;3451
2850;3451
2852;3451
2854;3451
2856;3451
2858;3451
2860;3451
2862;3451
2864;3451
2866;3451
2868;3451
2870;3451
2872;3451
2874;3451
2876;3451
2878;3451
2880;3451
2882;3451
2884;3451
2886;3451
2888;3451
2890;3451
2892;3451
2894;3451
2896;3451
2898;3451
2900;3451
2902;3451
2904;3451
2906;3451
2908;3451
2910;3451
2912;3451
2914;3451
2916;3451
2918;3451
2920;3451
2922;3451
2924;3451
2926;3451
2928;3451
2930;3451
2932;3451
2934;3451
2936;3451
2938;3451
2940;3451
2942;3451
2944;3451
2946;3451
2948;3451
2950;3451
2952;3451
2954;3451
2956;3451
2958;3451
2960;3451
2962;3451
2964;3451
2966;3451
2968;3451
2970;3451
2972;3451
2974;3451
2976;3451
2978;3451
2980;3451
2982;3451
2984;3451
2986;3451
2988;3451
2990;3451
2992;3451
2994;3451
2996;3451
2998;3451
3000;3451
3002;3451
3004;3451
3006;3451
3008;3451
3010;3451
3012;3451
3014;3451
3016;3451
3018;3451
3020;3451
3022;3451
3024;3451
3026;3451
3028;3451
3030;3451
3032;3451
3034;3451
3036;3451
3038;3451
3040;3451
3042;3451
3044;3451
3046;3451
3048;3451
3050;3451
3052;3451
3054;3451
3056;3451
3058;3451
3060;3451
3062;3451
3064;3451
3066;3451
3068;3451
3070;3451
3072;3451
3074;3451
3076;3451
3078;3451
3080;3451
3082;3451
3084;3451
3086;3451
3088;3451
3090;3451
3092;3451
3094;3451
3096;3451
3098;3451
3100;3451
3102;3451
3104;3451
3106;3451
3108;3451
3110;3451
3112;3451
3114;3451
3116;3451
3118;3451
3120;3451
3122;3451
3124;3451
3126;3451
3128;3451
3130;3451
3132;3451
3134;3451
3136;3451
3138;3451
3140;3451
3142;3451
3144;3451
3146;3451
3148;3451
3150;3451
3152;3451
3154;3451
3156;3451
3158;3451
3160;3451
3162;3451
3164;3451
3166;3451
3168;3451
3170;3451
3172;3451
3174;3451
3176;3451
3178;3451
3180;3451
3182;3451
3184;3451
3186;3451
3188;3451
3190;3451
3192;3451
3194;3451
3196;3451
3198;3451
3200;3451
3202;3451
3204;3451
3206;3451
3208;3451
3210;3451
3212;3451
3214;3451
3216;3451
3218;3451
3220;3451
3222;3451
3224;3451
3226;3451
3228;3451
3230;3451
3232;3451
3234;3451
3236;3451
3238;3451
3240;3451
3242;3451
3244;3451
3246;3451
3248;3451
3250;3451
3252;3451
3254;3451
3256;3451
3258;3451
3260;3451
3262;3451
3264;3451
3266;3451
3268;3451
3270;3451
3272;3451
3274;3451
3276;3451
3278;3451
3280;3451
3282;3451
3284;3451
3286;3451
3288;3451
3290;3451
3292;3451
3294;3451
3296;3451
3298;3451
3300;3451
3302;3451
3304;3451
3306;3451
3308;3451
3310;3451
3312;3451
3314;3451
3316;3451
3318;3451
3320;3451
3322;3451
3324;3451
3326;3451
3328;3451
3330;3451
3332;3451
3334;3451
3336;3451
3338;3451
3340;3451
3342;3451
3344;3451
3346;3451
3348;3451
3350;3451
3352;3451
3354;3451
3356;3451
3358;3451
3360;3451
3362;3451
3364;3451
3366;3451
3368;3451
3370;3451
3372;3451
3374;3451
3376;3451
3378;3451
3380;3451
3382;3451
3384;3451
3386;3451
3388;3451
3390;3451
3392;3451
3394;3451
3396;3451
3398;3451
3400;3451
3402;3451
3404;3451
3406;3451
3408;3451
3410;3451
3412;3451
3414;3451
3416;3451
3418;3451
3420;3451
3422;3451
3424;3451
3426;3451
3428;3451
3430;3451
3432;3451
3434;3451
3436;3451
3438;3451
3440;3451
3442;3451
3444;3451
3446;3451
3448;3451
3450;3451
3452;3451
3454;3451
3456;3451
3458;3451
3460;3451
3462;3451
3464;3451
3466;3451
3468;3451
3470;3451
3472;3451
3474;3451
3476;3451
3478;3451
3480;3451
3482;3451
3484;3451
3486;3451
3488;3451
3490;3451
3492;3451
3494;3451
3496;3451
3498;3451
3500;3451
3502;3451
3504;3451
3506;3451
3508;3451
3510;3451
3512;3451
3514;3451
3516;3451
3518;3451
3520;3451
3522;3451
3524;3451
3526;3451
3528;3451
3530;3451
3532;3451
3534;3451
3536;3451
3538;3451
3540;3451
3542;3451
3544;3451
3546;3451
3548;3451
3550;3451
3552;3451
3554;3451
3556;3451
3558;3451
3560;3451
3562;3451
3564;3451
3566;3451
3568;3451
3570;3451
3572;3451
3574;3451
3576;3451
3578;3451
3580;3451
3582;3451
3584;3451
3586;3451
3588;3451
3590;3451
3592;3451
3594;3451
3596;3451
3598;3451
3600;3819
3602;3819
3604;3819
3606;3819
3608;3819
3610;3819
3612;3819
3614;3819
3616;3819
3618;3819
3620;3819
3622;3819
3624;3819
3626;3819
3628;3819
3630;3819
3632;3819
3634;3819
3636;3819
3638;3819
3640;3819
3642;3819
3644;3819
3646;3819
3648;3819
3650;3819
3652;3819
3654;3819
3656;3819
3658;3819
3660;3819
3662;3819
3664;3819
3666;3819
3668;3819
3670;3819
3672;3819
3674;3819
3676;3819
3678;3819
3680;3819
3682;3819
3684;3819
3686;3819
3688;3819
3690;3819
3692;3819
3694;3819
3696;3819
3698;3819
3700;3819
3702;3819
3704;3819
3706;3819
3708;3819
3710;3819
3712;3819
3714;3819
3716;3819
3718;3819
3720;3819
3722;3819
3724;3819
3726;3819
3728;3819
3730;3819
3732;3819
3734;3819
3736;3819
3738;3819
3740;3819
3742;3819
3744;3819
3746;3819
3748;3819
3750;3819
3752;3819
3754;3819
3756;3819
3758;3819
3760;3819
3762;3819
3764;3819
3766;3819
3768;3819
3770;3819
3772;3819
3774;3819
3776;3819
3778;3819
3780;3819
3782;3819
3784;3819
3786;3819
3788;3819
3790;3819
3792;3819
3794;3819
3796;3819
3798;3819
3800;3819
3802;3819
3804;3819
3806;3819
3808;3819
3810;3819
3812;3819
3814;3819
3816;3819
3818;3819
3820;3819
3822;3819
3824;3819
3826;3819
3828;3819
3830;3819
3832;3819
3834;3819
3836;3819
3838;3819
3840;3819
3842;3819
3844;3819
3846;3819
3848;3819
3850;3819
3852;3819
3854;3819
3856;3819
3858;3819
3860;3819
3862;3819
3864;3819
3866;3819
3868;3819
3870;3819
3872;3819
3874;3819
3876;3819
3878;3819
3880;3819
3882;3819
3884;3819
3886;3819
3888;3819
3890;3819
3892;3819
3894;3819
3896;3819
3898;3819
3900;3819
3902;3819
3904;3819
3906;3819
3908;3819
3910;3819
3912;3819
3914;3819
3916;3819
3918;3819
3920;3819
3922;3819
3924;3819
3926;3819
3928;3819
3930;3819
3932;3819
3934;3819
3936;3819
3938;3819
3940;3819
3942;3819
3944;3819
3946;3819
3948;3819
3950;3819
3952;3819
3954;3819
3956;3819
3958;3819
3960;3819
3962;3819
3964;3819
3966;3819
3968;3819
3970;3819
3972;3819
3974;3819
3976;3819
3978;3819
3980;3819
3982;3819
3984;3819
3986;3819
3988;3819
3990;3819
3992;3819
3994;3819
3996;3819
3998;3819
4000;3819
4002;3819
4004;3819
4006;3819
4008;3819
4010;3819
4012;3819
4014;3819
4016;3819
4018;3819
4020;3819
4022;3819
4024;3819
4026;3819
4028;3819
4030;3819
4032;3819
4034;3819
4036;3819
4038;3819
4040;3819
4042;3819
4044;3819
4046;3819
4048;3819
4050;3819
4052;3819
4054;3819
4056;3819
4058;3819
4060;3819
4062;3819
4064;3819
4066;3819
4068;3819
4070;3819
4072;3819
4074;3819
4076;3819
4078;3819
4080;3819
4082;3819
4084;3819
4086;3819
4088;3819
4090;3819
4092;3819
4094;3819
4096;3819
4098;3819
4100;3819
4102;3819
4104;3819
4106;3819
4108;3819
4110;3819
4112;3819
4114;3819
4116;3819
4118;3819
4120;3819
4122;3819
4124;3819
4126;3819
4128;3819
4130;3819
4132;3819
4134;3819
4136;3819
4138;3819
4140;3819
4142;3819
4144;3819
4146;3819
4148;3819
4150;3819
4152;3819
4154;3819
4156;3819
4158;3819
4160;3819
4162;3819
4164;3819
4166;3819
4168;3819
4170;3819
4172;3819
4174;3819
4176;3819
4178;3819
4180;3819
4182;3819
4184;3819
4186;3819
4188;3819
4190;3819
4192;3819
4194;3819
4196;3819
4198;3819
4200;3819
4202;3819
4204;3819
4206;3819
4208;3819
4210;3819
4212;3819
4214;3819
4216;3819
4218;3819
4220;3819
4222;3819
4224;3819
4226;3819
4228;3819
4230;3819
4232;3819
4234;3819
4236;3819
4238;3819
4240;3819
4242;3819
4244;3819
4246;3819
4248;3819
4250;3819
4252;3819
4254;3819
4256;3819
4258;3819
4260;3819
4262;3819
4264;3819
4266;3819
4268;3819
4270;3819
4272;3819
4274;3819
4276;3819
4278;3819
4280;3819
4282;3819
4284;3819
4286;3819
4288;3819
4290;3819
4292;3819
4294;3819
4296;3819
4298;3819
4300;3819
4302;3819
4304;3819
4306;3819
4308;3819
4310;3819
4312;3819
4314;3819
4316;3819
4318;3819
4320;3819
4322;3819
4324;3819
4326;3819
4328;3819
4330;3819
4332;3819
4334;3819
4336;3819
4338;3819
4340;3819
4342;3819
4344;3819
4346;3819
4348;3819
4350;3819
4352;3819
4354;3819
4356;3819
4358;3819
4360;3819
4362;3819
4364;3819
4366;3819
4368;3819
4370;3819
4372;3819
4374;3819
4376;3819
4378;3819
4380;3819
4382;3819
4384;3819
4386;3819
4388;3819
4390;3819
4392;3819
4394;3819
4396;3819
4398;3819
4400;3819
4402;3819
4404;3819
4406;3819
4408;3819
4410;3819
4412;3819
4414;3819
4416;3819
4418;3819
4420;3819
4422;3819
4424;3819
4426;3819
4428;3819
4430;3819
4432;3819
4434;3819
4436;3819
4438;3819
4440;3819
4442;3819
4444;3819
4446;3819
4448;3819
4450;3819
4452;3819
4454;3819
4456;3819
4458;3819
4460;3819
4462;3819
4464;3819
4466;3819
4468;3819
4470;3819
4472;3819
4474;3819
4476;3819
4478;3819
4480;3819
4482;3819
4484;3819
4486;3819
4488;3819
4490;3819
4492;3819
4494;3819
4496;3819
4498;3819
4500;3802
4502;3802
4504;3802
4506;3802
4508;3802
4510;3802
4512;3802
4514;3802
4516;3802
4518;3802
4520;3802
4522;3802
4524;3802
4526;3802
4528;3802
4530;3802
4532;3802
4534;3802
4536;3802
4538;3802
4540;3802
4542;3802
4544;3802
4546;3802
4548;3802
4550;3802
4552;3802
4554;3802
4556;3802
4558;3802
4560;3802
4562;3802
4564;3802
4566;3802
4568;3802
4570;3802
4572;3802
4574;3802
4576;3802
4578;3802
4580;3802
4582;3802
4584;3802
4586;3802
4588;3802
4590;3802
4592;3802
4594;3802
4596;3802
4598;3802
4600;3802
4602;3802
4604;3802
4606;3802
4608;3802
4610;3802
4612;3802
4614;3802
4616;3802
4618;3802
4620;3802
4622;3802
4624;3802
4626;3802
4628;3802
4630;3802
4632;3802
4634;3802
4636;3802
4638;3802
4640;3802
4642;3802
4644;3802
4646;3802
4648;3802
4650;3802
4652;3802
4654;3802
4656;3802
4658;3802
4660;3802
4662;3802
4664;3802
4666;3802
4668;3802
4670;3802
4672;3802
4674;3802
4676;3802
4678;3802
4680;3802
4682;3802
4684;3802
4686;3802
4688;3802
4690;3802
4692;3802
4694;3802
4696;3802
4698;3802
4700;3802
4702;3802
4704;3802
4706;3802
4708;3802
4710;3802
4712;3802
4714;3802
4716;3802
4718;3802
4720;3802
4722;3802
4724;3802
4726;3802
4728;3802
4730;3802
4732;3802
4734;3802
4736;3802
4738;3802
4740;3802
4742;3802
4744;3802
4746;3802
4748;3802
4750;3802
4752;3802
4754;3802
4756;3802
4758;3802
4760;3802
4762;3802
4764;3802
4766;3802
4768;3802
4770;3802
4772;3802
4774;3802
4776;3802
4778;3802
4780;3802
4782;3802
4784;3802
4786;3802
4788;3802
4790;3802
4792;3802
4794;3802
4796;3802
4798;3802
4800;3802
4802;3802
4804;3802
4806;3802
4808;3802
4810;3802
4812;3802
4814;3802
4816;3802
4818;3802
4820;3802
4822;3802
4824;3802
4826;3802
4828;3802
4830;3802
4832;3802
4834;3802
4836;3802
4838;3802
4840;3802
4842;3802
4844;3802
4846;3802
4848;3802
4850;3802
4852;3802
4854;3802
4856;3802
4858;3802
4860;3802
4862;3802
4864;3802
4866;3802
4868;3802
4870;3802
4872;3802
4874;3802
4876;3802
4878;3802
4880;3802
4882;3802
4884;3802
4886;3802
4888;3802
4890;3802
4892;3802
4894;3802
4896;3802
4898;3802
4900;3802
4902;3802
4904;3802
4906;3802
4908;3802
4910;3802
4912;3802
4914;3802
4916;3802
4918;3802
4920;3802
4922;3802
4924;3802
4926;3802
4928;3802
4930;3802
4932;3802
4934;3802
4936;3802
4938;3802
4940;3802
4942;3802
4944;3802
4946;3802
4948;3802
4950;3802
4952;3802
4954;3802
4956;3802
4958;3802
4960;3802
4962;3802
4964;3802
4966;3802
4968;3802
4970;3802
4972;3802
4974;3802
4976;3802
4978;3802
4980;3802
4982;3802
4984;3802
4986;3802
4988;3802
4990;3802
4992;3802
4994;3802
4996;3802
4998;3802
5000;3802
5002;3802
5004;3802
5006;3802
5008;3802
5010;3802
5012;3802
5014;3802
5016;3802
5018;3802
5020;3802
5022;3802
5024;3802
5026;3802
5028;3802
5030;3802
5032;3802
5034;3802
5036;3802
5038;3802
5040;3802
5042;3802
5044;3802
5046;3802
5048;3802
5050;3802
5052;3802
5054;3802
5056;3802
5058;3802
5060;3802
5062;3802
5064;3802
5066;3802
5068;3802
5070;3802
5072;3802
5074;3802
5076;3802
5078;3802
5080;3802
5082;3802
5084;3802
5086;3802
5088;3802
5090;3802
5092;3802
5094;3802
5096;3802
5098;3802
5100;3802
5102;3802
5104;3802
5106;3802
5108;3802
5110;3802
5112;3802
5114;3802
5116;3802
5118;3802
5120;3802
5122;3802
5124;3802
5126;3802
5128;3802
5130;3802
5132;3802
5134;3802
5136;3802
5138;3802
5140;3802
5142;3802
5144;3802
5146;3802
5148;3802
5150;3802
5152;3802
5154;3802
5156;3802
5158;3802
5160;3802
5162;3802
5164;3802
5166;3802
5168;3802
5170;3802
5172;3802
5174;3802
5176;3802
5178;3802
5180;3802
5182;3802
5184;3802
5186;3802
5188;3802
5190;3802
5192;3802
5194;3802
5196;3802
5198;3802
5200;3802
5202;3802
5204;3802
5206;3802
5208;3802
5210;3802
5212;3802
5214;3802
5216;3802
5218;3802
5220;3802
5222;3802
5224;3802
5226;3802
5228;3802
5230;3802
5232;3802
5234;3802
5236;3802
5238;3802
5240;3802
5242;3802
5244;3802
5246;3802
5248;3802
5250;3802
5252;3802
5254;3802
5256;3802
5258;3802
5260;3802
5262;3802
5264;3802
5266;3802
5268;3802
5270;3802
5272;3802
5274;3802
5276;3802
5278;3802
5280;3802
5282;3802
5284;3802
5286;3802
5288;3802
5290;3802
5292;3802
5294;3802
5296;3802
5298;3802
5300;3802
5302;3802
5304;3802
5306;3802
5308;3802
5310;3802
5312;3802
5314;3802
5316;3802
5318;3802
5320;3802
5322;3802
5324;3802
5326;3802
5328;3802
5330;3802
5332;3802
5334;3802
5336;3802
5338;3802
5340;3802
5342;3802
5344;3802
5346;3802
5348;3802
5350;3802
5352;3802
5354;3802
5356;3802
5358;3802
5360;3802
5362;3802
5364;3802
5366;3802
5368;3802
5370;3802
5372;3802
5374;3802
5376;3802
5378;3802
5380;3802
5382;3802
5384;3802
5386;3802
5388;3802
5390;3802
5392;3802
5394;3802
5396;3802
5398;3802
5400;3399
5402;3399
5404;3399
5406;3399
5408;3399
5410;3399
5412;3399
5414;3399
5416;3399
5418;3399
5420;3399
5422;3399
5424;3399
5426;3399
5428;3399
5430;3399
5432;3399
5434;3399
5436;3399
5438;3399
5440;3399
5442;3399
5444;3399
5446;3399
5448;3399
5450;3399
5452;3399
5454;3399
5456;3399
5458;3399
5460;3399
5462;3399
5464;3399
5466;3399
5468;3399
5470;3399
5472;3399
5474;3399
5476;3399
5478;3399
5480;3399
5482;3399
5484;3399
5486;3399
5488;3399
5490;3399
5492;3399
5494;3399
5496;3399
5498;3399
5500;3399
5502;3399
5504;3399
5506;3399
5508;3399
5510;3399
5512;3399
5514;3399
5516;3399
5518;3399
5520;3399
5522;3399
5524;3399
5526;3399
5528;3399
5530;3399
5532;3399
5534;3399
5536;3399
5538;3399
5540;3399
5542;3399
5544;3399
5546;3399
5548;3399
5550;3399
5552;3399
5554;3399
5556;3399
5558;3399
5560;3399
5562;3399
5564;3399
5566;3399
5568;3399
5570;3399
5572;3399
5574;3399
5576;3399
5578;3399
5580;3399
5582;3399
5584;3399
5586;3399
5588;3399
5590;3399
5592;3399
5594;3399
5596;3399
5598;3399
5600;3399
5602;3399
5604;3399
5606;3399
5608;3399
5610;3399
5612;3399
5614;3399
5616;3399
5618;3399
5620;3399
5622;3399
5624;3399
5626;3399
5628;3399
5630;3399
5632;3399
5634;3399
5636;3399
5638;3399
5640;3399
5642;3399
5644;3399
5646;3399
5648;3399
5650;3399
5652;3399
5654;3399
5656;3399
5658;3399
5660;3399
5662;3399
5664;3399
5666;3399
5668;3399
5670;3399
5672;3399
5674;3399
5676;3399
5678;3399
5680;3399
5682;3399
5684;3399
5686;3399
5688;3399
5690;3399
5692;3399
5694;3399
5696;3399
5698;3399
5700;3399
5702;3399
5704;3399
5706;3399
5708;3399
5710;3399
5712;3399
5714;3399
5716;3399
5718;3399
5720;3399
5722;3399
5724;3399
5726;3399
5728;3399
5730;3399
5732;3399
5734;3399
5736;3399
5738;3399
5740;3399
5742;3399
5744;3399
5746;3399
5748;3399
5750;3399
5752;3399
5754;3399
5756;3399
5758;3399
5760;3399
5762;3399
5764;3399
5766;3399
5768;3399
5770;3399
5772;3399
5774;3399
5776;3399
5778;3399
5780;3399
5782;3399
5784;3399
5786;3399
5788;3399
5790;3399
5792;3399
5794;3399
5796;3399
5798;3399
5800;3399
5802;3399
5804;3399
5806;3399
5808;3399
5810;3399
5812;3399
5814;3399
5816;3399
5818;3399
5820;3399
5822;3399
5824;3399
5826;3399
5828;3399
5830;3399
5832;3399
5834;3399
5836;3399
5838;3399
5840;3399
5842;3399
5844;3399
5846;3399
5848;3399
5850;3399
5852;3399
5854;3399
5856;3399
5858;3399
5860;3399
5862;3399
5864;3399
5866;3399
5868;3399
5870;3399
5872;3399
5874;3399
5876;3399
5878;3399
5880;3399
5882;3399
5884;3399
5886;3399
5888;3399
5890;3399
5892;3399
5894;3399
5896;3399
5898;3399
5900;3399
5902;3399
5904;3399
5906;3399
5908;3399
5910;3399
5912;3399
5914;3399
5916;3399
5918;3399
5920;3399
5922;3399
5924;3399
5926;3399
5928;3399
5930;3399
5932;3399
5934;3399
5936;3399
5938;3399
5940;3399
5942;3399
5944;3399
5946;3399
5948;3399
5950;3399
5952;3399
5954;3399
5956;3399
5958;3399
5960;3399
5962;3399
5964;3399
5966;3399
5968;3399
5970;3399
5972;3399
5974;3399
5976;3399
5978;3399
5980;3399
5982;3399
5984;3399
5986;3399
5988;3399
5990;3399
5992;3399
5994;3399
5996;3399
5998;3399
6000;3399
6002;3399
6004;3399
6006;3399
6008;3399
6010;3399
6012;3399
6014;3399
6016;3399
6018;3399
6020;3399
6022;3399
6024;3399
6026;3399
6028;3399
6030;3399
6032;3399
6034;3399
6036;3399
6038;3399
6040;3399
6042;3399
6044;3399
6046;3399
6048;3399
6050;3399
6052;3399
6054;3399
6056;3399
6058;3399
6060;3399
6062;3399
6064;3399
6066;3399
6068;3399
6070;3399
6072;3399
6074;3399
6076;3399
6078;3399
6080;3399
6082;3399
6084;3399
6086;3399
6088;3399
6090;3399
6092;3399
6094;3399
6096;3399
6098;3399
6100;3399
6102;3399
6104;3399
6106;3399
6108;3399
6110;3399
6112;3399
6114;3399
6116;3399
6118;3399
6120;3399
6122;3399
6124;3399
6126;3399
6128;3399
6130;3399
6132;3399
6134;3399
6136;3399
6138;3399
6140;3399
6142;3399
6144;3399
6146;3399
6148;3399
6150;3399
6152;3399
6154;3399
6156;3399
6158;3399
6160;3399
6162;3399
6164;3399
6166;3399
6168;3399
6170;3399
6172;3399
6174;3399
6176;3399
6178;3399
6180;3399
6182;3399
6184;3399
6186;3399
6188;3399
6190;3399
6192;3399
6194;3399
6196;3399
6198;3399
6200;3399
6202;3399
6204;3399
6206;3399
6208;3399
6210;3399
6212;3399
6214;3399
6216;3399
6218;3399
6220;3399
6222;3399
6224;3399
6226;3399
6228;3399
6230;3399
6232;3399
6234;3399
6236;3399
6238;3399
6240;3399
6242;3399
6244;3399
6246;3399
6248;3399
6250;3399
6252;3399
6254;3399
6256;3399
6258;3399
6260;3399
6262;3399
6264;3399
6266;3399
6268;3399
6270;3399
6272;3399
6274;3399
6276;3399
6278;3399
6280;3399
6282;3399
6284;3399
6286;3399
6288;3399
6290;3399
6292;3399
6294;3399
6296;3399
6298;3399
6300;2987
6302;2987
6304;2987
6306;2987
6308;2987
6310;2987
6312;2987
6314;2987
6316;2987
6318;2987
6320;2987
6322;2987
6324;2987
6326;2987
6328;2987
6330;2987
6332;2987
6334;2987
6336;2987
6338;2987
6340;2987
6342;2987
6344;2987
6346;2987
6348;2987
6350;2987
6352;2987
6354;2987
6356;2987
6358;2987
6360;2987
6362;2987
6364;2987
6366;2987
6368;2987
6370;2987
6372;2987
6374;2987
6376;2987
6378;2987
6380;2987
6382;2987
6384;2987
6386;2987
6388;2987
6390;2987
6392;2987
6394;2987
6396;2987
6398;2987
6400;2987
6402;2987
6404;2987
6406;2987
6408;2987
6410;2987
6412;2987
6414;2987
6416;2987
6418;2987
6420;2987
6422;2987
6424;2987
6426;2987
6428;2987
6430;2987
6432;2987
6434;2987
6436;2987
6438;2987
6440;2987
6442;2987
6444;2987
6446;2987
6448;2987
6450;2987
6452;2987
6454;2987
6456;2987
6458;2987
6460;2987
6462;2987
6464;2987
6466;2987
6468;2987
6470;2987
6472;2987
6474;2987
6476;2987
6478;2987
6480;2987
6482;2987
6484;2987
6486;2987
6488;2987
6490;2987
6492;2987
6494;2987
6496;2987
6498;2987
6500;2987
6502;2987
6504;2987
6506;2987
6508;2987
6510;2987
6512;2987
6514;2987
6516;2987
6518;2987
6520;2987
6522;2987
6524;2987
6526;2987
6528;2987
6530;2987
6532;2987
6534;2987
6536;2987
6538;2987
6540;2987
6542;2987
6544;2987
6546;2987
6548;2987
6550;2987
6552;2987
6554;2987
6556;2987
6558;2987
6560;2987
6562;2987
6564;2987
6566;2987
6568;2987
6570;2987
6572;2987
6574;2987
6576;2987
6578;2987
6580;2987
6582;2987
6584;2987
6586;2987
6588;2987
6590;2987
6592;2987
6594;2987
6596;2987
6598;2987
6600;2987
6602;2987
6604;2987
6606;2987
6608;2987
6610;2987
6612;2987
6614;2987
6616;2987
6618;2987
6620;2987
6622;2987
6624;2987
6626;2987
6628;2987
6630;2987
6632;2987
6634;2987
6636;2987
6638;2987
6640;2987
6642;2987
6644;2987
6646;2987
6648;2987
6650;2987
6652;2987
6654;2987
6656;2987
6658;2987
6660;2987
6662;2987
6664;2987
6666;2987
6668;2987
6670;2987
6672;2987
6674;2987
6676;2987
6678;2987
6680;2987
6682;2987
6684;2987
6686;2987
6688;2987
6690;2987
6692;2987
6694;2987
6696;2987
6698;2987
6700;2987
6702;2987
6704;2987
6706;2987
6708;2987
6710;2987
6712;2987
6714;2987
6716;2987
6718;2987
6720;2987
6722;2987
6724;2987
6726;2987
6728;2987
6730;2987
6732;2987
6734;2987
6736;2987
6738;2987
6740;2987
6742;2987
6744;2987
6746;2987
6748;2987
6750;2987
6752;2987
6754;2987
6756;2987
6758;2987
6760;2987
6762;2987
6764;2987
6766;2987
6768;2987
6770;2987
6772;2987
6774;2987
6776;2987
6778;2987
6780;2987
6782;2987
6784;2987
6786;2987
6788;2987
6790;2987
6792;2987
6794;2987
6796;2987
6798;2987
6800;2987
6802;2987
6804;2987
6806;2987
6808;2987
6810;2987
6812;2987
6814;2987
6816;2987
6818;2987
6820;2987
6822;2987
6824;2987
6826;2987
6828;2987
6830;2987
6832;2987
6834;2987
6836;2987
6838;2987
6840;2987
6842;2987
6844;2987
6846;2987
6848;2987
6850;2987
6852;2987
6854;2987
6856;2987
6858;2987
6860;2987
6862;2987
6864;2987
6866;2987
6868;2987
6870;2987
6872;2987
6874;2987
6876;2987
6878;2987
6880;2987
6882;2987
6884;2987
6886;2987
6888;2987
6890;2987
6892;2987
6894;2987
6896;2987
6898;2987
6900;2987
6902;2987
6904;2987
6906;2987
6908;2987
6910;2987
6912;2987
6914;2987
6916;2987
6918;2987
6920;2987
6922;2987
6924;2987
6926;2987
6928;2987
6930;2987
6932;2987
6934;2987
6936;2987
6938;2987
6940;2987
6942;2987
6944;2987
6946;2987
6948;2987
6950;2987
6952;2987
6954;2987
6956;2987
6958;2987
6960;2987
6962;2987
6964;2987
6966;2987
6968;2987
6970;2987
6972;2987
6974;2987
6976;2987
6978;2987
6980;2987
6982;2987
6984;2987
6986;2987
6988;2987
6990;2987
6992;2987
6994;2987
6996;2987
6998;2987
7000;2987
7002;2987
7004;2987
7006;2987
7008;2987
7010;2987
7012;2987
7014;2987
7016;2987
7018;2987
7020;2987
7022;2987
7024;2987
7026;2987
7028;2987
7030;2987
7032;2987
7034;2987
7036;2987
7038;2987
7040;2987
7042;2987
7044;2987
7046;2987
7048;2987
7050;2987
7052;2987
7054;2987
7056;2987
7058;2987
7060;2987
7062;2987
7064;2987
7066;2987
7068;2987
7070;2987
7072;2987
7074;2987
7076;2987
7078;2987
7080;2987
7082;2987
7084;2987
7086;2987
7088;2987
7090;2987
7092;2987
7094;2987
7096;2987
7098;2987
7100;2987
7102;2987
7104;2987
7106;2987
7108;2987
7110;2987
7112;2987
7114;2987
7116;2987
7118;2987
7120;2987
7122;2987
7124;2987
7126;2987
7128;2987
7130;2987
7132;2987
7134;2987
7136;2987
7138;2987
7140;2987
7142;2987
7144;2987
7146;2987
7148;2987
7150;2987
7152;2987
7154;2987
7156;2987
7158;2987
7160;2987
7162;2987
7164;2987
7166;2987
7168;2987
7170;2987
7172;2987
7174;2987
7176;2987
7178;2987
7180;2987
7182;2987
7184;2987
7186;2987
7188;2987
7190;2987
7192;2987
7194;2987
7196;2987
7198;2987
7200;2431
7202;2431
7204;2431
7206;2431
7208;2431
7210;2431
7212;2431
7214;2431
7216;2431
7218;2431
7220;2431
7222;2431
7224;2431
7226;2431
7228;2431
7230;2431
7232;2431
7234;2431
7236;2431
7238;2431
7240;2431
7242;2431
7244;2431
7246;2431
7248;2431
7250;2431
7252;2431
7254;2431
7256;2431
7258;2431
7260;2431
7262;2431
7264;2431
7266;2431
7268;2431
7270;2431
7272;2431
7274;2431
7276;2431
7278;2431
7280;2431
7282;2431
7284;2431
7286;2431
7288;2431
7290;2431
7292;2431
7294;2431
7296;2431
7298;2431
7300;2431
7302;2431
7304;2431
7306;2431
7308;2431
7310;2431
7312;2431
7314;2431
7316;2431
7318;2431
7320;2431
7322;2431
7324;2431
7326;2431
7328;2431
7330;2431
7332;2431
7334;2431
7336;2431
7338;2431
7340;2431
7342;2431
7344;2431
7346;2431
7348;2431
7350;2431
7352;2431
7354;2431
7356;2431
7358;2431
7360;2431
7362;2431
7364;2431
7366;2431
7368;2431
7370;2431
7372;2431
7374;2431
7376;2431
7378;2431
7380;2431
7382;2431
7384;2431
7386;2431
7388;2431
7390;2431
7392;2431
7394;2431
7396;2431
7398;2431
7400;2431
7402;2431
7404;2431
7406;2431
7408;2431
7410;2431
7412;2431
7414;2431
7416;2431
7418;2431
7420;2431
7422;2431
7424;2431
7426;2431
7428;2431
7430;2431
7432;2431
7434;2431
7436;2431
7438;2431
7440;2431
7442;2431
7444;2431
7446;2431
7448;2431
7450;2431
7452;2431
7454;2431
7456;2431
7458;2431
7460;2431
7462;2431
7464;2431
7466;2431
7468;2431
7470;2431
7472;2431
7474;2431
7476;2431
7478;2431
7480;2431
7482;2431
7484;2431
7486;2431
7488;2431
7490;2431
7492;2431
7494;2431
7496;2431
7498;2431
7500;2431
7502;2431
7504;2431
7506;2431
7508;2431
7510;2431
7512;2431
7514;2431
7516;2431
7518;2431
7520;2431
7522;2431
7524;2431
7526;2431
7528;2431
7530;2431
7532;2431
7534;2431
7536;2431
7538;2431
7540;2431
7542;2431
7544;2431
7546;2431
7548;2431
7550;2431
7552;2431
7554;2431
7556;2431
7558;2431
7560;2431
7562;2431
7564;2431
7566;2431
7568;2431
7570;2431
7572;2431
7574;2431
7576;2431
7578;2431
7580;2431
7582;2431
7584;2431
7586;2431
7588;2431
7590;2431
7592;2431
7594;2431
7596;2431
7598;2431
7600;2431
7602;2431
7604;2431
7606;2431
7608;2431
7610;2431
7612;2431
7614;2431
7616;2431
7618;2431
7620;2431
7622;2431
7624;2431
7626;2431
7628;2431
7630;2431
7632;2431
7634;2431
7636;2431
7638;2431
7640;2431
7642;2431
7644;2431
7646;2431
7648;2431
7650;2431
7652;2431
7654;2431
7656;2431
7658;2431
7660;2431
7662;2431
7664;2431
7666;2431
7668;2431
7670;2431
7672;2431
7674;2431
7676;2431
7678;2431
7680;2431
7682;2431
7684;2431
7686;2431
7688;2431
7690;2431
7692;2431
7694;2431
7696;2431
7698;2431
7700;2431
7702;2431
7704;2431
7706;2431
7708;2431
7710;2431
7712;2431
7714;2431
7716;2431
7718;2431
7720;2431
7722;2431
7724;2431
7726;2431
7728;2431
7730;2431
7732;2431
7734;2431
7736;2431
7738;2431
7740;2431
7742;2431
7744;2431
7746;2431
7748;2431
7750;2431
7752;2431
7754;2431
7756;2431
7758;2431
7760;2431
7762;2431
7764;2431
7766;2431
7768;2431
7770;2431
7772;2431
7774;2431
7776;2431
7778;2431
7780;2431
7782;2431
7784;2431
7786;2431
7788;2431
7790;2431
7792;2431
7794;2431
7796;2431
7798;2431
7800;2431
7802;2431
7804;2431
7806;2431
7808;2431
7810;2431
7812;2431
7814;2431
7816;2431
7818;2431
7820;2431
7822;2431
7824;2431
7826;2431
7828;2431
7830;2431
7832;2431
7834;2431
7836;2431
7838;2431
7840;2431
7842;2431
7844;2431
7846;2431
7848;2431
7850;2431
7852;2431
7854;2431
7856;2431
7858;2431
7860;2431
7862;2431
7864;2431
7866;2431
7868;2431
7870;2431
7872;2431
7874;2431
7876;2431
7878;2431
7880;2431
7882;2431
7884;2431
7886;2431
7888;2431
7890;2431
7892;2431
7894;2431
7896;2431
7898;2431
7900;2431
7902;2431
7904;2431
7906;2431
7908;2431
7910;2431
7912;2431
7914;2431
7916;2431
7918;2431
7920;2431
7922;2431
7924;2431
7926;2431
7928;2431
7930;2431
7932;2431
7934;2431
7936;2431
7938;2431
7940;2431
7942;2431
7944;2431
7946;2431
7948;2431
7950;2431
7952;2431
7954;2431
7956;2431
7958;2431
7960;2431
7962;2431
7964;2431
7966;2431
7968;2431
7970;2431
7972;2431
7974;2431
7976;2431
7978;2431
7980;2431
7982;2431
7984;2431
7986;2431
7988;2431
7990;2431
7992;2431
7994;2431
7996;2431
7998;2431
8000;2431
8002;2431
8004;2431
8006;2431
8008;2431
8010;2431
8012;2431
8014;2431
8016;2431
8018;2431
8020;2431
8022;2431
8024;2431
8026;2431
8028;2431
8030;2431
8032;2431
8034;2431
8036;2431
8038;2431
8040;2431
8042;2431
8044;2431
8046;2431
8048;2431
8050;2431
8052;2431
8054;2431
8056;2431
8058;2431
8060;2431
8062;2431
8064;2431
8066;2431
8068;2431
8070;2431
8072;2431
8074;2431
8076;2431
8078;2431
8080;2431
8082;2431
8084;2431
8086;2431
8088;2431
8090;2431
8092;2431
8094;2431
8096;2431
8098;2431
8100;2418
8102;2418
8104;2418
8106;2418
8108;2418
8110;2418
8112;2418
8114;2418
8116;2418
8118;2418
8120;2418
8122;2418
8124;2418
8126;2418
8128;2418
8130;2418
8132;2418
8134;2418
8136;2418
8138;2418
8140;2418
8142;2418
8144;2418
8146;2418
8148;2418
8150;2418
8152;2418
8154;2418
8156;2418
8158;2418
8160;2418
8162;2418
8164;2418
8166;2418
8168;2418
8170;2418
8172;2418
8174;2418
8176;2418
8178;2418
8180;2418
8182;2418
8184;2418
8186;2418
8188;2418
8190;2418
8192;2418
8194;2418
8196;2418
8198;2418
8200;2418
8202;2418
8204;2418
8206;2418
8208;2418
8210;2418
8212;2418
8214;2418
8216;2418
8218;2418
8220;2418
8222;2418
8224;2418
8226;2418
8228;2418
8230;2418
8232;2418
8234;2418
8236;2418
8238;2418
8240;2418
8242;2418
8244;2418
8246;2418
8248;2418
8250;2418
8252;2418
8254;2418
8256;2418
8258;2418
8260;2418
8262;2418
8264;2418
8266;2418
8268;2418
8270;2418
8272;2418
8274;2418
8276;2418
8278;2418
8280;2418
8282;2418
8284;2418
8286;2418
8288;2418
8290;2418
8292;2418
8294;2418
8296;2418
8298;2418
8300;2418
8302;2418
8304;2418
8306;2418
8308;2418
8310;2418
8312;2418
8314;2418
8316;2418
8318;2418
8320;2418
8322;2418
8324;2418
8326;2418
8328;2418
8330;2418
8332;2418
8334;2418
8336;2418
8338;2418
8340;2418
8342;2418
8344;2418
8346;2418
8348;2418
8350;2418
8352;2418
8354;2418
8356;2418
8358;2418
8360;2418
8362;2418
8364;2418
8366;2418
8368;2418
8370;2418
8372;2418
8374;2418
8376;2418
8378;2418
8380;2418
8382;2418
8384;2418
8386;2418
8388;2418
8390;2418
8392;2418
8394;2418
8396;2418
8398;2418
8400;2418
8402;2418
8404;2418
8406;2418
8408;2418
8410;2418
8412;2418
8414;2418
8416;2418
8418;2418
8420;2418
8422;2418
8424;2418
8426;2418
8428;2418
8430;2418
8432;2418
8434;2418
8436;2418
8438;2418
8440;2418
8442;2418
8444;2418
8446;2418
8448;2418
8450;2418
8452;2418
8454;2418
8456;2418
8458;2418
8460;2418
8462;2418
8464;2418
8466;2418
8468;2418
8470;2418
8472;2418
8474;2418
8476;2418
8478;2418
8480;2418
8482;2418
8484;2418
8486;2418
8488;2418
8490;2418
8492;2418
8494;2418
8496;2418
8498;2418
8500;2418
8502;2418
8504;2418
8506;2418
8508;2418
8510;2418
8512;2418
8514;2418
8516;2418
8518;2418
8520;2418
8522;2418
8524;2418
8526;2418
8528;2418
8530;2418
8532;2418
8534;2418
8536;2418
8538;2418
8540;2418
8542;2418
8544;2418
8546;2418
8548;2418
8550;2418
8552;2418
8554;2418
8556;2418
8558;2418
8560;2418
8562;2418
8564;2418
8566;2418
8568;2418
8570;2418
8572;2418
8574;2418
8576;2418
8578;2418
8580;2418
8582;2418
8584;2418
8586;2418
8588;2418
8590;2418
8592;2418
8594;2418
8596;2418
8598;2418
8600;2418
8602;2418
8604;2418
8606;2418
8608;2418
8610;2418
8612;2418
8614;2418
8616;2418
8618;2418
8620;2418
8622;2418
8624;2418
8626;2418
8628;2418
8630;2418
8632;2418
8634;2418
8636;2418
8638;2418
8640;2418
8642;2418
8644;2418
8646;2418
8648;2418
8650;2418
8652;2418
8654;2418
8656;2418
8658;2418
8660;2418
8662;2418
8664;2418
8666;2418
8668;2418
8670;2418
8672;2418
8674;2418
8676;2418
8678;2418
8680;2418
8682;2418
8684;2418
8686;2418
8688;2418
8690;2418
8692;2418
8694;2418
8696;2418
8698;2418
8700;2418
8702;2418
8704;2418
8706;2418
8708;2418
8710;2418
8712;2418
8714;2418
8716;2418
8718;2418
8720;2418
8722;2418
8724;2418
8726;2418
8728;2418
8730;2418
8732;2418
8734;2418
8736;2418
8738;2418
8740;2418
8742;2418
8744;2418
8746;2418
8748;2418
8750;2418
8752;2418
8754;2418
8756;2418
8758;2418
8760;2418
8762;2418
8764;2418
8766;2418
8768;2418
8770;2418
8772;2418
8774;2418
8776;2418
8778;2418
8780;2418
8782;2418
8784;2418
8786;2418
8788;2418
8790;2418
8792;2418
8794;2418
8796;2418
8798;2418
8800;2418
8802;2418
8804;2418
8806;2418
8808;2418
8810;2418
8812;2418
8814;2418
8816;2418
8818;2418
8820;2418
8822;2418
8824;2418
8826;2418
8828;2418
8830;2418
8832;2418
8834;2418
8836;2418
8838;2418
8840;2418
8842;2418
8844;2418
8846;2418
8848;2418
8850;2418
8852;2418
8854;2418
8856;2418
8858;2418
8860;2418
8862;2418
8864;2418
8866;2418
8868;2418
8870;2418
8872;2418
8874;2418
8876;2418
8878;2418
8880;2418
8882;2418
8884;2418
8886;2418
8888;2418
8890;2418
8892;2418
8894;2418
8896;2418
8898;2418
8900;2418
8902;2418
8904;2418
8906;2418
8908;2418
8910;2418
8912;2418
8914;2418
8916;2418
8918;2418
8920;2418
8922;2418
8924;2418
8926;2418
8928;2418
8930;2418
8932;2418
8934;2418
8936;2418
8938;2418
8940;2418
8942;2418
8944;2418
8946;2418
8948;2418
8950;2418
8952;2418
8954;2418
8956;2418
8958;2418
8960;2418
8962;2418
8964;2418
8966;2418
8968;2418
8970;2418
8972;2418
8974;2418
8976;2418
8978;2418
8980;2418
8982;2418
8984;2418
8986;2418
8988;2418
8990;2418
8992;2418
8994;2418
8996;2418
8998;2418
9000;2532
9002;2532
9004;2532
9006;2532
9008;2532
9010;2532
9012;2532
9014;2532
9016;2532
9018;2532
9020;2532
9022;2532
9024;2532
9026;2532
9028;2532
9030;2532
9032;2532
9034;2532
9036;2532
9038;2532
9040;2532
9042;2532
9044;2532
9046;2532
9048;2532
9050;2532
9052;2532
9054;2532
9056;2532
9058;2532
9060;2532
9062;2532
9064;2532
9066;2532
9068;2532
9070;2532
9072;2532
9074;2532
9076;2532
9078;2532
9080;2532
9082;2532
9084;2532
9086;2532
9088;2532
9090;2532
9092;2532
9094;2532
9096;2532
9098;2532
9100;2532
9102;2532
9104;2532
9106;2532
9108;2532
9110;2532
9112;2532
9114;2532
9116;2532
9118;2532
9120;2532
9122;2532
9124;2532
9126;2532
9128;2532
9130;2532
9132;2532
9134;2532
9136;2532
9138;2532
9140;2532
9142;2532
9144;2532
9146;2532
9148;2532
9150;2532
9152;2532
9154;2532
9156;2532
9158;2532
9160;2532
9162;2532
9164;2532
9166;2532
9168;2532
9170;2532
9172;2532
9174;2532
9176;2532
9178;2532
9180;2532
9182;2532
9184;2532
9186;2532
9188;2532
9190;2532
9192;2532
9194;2532
9196;2532
9198;2532
9200;2532
9202;2532
9204;2532
9206;2532
9208;2532
9210;2532
9212;2532
9214;2532
9216;2532
9218;2532
9220;2532
9222;2532
9224;2532
9226;2532
9228;2532
9230;2532
9232;2532
9234;2532
9236;2532
9238;2532
9240;2532
9242;2532
9244;2532
9246;2532
9248;2532
9250;2532
9252;2532
9254;2532
9256;2532
9258;2532
9260;2532
9262;2532
9264;2532
9266;2532
9268;2532
9270;2532
9272;2532
9274;2532
9276;2532
9278;2532
9280;2532
9282;2532
9284;2532
9286;2532
9288;2532
9290;2532
9292;2532
9294;2532
9296;2532
9298;2532
9300;2532
9302;2532
9304;2532
9306;2532
9308;2532
9310;2532
9312;2532
9314;2532
9316;2532
9318;2532
9320;2532
9322;2532
9324;2532
9326;2532
9328;2532
9330;2532
9332;2532
9334;2532
9336;2532
9338;2532
9340;2532
9342;2532
9344;2532
9346;2532
9348;2532
9350;2532
9352;2532
9354;2532
9356;2532
9358;2532
9360;2532
9362;2532
9364;2532
9366;2532
9368;2532
9370;2532
9372;2532
9374;2532
9376;2532
9378;2532
9380;2532
9382;2532
9384;2532
9386;2532
9388;2532
9390;2532
9392;2532
9394;2532
9396;2532
9398;2532
9400;2532
9402;2532
9404;2532
9406;2532
9408;2532
9410;2532
9412;2532
9414;2532
9416;2532
9418;2532
9420;2532
9422;2532
9424;2532
9426;2532
9428;2532
9430;2532
9432;2532
9434;2532
9436;2532
9438;2532
9440;2532
9442;2532
9444;2532
9446;2532
9448;2532
9450;2532
9452;2532
9454;2532
9456;2532
9458;2532
9460;2532
9462;2532
9464;2532
9466;2532
9468;2532
9470;2532
9472;2532
9474;2532
9476;2532
9478;2532
9480;2532
9482;2532
9484;2532
9486;2532
9488;2532
9490;2532
9492;2532
9494;2532
9496;2532
9498;2532
9500;2532
9502;2532
9504;2532
9506;2532
9508;2532
9510;2532
9512;2532
9514;2532
9516;2532
9518;2532
9520;2532
9522;2532
9524;2532
9526;2532
9528;2532
9530;2532
9532;2532
9534;2532
9536;2532
9538;2532
9540;2532
9542;2532
9544;2532
9546;2532
9548;2532
9550;2532
9552;2532
9554;2532
9556;2532
9558;2532
9560;2532
9562;2532
9564;2532
9566;2532
9568;2532
9570;2532
9572;2532
9574;2532
9576;2532
9578;2532
9580;2532
9582;2532
9584;2532
9586;2532
9588;2532
9590;2532
9592;2532
9594;2532
9596;2532
9598;2532
9600;2532
9602;2532
9604;2532
9606;2532
9608;2532
9610;2532
9612;2532
9614;2532
9616;2532
9618;2532
9620;2532
9622;2532
9624;2532
9626;2532
9628;2532
9630;2532
9632;2532
9634;2532
9636;2532
9638;2532
9640;2532
9642;2532
9644;2532
9646;2532
9648;2532
9650;2532
9652;2532
9654;2532
9656;2532
9658;2532
9660;2532
9662;2532
9664;2532
9666;2532
9668;2532
9670;2532
9672;2532
9674;2532
9676;2532
9678;2532
9680;2532
9682;2532
9684;2532
9686;2532
9688;2532
9690;2532
9692;2532
9694;2532
9696;2532
9698;2532
9700;2532
9702;2532
9704;2532
9706;2532
9708;2532
9710;2532
9712;2532
9714;2532
9716;2532
9718;2532
9720;2532
9722;2532
9724;2532
9726;2532
9728;2532
9730;2532
9732;2532
9734;2532
9736;2532
9738;2532
9740;2532
9742;2532
9744;2532
9746;2532
9748;2532
9750;2532
9752;2532
9754;2532
9756;2532
9758;2532
9760;2532
9762;2532
9764;2532
9766;2532
9768;2532
9770;2532
9772;2532
9774;2532
9776;2532
9778;2532
9780;2532
9782;2532
9784;2532
9786;2532
9788;2532
9790;2532
9792;2532
9794;2532
9796;2532
9798;2532
9800;2532
9802;2532
9804;2532
9806;2532
9808;2532
9810;2532
9812;2532
9814;2532
9816;2532
9818;2532
9820;2532
9822;2532
9824;2532
9826;2532
9828;2532
9830;2532
9832;2532
9834;2532
9836;2532
9838;2532
9840;2532
9842;2532
9844;2532
9846;2532
9848;2532
9850;2532
9852;2532
9854;2532
9856;2532
9858;2532
9860;2532
9862;2532
9864;2532
9866;2532
9868;2532
9870;2532
9872;2532
9874;2532
9876;2532
9878;2532
9880;2532
9882;2532
9884;2532
9886;2532
9888;2532
9890;2532
9892;2532
9894;2532
9896;2532
9898;2532
9900;2440
9902;2440
9904;2440
9906;2440
9908;2440
9910;2440
9912;2440
9914;2440
9916;2440
9918;2440
9920;2440
9922;2440
9924;2440
9926;2440
9928;2440
9930;2440
9932;2440
9934;2440
9936;2440
9938;2440
9940;2440
9942;2440
9944;2440
9946;2440
9948;2440
9950;2440
9952;2440
9954;2440
9956;2440
9958;2440
9960;2440
9962;2440
9964;2440
9966;2440
9968;2440
9970;2440
9972;2440
9974;2440
9976;2440
9978;2440
9980;2440
9982;2440
9984;2440
9986;2440
9988;2440
9990;2440
9992;2440
9994;2440
9996;2440
9998;2440
10000;2440
10002;2440
10004;2440
10006;2440
10008;2440
10010;2440
10012;2440
10014;2440
10016;2440
10018;2440
10020;2440
10022;2440
10024;2440
10026;2440
10028;2440
10030;2440
10032;2440
10034;2440
10036;2440
10038;2440
10040;2440
10042;2440
10044;2440
10046;2440
10048;2440
10050;2440
10052;2440
10054;2440
10056;2440
10058;2440
10060;2440
10062;2440
10064;2440
10066;2440
10068;2440
10070;2440
10072;2440
10074;2440
10076;2440
10078;2440
10080;2440
10082;2440
10084;2440
10086;2440
10088;2440
10090;2440
10092;2440
10094;2440
10096;2440
10098;2440
10100;2440
10102;2440
10104;2440
10106;2440
10108;2440
10110;2440
10112;2440
10114;2440
10116;2440
10118;2440
10120;2440
10122;2440
10124;2440
10126;2440
10128;2440
10130;2440
10132;2440
10134;2440
10136;2440
10138;2440
10140;2440
10142;2440
10144;2440
10146;2440
10148;2440
10150;2440
10152;2440
10154;2440
10156;2440
10158;2440
10160;2440
10162;2440
10164;2440
10166;2440
10168;2440
10170;2440
10172;2440
10174;2440
10176;2440
10178;2440
10180;2440
10182;2440
10184;2440
10186;2440
10188;2440
10190;2440
10192;2440
10194;2440
10196;2440
10198;2440
10200;2440
10202;2440
10204;2440
10206;2440
10208;2440
10210;2440
10212;2440
10214;2440
10216;2440
10218;2440
10220;2440
10222;2440
10224;2440
10226;2440
10228;2440
10230;2440
10232;2440
10234;2440
10236;2440
10238;2440
10240;2440
10242;2440
10244;2440
10246;2440
10248;2440
10250;2440
10252;2440
10254;2440
10256;2440
10258;2440
10260;2440
10262;2440
10264;2440
10266;2440
10268;2440
10270;2440
10272;2440
10274;2440
10276;2440
10278;2440
10280;2440
10282;2440
10284;2440
10286;2440
10288;2440
10290;2440
10292;2440
10294;2440
10296;2440
10298;2440
10300;2440
10302;2440
10304;2440
10306;2440
10308;2440
10310;2440
10312;2440
10314;2440
10316;2440
10318;2440
10320;2440
10322;2440
10324;2440
10326;2440
10328;2440
10330;2440
10332;2440
10334;2440
10336;2440
10338;2440
10340;2440
10342;2440
10344;2440
10346;2440
10348;2440
10350;2440
10352;2440
10354;2440
10356;2440
10358;2440
10360;2440
10362;2440
10364;2440
10366;2440
10368;2440
10370;2440
10372;2440
10374;2440
10376;2440
10378;2440
10380;2440
10382;2440
10384;2440
10386;2440
10388;2440
10390;2440
10392;2440
10394;2440
10396;2440
10398;2440
10400;2440
10402;2440
10404;2440
10406;2440
10408;2440
10410;2440
10412;2440
10414;2440
10416;2440
10418;2440
10420;2440
10422;2440
10424;2440
10426;2440
10428;2440
10430;2440
10432;2440
10434;2440
10436;2440
10438;2440
10440;2440
10442;2440
10444;2440
10446;2440
10448;2440
10450;2440
10452;2440
10454;2440
10456;2440
10458;2440
10460;2440
10462;2440
10464;2440
10466;2440
10468;2440
10470;2440
10472;2440
10474;2440
10476;2440
10478;2440
10480;2440
10482;2440
10484;2440
10486;2440
10488;2440
10490;2440
10492;2440
10494;2440
10496;2440
10498;2440
10500;2440
10502;2440
10504;2440
10506;2440
10508;2440
10510;2440
10512;2440
10514;2440
10516;2440
10518;2440
10520;2440
10522;2440
10524;2440
10526;2440
10528;2440
10530;2440
10532;2440
10534;2440
10536;2440
10538;2440
10540;2440
10542;2440
10544;2440
10546;2440
10548;2440
10550;2440
10552;2440
10554;2440
10556;2440
10558;2440
10560;2440
10562;2440
10564;2440
10566;2440
10568;2440
10570;2440
10572;2440
10574;2440
10576;2440
10578;2440
10580;2440
10582;2440
10584;2440
10586;2440
10588;2440
10590;2440
10592;2440
10594;2440
10596;2440
10598;2440
10600;2440
10602;2440
10604;2440
10606;2440
10608;2440
10610;2440
10612;2440
10614;2440
10616;2440
10618;2440
10620;2440
10622;2440
10624;2440
10626;2440
10628;2440
10630;2440
10632;2440
10634;2440
10636;2440
10638;2440
10640;2440
10642;2440
10644;2440
10646;2440
10648;2440
10650;2440
10652;2440
10654;2440
10656;2440
10658;2440
10660;2440
10662;2440
10664;2440
10666;2440
10668;2440
10670;2440
10672;2440
10674;2440
10676;2440
10678;2440
10680;2440
10682;2440
10684;2440
10686;2440
10688;2440
10690;2440
10692;2440
10694;2440
10696;2440
10698;2440
10700;2440
10702;2440
10704;2440
10706;2440
10708;2440
10710;2440
10712;2440
10714;2440
10716;2440
10718;2440
10720;2440
10722;2440
10724;2440
10726;2440
10728;2440
10730;2440
10732;2440
10734;2440
10736;2440
10738;2440
10740;2440
10742;2440
10744;2440
10746;2440
10748;2440
10750;2440
10752;2440
10754;2440
10756;2440
10758;2440
10760;2440
10762;2440
10764;2440
10766;2440
10768;2440
10770;2440
10772;2440
10774;2440
10776;2440
10778;2440
10780;2440
10782;2440
10784;2440
10786;2440
10788;2440
10790;2440
10792;2440
10794;2440
10796;2440
10798;2440
10800;2562
10802;2562
10804;2562
10806;2562
10808;2562
10810;2562
10812;2562
10814;2562
10816;2562
10818;2562
10820;2562
10822;2562
10824;2562
10826;2562
10828;2562
10830;2562
10832;2562
10834;2562
10836;2562
10838;2562
10840;2562
10842;2562
10844;2562
10846;2562
10848;2562
10850;2562
10852;2562
10854;2562
10856;2562
10858;2562
10860;2562
10862;2562
10864;2562
10866;2562
10868;2562
10870;2562
10872;2562
10874;2562
10876;2562
10878;2562
10880;2562
10882;2562
10884;2562
10886;2562
10888;2562
10890;2562
10892;2562
10894;2562
10896;2562
10898;2562
10900;2562
10902;2562
10904;2562
10906;2562
10908;2562
10910;2562
10912;2562
10914;2562
10916;2562
10918;2562
10920;2562
10922;2562
10924;2562
10926;2562
10928;2562
10930;2562
10932;2562
10934;2562
10936;2562
10938;2562
10940;2562
10942;2562
10944;2562
10946;2562
10948;2562
10950;2562
10952;2562
10954;2562
10956;2562
10958;2562
10960;2562
10962;2562
10964;2562
10966;2562
10968;2562
10970;2562
10972;2562
10974;2562
10976;2562
10978;2562
10980;2562
10982;2562
10984;2562
10986;2562
10988;2562
10990;2562
10992;2562
10994;2562
10996;2562
10998;2562
11000;2562
11002;2562
11004;2562
11006;2562
11008;2562
11010;2562
11012;2562
11014;2562
11016;2562
11018;2562
11020;2562
11022;2562
11024;2562
11026;2562
11028;2562
11030;2562
11032;2562
11034;2562
11036;2562
11038;2562
11040;2562
11042;2562
11044;2562
11046;2562
11048;2562
11050;2562
11052;2562
11054;2562
11056;2562
11058;2562
11060;2562
11062;2562
11064;2562
11066;2562
11068;2562
11070;2562
11072;2562
11074;2562
11076;2562
11078;2562
11080;2562
11082;2562
11084;2562
11086;2562
11088;2562
11090;2562
11092;2562
11094;2562
11096;2562
11098;2562
11100;2562
11102;2562
11104;2562
11106;2562
11108;2562
11110;2562
11112;2562
11114;2562
11116;2562
11118;2562
11120;2562
11122;2562
11124;2562
11126;2562
11128;2562
11130;2562
11132;2562
11134;2562
11136;2562
11138;2562
11140;2562
11142;2562
11144;2562
11146;2562
11148;2562
11150;2562
11152;2562
11154;2562
11156;2562
11158;2562
11160;2562
11162;2562
11164;2562
11166;2562
11168;2562
11170;2562
11172;2562
11174;2562
11176;2562
11178;2562
11180;2562
11182;2562
11184;2562
11186;2562
11188;2562
11190;2562
11192;2562
11194;2562
11196;2562
11198;2562
11200;2562
11202;2562
11204;2562
11206;2562
11208;2562
11210;2562
11212;2562
11214;2562
11216;2562
11218;2562
11220;2562
11222;2562
11224;2562
11226;2562
11228;2562
11230;2562
11232;2562
11234;2562
11236;2562
11238;2562
11240;2562
11242;2562
11244;2562
11246;2562
11248;2562
11250;2562
11252;2562
11254;2562
11256;2562
11258;2562
11260;2562
11262;2562
11264;2562
11266;2562
11268;2562
11270;2562
11272;2562
11274;2562
11276;2562
11278;2562
11280;2562
11282;2562
11284;2562
11286;2562
11288;2562
11290;2562
11292;2562
11294;2562
11296;2562
11298;2562
11300;2562
11302;2562
11304;2562
11306;2562
11308;2562
11310;2562
11312;2562
11314;2562
11316;2562
11318;2562
11320;2562
11322;2562
11324;2562
11326;2562
11328;2562
11330;2562
11332;2562
11334;2562
11336;2562
11338;2562
11340;2562
11342;2562
11344;2562
11346;2562
11348;2562
11350;2562
11352;2562
11354;2562
11356;2562
11358;2562
11360;2562
11362;2562
11364;2562
11366;2562
11368;2562
11370;2562
11372;2562
11374;2562
11376;2562
11378;2562
11380;2562
11382;2562
11384;2562
11386;2562
11388;2562
11390;2562
11392;2562
11394;2562
11396;2562
11398;2562
11400;2562
11402;2562
11404;2562
11406;2562
11408;2562
11410;2562
11412;2562
11414;2562
11416;2562
11418;2562
11420;2562
11422;2562
11424;2562
11426;2562
11428;2562
11430;2562
11432;2562
11434;2562
11436;2562
11438;2562
11440;2562
11442;2562
11444;2562
11446;2562
11448;2562
11450;2562
11452;2562
11454;2562
11456;2562
11458;2562
11460;2562
11462;2562
11464;2562
11466;2562
11468;2562
11470;2562
11472;2562
11474;2562
11476;2562
11478;2562
11480;2562
11482;2562
11484;2562
11486;2562
11488;2562
11490;2562
11492;2562
11494;2562
11496;2562
11498;2562
11500;2562
11502;2562
11504;2562
11506;2562
11508;2562
11510;2562
11512;2562
11514;2562
11516;2562
11518;2562
11520;2562
11522;2562
11524;2562
11526;2562
11528;2562
11530;2562
11532;2562
11534;2562
11536;2562
11538;2562
11540;2562
11542;2562
11544;2562
11546;2562
11548;2562
11550;2562
11552;2562
11554;2562
11556;2562
11558;2562
11560;2562
11562;2562
11564;2562
11566;2562
11568;2562
11570;2562
11572;2562
11574;2562
11576;2562
11578;2562
11580;2562
11582;2562
11584;2562
11586;2562
11588;2562
11590;2562
11592;2562
11594;2562
11596;2562
11598;2562
11600;2562
11602;2562
11604;2562
11606;2562
11608;2562
11610;2562
11612;2562
11614;2562
11616;2562
11618;2562
11620;2562
11622;2562
11624;2562
11626;2562
11628;2562
11630;2562
11632;2562
11634;2562
11636;2562
11638;2562
11640;2562
11642;2562
11644;2562
11646;2562
11648;2562
11650;2562
11652;2562
11654;2562
11656;2562
11658;2562
11660;2562
11662;2562
11664;2562
11666;2562
11668;2562
11670;2562
11672;2562
11674;2562
11676;2562
11678;2562
11680;2562
11682;2562
11684;2562
11686;2562
11688;2562
11690;2562
11692;2562
11694;2562
11696;2562
11698;2562
11700;2306
11702;2306
11704;2306
11706;2306
11708;2306
11710;2306
11712;2306
11714;2306
11716;2306
11718;2306
11720;2306
11722;2306
11724;2306
11726;2306
11728;2306
11730;2306
11732;2306
11734;2306
11736;2306
11738;2306
11740;2306
11742;2306
11744;2306
11746;2306
11748;2306
11750;2306
11752;2306
11754;2306
11756;2306
11758;2306
11760;2306
11762;2306
11764;2306
11766;2306
11768;2306
11770;2306
11772;2306
11774;2306
11776;2306
11778;2306
11780;2306
11782;2306
11784;2306
11786;2306
11788;2306
11790;2306
11792;2306
11794;2306
11796;2306
11798;2306
11800;2306
11802;2306
11804;2306
11806;2306
11808;2306
11810;2306
11812;2306
11814;2306
11816;2306
11818;2306
11820;2306
11822;2306
11824;2306
11826;2306
11828;2306
11830;2306
11832;2306
11834;2306
11836;2306
11838;2306
11840;2306
11842;2306
11844;2306
11846;2306
11848;2306
11850;2306
11852;2306
11854;2306
11856;2306
11858;2306
11860;2306
11862;2306
11864;2306
11866;2306
11868;2306
11870;2306
11872;2306
11874;2306
11876;2306
11878;2306
11880;2306
11882;2306
11884;2306
11886;2306
11888;2306
11890;2306
11892;2306
11894;2306
11896;2306
11898;2306
11900;2306
11902;2306
11904;2306
11906;2306
11908;2306
11910;2306
11912;2306
11914;2306
11916;2306
11918;2306
11920;2306
11922;2306
11924;2306
11926;2306
11928;2306
11930;2306
11932;2306
11934;2306
11936;2306
11938;2306
11940;2306
11942;2306
11944;2306
11946;2306
11948;2306
11950;2306
11952;2306
11954;2306
11956;2306
11958;2306
11960;2306
11962;2306
11964;2306
11966;2306
11968;2306
11970;2306
11972;2306
11974;2306
11976;2306
11978;2306
11980;2306
11982;2306
11984;2306
11986;2306
11988;2306
11990;2306
11992;2306
11994;2306
11996;2306
11998;2306
12000;2306
12002;2306
12004;2306
12006;2306
12008;2306
12010;2306
12012;2306
12014;2306
12016;2306
12018;2306
12020;2306
12022;2306
12024;2306
12026;2306
12028;2306
12030;2306
12032;2306
12034;2306
12036;2306
12038;2306
12040;2306
12042;2306
12044;2306
12046;2306
12048;2306
12050;2306
12052;2306
12054;2306
12056;2306
12058;2306
12060;2306
12062;2306
12064;2306
12066;2306
12068;2306
12070;2306
12072;2306
12074;2306
12076;2306
12078;2306
12080;2306
12082;2306
12084;2306
12086;2306
12088;2306
12090;2306
12092;2306
12094;2306
12096;2306
12098;2306
12100;2306
12102;2306
12104;2306
12106;2306
12108;2306
12110;2306
12112;2306
12114;2306
12116;2306
12118;2306
12120;2306
12122;2306
12124;2306
12126;2306
12128;2306
12130;2306
12132;2306
12134;2306
12136;2306
12138;2306
12140;2306
12142;2306
12144;2306
12146;2306
12148;2306
12150;2306
12152;2306
12154;2306
12156;2306
12158;2306
12160;2306
12162;2306
12164;2306
12166;2306
12168;2306
12170;2306
12172;2306
12174;2306
12176;2306
12178;2306
12180;2306
12182;2306
12184;2306
12186;2306
12188;2306
12190;2306
12192;2306
12194;2306
12196;2306
12198;2306
12200;2306
12202;2306
12204;2306
12206;2306
12208;2306
12210;2306
12212;2306
12214;2306
12216;2306
12218;2306
12220;2306
12222;2306
12224;2306
12226;2306
12228;2306
12230;2306
12232;2306
12234;2306
12236;2306
12238;2306
12240;2306
12242;2306
12244;2306
12246;2306
12248;2306
12250;2306
12252;2306
12254;2306
12256;2306
12258;2306
12260;2306
12262;2306
12264;2306
12266;2306
12268;2306
12270;2306
12272;2306
12274;2306
12276;2306
12278;2306
12280;2306
12282;2306
12284;2306
12286;2306
12288;2306
12290;2306
12292;2306
12294;2306
12296;2306
12298;2306
12300;2306
12302;2306
12304;2306
12306;2306
12308;2306
12310;2306
12312;2306
12314;2306
12316;2306
12318;2306
12320;2306
12322;2306
12324;2306
12326;2306
12328;2306
12330;2306
12332;2306
12334;2306
12336;2306
12338;2306
12340;2306
12342;2306
12344;2306
12346;2306
12348;2306
12350;2306
12352;2306
12354;2306
12356;2306
12358;2306
12360;2306
12362;2306
12364;2306
12366;2306
12368;2306
12370;2306
12372;2306
12374;2306
12376;2306
12378;2306
12380;2306
12382;2306
12384;2306
12386;2306
12388;2306
12390;2306
12392;2306
12394;2306
12396;2306
12398;2306
12400;2306
12402;2306
12404;2306
12406;2306
12408;2306
12410;2306
12412;2306
12414;2306
12416;2306
12418;2306
12420;2306
12422;2306
12424;2306
12426;2306
12428;2306
12430;2306
12432;2306
12434;2306
12436;2306
12438;2306
12440;2306
12442;2306
12444;2306
12446;2306
12448;2306
12450;2306
12452;2306
12454;2306
12456;2306
12458;2306
12460;2306
12462;2306
12464;2306
12466;2306
12468;2306
12470;2306
12472;2306
12474;2306
12476;2306
12478;2306
12480;2306
12482;2306
12484;2306
12486;2306
12488;2306
12490;2306
12492;2306
12494;2306
12496;2306
12498;2306
12500;2306
12502;2306
12504;2306
12506;2306
12508;2306
12510;2306
12512;2306
12514;2306
12516;2306
12518;2306
12520;2306
12522;2306
12524;2306
12526;2306
12528;2306
12530;2306
12532;2306
12534;2306
12536;2306
12538;2306
12540;2306
12542;2306
12544;2306
12546;2306
12548;2306
12550;2306
12552;2306
12554;2306
12556;2306
12558;2306
12560;2306
12562;2306
12564;2306
12566;2306
12568;2306
12570;2306
12572;2306
12574;2306
12576;2306
12578;2306
12580;2306
12582;2306
12584;2306
12586;2306
12588;2306
12590;2306
12592;2306
12594;2306
12596;2306
12598;2306
12600;2271
12602;2271
12604;2271
12606;2271
12608;2271
12610;2271
12612;2271
12614;2271
12616;2271
12618;2271
12620;2271
12622;2271
12624;2271
12626;2271
12628;2271
12630;2271
12632;2271
12634;2271
12636;2271
12638;2271
12640;2271
12642;2271
12644;2271
12646;2271
12648;2271
12650;2271
12652;2271
12654;2271
12656;2271
12658;2271
12660;2271
12662;2271
12664;2271
12666;2271
12668;2271
12670;2271
12672;2271
12674;2271
12676;2271
12678;2271
12680;2271
12682;2271
12684;2271
12686;2271
12688;2271
12690;2271
12692;2271
12694;2271
12696;2271
12698;2271
12700;2271
12702;2271
12704;2271
12706;2271
12708;2271
12710;2271
12712;2271
12714;2271
12716;2271
12718;2271
12720;2271
12722;2271
12724;2271
12726;2271
12728;2271
12730;2271
12732;2271
12734;2271
12736;2271
12738;2271
12740;2271
12742;2271
12744;2271
12746;2271
12748;2271
12750;2271
12752;2271
12754;2271
12756;2271
12758;2271
12760;2271
12762;2271
12764;2271
12766;2271
12768;2271
12770;2271
12772;2271
12774;2271
12776;2271
12778;2271
12780;2271
12782;2271
12784;2271
12786;2271
12788;2271
12790;2271
12792;2271
12794;2271
12796;2271
12798;2271
12800;2271
12802;2271
12804;2271
12806;2271
12808;2271
12810;2271
12812;2271
12814;2271
12816;2271
12818;2271
12820;2271
12822;2271
12824;2271
12826;2271
12828;2271
12830;2271
12832;2271
12834;2271
12836;2271
12838;2271
12840;2271
12842;2271
12844;2271
12846;2271
12848;2271
12850;2271
12852;2271
12854;2271
12856;2271
12858;2271
12860;2271
12862;2271
12864;2271
12866;2271
12868;2271
12870;2271
12872;2271
12874;2271
12876;2271
12878;2271
12880;2271
12882;2271
12884;2271
12886;2271
12888;2271
12890;2271
12892;2271
12894;2271
12896;2271
12898;2271
12900;2271
12902;2271
12904;2271
12906;2271
12908;2271
12910;2271
12912;2271
12914;2271
12916;2271
12918;2271
12920;2271
12922;2271
12924;2271
12926;2271
12928;2271
12930;2271
12932;2271
12934;2271
12936;2271
12938;2271
12940;2271
12942;2271
12944;2271
12946;2271
12948;2271
12950;2271
12952;2271
12954;2271
12956;2271
12958;2271
12960;2271
12962;2271
12964;2271
12966;2271
12968;2271
12970;2271
12972;2271
12974;2271
12976;2271
12978;2271
12980;2271
12982;2271
12984;2271
12986;2271
12988;2271
12990;2271
12992;2271
12994;2271
12996;2271
12998;2271
13000;2271
13002;2271
13004;2271
13006;2271
13008;2271
13010;2271
13012;2271
13014;2271
13016;2271
13018;2271
13020;2271
13022;2271
13024;2271
13026;2271
13028;2271
13030;2271
13032;2271
13034;2271
13036;2271
13038;2271
13040;2271
13042;2271
13044;2271
13046;2271
13048;2271
13050;2271
13052;2271
13054;2271
13056;2271
13058;2271
13060;2271
13062;2271
13064;2271
13066;2271
13068;2271
13070;2271
13072;2271
13074;2271
13076;2271
13078;2271
13080;2271
13082;2271
13084;2271
13086;2271
13088;2271
13090;2271
13092;2271
13094;2271
13096;2271
13098;2271
13100;2271
13102;2271
13104;2271
13106;2271
13108;2271
13110;2271
13112;2271
13114;2271
13116;2271
13118;2271
13120;2271
13122;2271
13124;2271
13126;2271
13128;2271
13130;2271
13132;2271
13134;2271
13136;2271
13138;2271
13140;2271
13142;2271
13144;2271
13146;2271
13148;2271
13150;2271
13152;2271
13154;2271
13156;2271
13158;2271
13160;2271
13162;2271
13164;2271
13166;2271
13168;2271
13170;2271
13172;2271
13174;2271
13176;2271
13178;2271
13180;2271
13182;2271
13184;2271
13186;2271
13188;2271
13190;2271
13192;2271
13194;2271
13196;2271
13198;2271
13200;2271
13202;2271
13204;2271
13206;2271
13208;2271
13210;2271
13212;2271
13214;2271
13216;2271
13218;2271
13220;2271
13222;2271
13224;2271
13226;2271
13228;2271
13230;2271
13232;2271
13234;2271
13236;2271
13238;2271
13240;2271
13242;2271
13244;2271
13246;2271
13248;2271
13250;2271
13252;2271
13254;2271
13256;2271
13258;2271
13260;2271
13262;2271
13264;2271
13266;2271
13268;2271
13270;2271
13272;2271
13274;2271
13276;2271
13278;2271
13280;2271
13282;2271
13284;2271
13286;2271
13288;2271
13290;2271
13292;2271
13294;2271
13296;2271
13298;2271
13300;2271
13302;2271
13304;2271
13306;2271
13308;2271
13310;2271
13312;2271
13314;2271
13316;2271
13318;2271
13320;2271
13322;2271
13324;2271
13326;2271
13328;2271
13330;2271
13332;2271
13334;2271
13336;2271
13338;2271
13340;2271
13342;2271
13344;2271
13346;2271
13348;2271
13350;2271
13352;2271
13354;2271
13356;2271
13358;2271
13360;2271
13362;2271
13364;2271
13366;2271
13368;2271
13370;2271
13372;2271
13374;2271
13376;2271
13378;2271
13380;2271
13382;2271
13384;2271
13386;2271
13388;2271
13390;2271
13392;2271
13394;2271
13396;2271
13398;2271
13400;2271
13402;2271
13404;2271
13406;2271
13408;2271
13410;2271
13412;2271
13414;2271
13416;2271
13418;2271
13420;2271
13422;2271
13424;2271
13426;2271
13428;2271
13430;2271
13432;2271
13434;2271
13436;2271
13438;2271
13440;2271
13442;2271
13444;2271
13446;2271
13448;2271
13450;2271
13452;2271
13454;2271
13456;2271
13458;2271
13460;2271
13462;2271
13464;2271
13466;2271
13468;2271
13470;2271
13472;2271
13474;2271
13476;2271
13478;2271
13480;2271
13482;2271
13484;2271
13486;2271
13488;2271
13490;2271
13492;2271
13494;2271
13496;2271
13498;2271
13500;2394
13502;2394
13504;2394
13506;2394
13508;2394
13510;2394
13512;2394
13514;2394
13516;2394
13518;2394
13520;2394
13522;2394
13524;2394
13526;2394
13528;2394
13530;2394
13532;2394
13534;2394
13536;2394
13538;2394
13540;2394
13542;2394
13544;2394
13546;2394
13548;2394
13550;2394
13552;2394
13554;2394
13556;2394
13558;2394
13560;2394
13562;2394
13564;2394
13566;2394
13568;2394
13570;2394
13572;2394
13574;2394
13576;2394
13578;2394
13580;2394
13582;2394
13584;2394
13586;2394
13588;2394
13590;2394
13592;2394
13594;2394
13596;2394
13598;2394
13600;2394
13602;2394
13604;2394
13606;2394
13608;2394
13610;2394
13612;2394
13614;2394
13616;2394
13618;2394
13620;2394
13622;2394
13624;2394
13626;2394
13628;2394
13630;2394
13632;2394
13634;2394
13636;2394
13638;2394
13640;2394
13642;2394
13644;2394
13646;2394
13648;2394
13650;2394
13652;2394
13654;2394
13656;2394
13658;2394
13660;2394
13662;2394
13664;2394
13666;2394
13668;2394
13670;2394
13672;2394
13674;2394
13676;2394
13678;2394
13680;2394
13682;2394
13684;2394
13686;2394
13688;2394
13690;2394
13692;2394
13694;2394
13696;2394
13698;2394
13700;2394
13702;2394
13704;2394
13706;2394
13708;2394
13710;2394
13712;2394
13714;2394
13716;2394
13718;2394
13720;2394
13722;2394
13724;2394
13726;2394
13728;2394
13730;2394
13732;2394
13734;2394
13736;2394
13738;2394
13740;2394
13742;2394
13744;2394
13746;2394
13748;2394
13750;2394
13752;2394
13754;2394
13756;2394
13758;2394
13760;2394
13762;2394
13764;2394
13766;2394
13768;2394
13770;2394
13772;2394
13774;2394
13776;2394
13778;2394
13780;2394
13782;2394
13784;2394
13786;2394
13788;2394
13790;2394
13792;2394
13794;2394
13796;2394
13798;2394
13800;2394
13802;2394
13804;2394
13806;2394
13808;2394
13810;2394
13812;2394
13814;2394
13816;2394
13818;2394
13820;2394
13822;2394
13824;2394
13826;2394
13828;2394
13830;2394
13832;2394
13834;2394
13836;2394
13838;2394
13840;2394
13842;2394
13844;2394
13846;2394
13848;2394
13850;2394
13852;2394
13854;2394
13856;2394
13858;2394
13860;2394
13862;2394
13864;2394
13866;2394
13868;2394
13870;2394
13872;2394
13874;2394
13876;2394
13878;2394
13880;2394
13882;2394
13884;2394
13886;2394
13888;2394
13890;2394
13892;2394
13894;2394
13896;2394
13898;2394
13900;2394
13902;2394
13904;2394
13906;2394
13908;2394
13910;2394
13912;2394
13914;2394
13916;2394
13918;2394
13920;2394
13922;2394
13924;2394
13926;2394
13928;2394
13930;2394
13932;2394
13934;2394
13936;2394
13938;2394
13940;2394
13942;2394
13944;2394
13946;2394
13948;2394
13950;2394
13952;2394
13954;2394
13956;2394
13958;2394
13960;2394
13962;2394
13964;2394
13966;2394
13968;2394
13970;2394
13972;2394
13974;2394
13976;2394
13978;2394
13980;2394
13982;2394
13984;2394
13986;2394
13988;2394
13990;2394
13992;2394
13994;2394
13996;2394
13998;2394
14000;2394
14002;2394
14004;2394
14006;2394
14008;2394
14010;2394
14012;2394
14014;2394
14016;2394
14018;2394
14020;2394
14022;2394
14024;2394
14026;2394
14028;2394
14030;2394
14032;2394
14034;2394
14036;2394
14038;2394
14040;2394
14042;2394
14044;2394
14046;2394
14048;2394
14050;2394
14052;2394
14054;2394
14056;2394
14058;2394
14060;2394
14062;2394
14064;2394
14066;2394
14068;2394
14070;2394
14072;2394
14074;2394
14076;2394
14078;2394
14080;2394
14082;2394
14084;2394
14086;2394
14088;2394
14090;2394
14092;2394
14094;2394
14096;2394
14098;2394
14100;2394
14102;2394
14104;2394
14106;2394
14108;2394
14110;2394
14112;2394
14114;2394
14116;2394
14118;2394
14120;2394
14122;2394
14124;2394
14126;2394
14128;2394
14130;2394
14132;2394
14134;2394
14136;2394
14138;2394
14140;2394
14142;2394
14144;2394
14146;2394
14148;2394
14150;2394
14152;2394
14154;2394
14156;2394
14158;2394
14160;2394
14162;2394
14164;2394
14166;2394
14168;2394
14170;2394
14172;2394
14174;2394
14176;2394
14178;2394
14180;2394
14182;2394
14184;2394
14186;2394
14188;2394
14190;2394
14192;2394
14194;2394
14196;2394
14198;2394
14200;2394
14202;2394
14204;2394
14206;2394
14208;2394
14210;2394
14212;2394
14214;2394
14216;2394
14218;2394
14220;2394
14222;2394
14224;2394
14226;2394
14228;2394
14230;2394
14232;2394
14234;2394
14236;2394
14238;2394
14240;2394
14242;2394
14244;2394
14246;2394
14248;2394
14250;2394
14252;2394
14254;2394
14256;2394
14258;2394
14260;2394
14262;2394
14264;2394
14266;2394
14268;2394
14270;2394
14272;2394
14274;2394
14276;2394
14278;2394
14280;2394
14282;2394
14284;2394
14286;2394
14288;2394
14290;2394
14292;2394
14294;2394
14296;2394
14298;2394
14300;2394
14302;2394
14304;2394
14306;2394
14308;2394
14310;2394
14312;2394
14314;2394
14316;2394
14318;2394
14320;2394
14322;2394
14324;2394
14326;2394
14328;2394
14330;2394
14332;2394
14334;2394
14336;2394
14338;2394
14340;2394
14342;2394
14344;2394
14346;2394
14348;2394
14350;2394
14352;2394
14354;2394
14356;2394
14358;2394
14360;2394
14362;2394
14364;2394
14366;2394
14368;2394
14370;2394
14372;2394
14374;2394
14376;2394
14378;2394
14380;2394
14382;2394
14384;2394
14386;2394
14388;2394
14390;2394
14392;2394
14394;2394
14396;2394
14398;2394
14400;2306
14402;2306
14404;2306
14406;2306
14408;2306
14410;2306
14412;2306
14414;2306
14416;2306
14418;2306
14420;2306
14422;2306
14424;2306
14426;2306
14428;2306
14430;2306
14432;2306
14434;2306
14436;2306
14438;2306
14440;2306
14442;2306
14444;2306
14446;2306
14448;2306
14450;2306
14452;2306
14454;2306
14456;2306
14458;2306
14460;2306
14462;2306
14464;2306
14466;2306
14468;2306
14470;2306
14472;2306
14474;2306
14476;2306
14478;2306
14480;2306
14482;2306
14484;2306
14486;2306
14488;2306
14490;2306
14492;2306
14494;2306
14496;2306
14498;2306
14500;2306
14502;2306
14504;2306
14506;2306
14508;2306
14510;2306
14512;2306
14514;2306
14516;2306
14518;2306
14520;2306
14522;2306
14524;2306
14526;2306
14528;2306
14530;2306
14532;2306
14534;2306
14536;2306
14538;2306
14540;2306
14542;2306
14544;2306
14546;2306
14548;2306
14550;2306
14552;2306
14554;2306
14556;2306
14558;2306
14560;2306
14562;2306
14564;2306
14566;2306
14568;2306
14570;2306
14572;2306
14574;2306
14576;2306
14578;2306
14580;2306
14582;2306
14584;2306
14586;2306
14588;2306
14590;2306
14592;2306
14594;2306
14596;2306
14598;2306
14600;2306
14602;2306
14604;2306
14606;2306
14608;2306
14610;2306
14612;2306
14614;2306
14616;2306
14618;2306
14620;2306
14622;2306
14624;2306
14626;2306
14628;2306
14630;2306
14632;2306
14634;2306
14636;2306
14638;2306
14640;2306
14642;2306
14644;2306
14646;2306
14648;2306
14650;2306
14652;2306
14654;2306
14656;2306
14658;2306
14660;2306
14662;2306
14664;2306
14666;2306
14668;2306
14670;2306
14672;2306
14674;2306
14676;2306
14678;2306
14680;2306
14682;2306
14684;2306
14686;2306
14688;2306
14690;2306
14692;2306
14694;2306
14696;2306
14698;2306
14700;2306
14702;2306
14704;2306
14706;2306
14708;2306
14710;2306
14712;2306
14714;2306
14716;2306
14718;2306
14720;2306
14722;2306
14724;2306
14726;2306
14728;2306
14730;2306
14732;2306
14734;2306
14736;2306
14738;2306
14740;2306
14742;2306
14744;2306
14746;2306
14748;2306
14750;2306
14752;2306
14754;2306
14756;2306
14758;2306
14760;2306
14762;2306
14764;2306
14766;2306
14768;2306
14770;2306
14772;2306
14774;2306
14776;2306
14778;2306
14780;2306
14782;2306
14784;2306
14786;2306
14788;2306
14790;2306
14792;2306
14794;2306
14796;2306
14798;2306
14800;2306
14802;2306
14804;2306
14806;2306
14808;2306
14810;2306
14812;2306
14814;2306
14816;2306
14818;2306
14820;2306
14822;2306
14824;2306
14826;2306
14828;2306
14830;2306
14832;2306
14834;2306
14836;2306
14838;2306
14840;2306
14842;2306
14844;2306
14846;2306
14848;2306
14850;2306
14852;2306
14854;2306
14856;2306
14858;2306
14860;2306
14862;2306
14864;2306
14866;2306
14868;2306
14870;2306
14872;2306
14874;2306
14876;2306
14878;2306
14880;2306
14882;2306
14884;2306
14886;2306
14888;2306
14890;2306
14892;2306
14894;2306
14896;2306
14898;2306
14900;2306
14902;2306
14904;2306
14906;2306
14908;2306
14910;2306
14912;2306
14914;2306
14916;2306
14918;2306
14920;2306
14922;2306
14924;2306
14926;2306
14928;2306
14930;2306
14932;2306
14934;2306
14936;2306
14938;2306
14940;2306
14942;2306
14944;2306
14946;2306
14948;2306
14950;2306
14952;2306
14954;2306
14956;2306
14958;2306
14960;2306
14962;2306
14964;2306
14966;2306
14968;2306
14970;2306
14972;2306
14974;2306
14976;2306
14978;2306
14980;2306
14982;2306
14984;2306
14986;2306
14988;2306
14990;2306
14992;2306
14994;2306
14996;2306
14998;2306
15000;2306
15002;2306
15004;2306
15006;2306
15008;2306
15010;2306
15012;2306
15014;2306
15016;2306
15018;2306
15020;2306
15022;2306
15024;2306
15026;2306
15028;2306
15030;2306
15032;2306
15034;2306
15036;2306
15038;2306
15040;2306
15042;2306
15044;2306
15046;2306
15048;2306
15050;2306
15052;2306
15054;2306
15056;2306
15058;2306
15060;2306
15062;2306
15064;2306
15066;2306
15068;2306
15070;2306
15072;2306
15074;2306
15076;2306
15078;2306
15080;2306
15082;2306
15084;2306
15086;2306
15088;2306
15090;2306
15092;2306
15094;2306
15096;2306
15098;2306
15100;2306
15102;2306
15104;2306
15106;2306
15108;2306
15110;2306
15112;2306
15114;2306
15116;2306
15118;2306
15120;2306
15122;2306
15124;2306
15126;2306
15128;2306
15130;2306
15132;2306
15134;2306
15136;2306
15138;2306
15140;2306
15142;2306
15144;2306
15146;2306
15148;2306
15150;2306
15152;2306
15154;2306
15156;2306
15158;2306
15160;2306
15162;2306
15164;2306
15166;2306
15168;2306
15170;2306
15172;2306
15174;2306
15176;2306
15178;2306
15180;2306
15182;2306
15184;2306
15186;2306
15188;2306
15190;2306
15192;2306
15194;2306
15196;2306
15198;2306
15200;2306
15202;2306
15204;2306
15206;2306
15208;2306
15210;2306
15212;2306
15214;2306
15216;2306
15218;2306
15220;2306
15222;2306
15224;2306
15226;2306
15228;2306
15230;2306
15232;2306
15234;2306
15236;2306
15238;2306
15240;2306
15242;2306
15244;2306
15246;2306
15248;2306
15250;2306
15252;2306
15254;2306
15256;2306
15258;2306
15260;2306
15262;2306
15264;2306
15266;2306
15268;2306
15270;2306
15272;2306
15274;2306
15276;2306
15278;2306
15280;2306
15282;2306
15284;2306
15286;2306
15288;2306
15290;2306
15292;2306
15294;2306
15296;2306
15298;2306
15300;2640
15302;2640
15304;2640
15306;2640
15308;2640
15310;2640
15312;2640
15314;2640
15316;2640
15318;2640
15320;2640
15322;2640
15324;2640
15326;2640
15328;2640
15330;2640
15332;2640
15334;2640
15336;2640
15338;2640
15340;2640
15342;2640
15344;2640
15346;2640
15348;2640
15350;2640
15352;2640
15354;2640
15356;2640
15358;2640
15360;2640
15362;2640
15364;2640
15366;2640
15368;2640
15370;2640
15372;2640
15374;2640
15376;2640
15378;2640
15380;2640
15382;2640
15384;2640
15386;2640
15388;2640
15390;2640
15392;2640
15394;2640
15396;2640
15398;2640
15400;2640
15402;2640
15404;2640
15406;2640
15408;2640
15410;2640
15412;2640
15414;2640
15416;2640
15418;2640
15420;2640
15422;2640
15424;2640
15426;2640
15428;2640
15430;2640
15432;2640
15434;2640
15436;2640
15438;2640
15440;2640
15442;2640
15444;2640
15446;2640
15448;2640
15450;2640
15452;2640
15454;2640
15456;2640
15458;2640
15460;2640
15462;2640
15464;2640
15466;2640
15468;2640
15470;2640
15472;2640
15474;2640
15476;2640
15478;2640
15480;2640
15482;2640
15484;2640
15486;2640
15488;2640
15490;2640
15492;2640
15494;2640
15496;2640
15498;2640
15500;2640
15502;2640
15504;2640
15506;2640
15508;2640
15510;2640
15512;2640
15514;2640
15516;2640
15518;2640
15520;2640
15522;2640
15524;2640
15526;2640
15528;2640
15530;2640
15532;2640
15534;2640
15536;2640
15538;2640
15540;2640
15542;2640
15544;2640
15546;2640
15548;2640
15550;2640
15552;2640
15554;2640
15556;2640
15558;2640
15560;2640
15562;2640
15564;2640
15566;2640
15568;2640
15570;2640
15572;2640
15574;2640
15576;2640
15578;2640
15580;2640
15582;2640
15584;2640
15586;2640
15588;2640
15590;2640
15592;2640
15594;2640
15596;2640
15598;2640
15600;2640
15602;2640
15604;2640
15606;2640
15608;2640
15610;2640
15612;2640
15614;2640
15616;2640
15618;2640
15620;2640
15622;2640
15624;2640
15626;2640
15628;2640
15630;2640
15632;2640
15634;2640
15636;2640
15638;2640
15640;2640
15642;2640
15644;2640
15646;2640
15648;2640
15650;2640
15652;2640
15654;2640
15656;2640
15658;2640
15660;2640
15662;2640
15664;2640
15666;2640
15668;2640
15670;2640
15672;2640
15674;2640
15676;2640
15678;2640
15680;2640
15682;2640
15684;2640
15686;2640
15688;2640
15690;2640
15692;2640
15694;2640
15696;2640
15698;2640
15700;2640
15702;2640
15704;2640
15706;2640
15708;2640
15710;2640
15712;2640
15714;2640
15716;2640
15718;2640
15720;2640
15722;2640
15724;2640
15726;2640
15728;2640
15730;2640
15732;2640
15734;2640
15736;2640
15738;2640
15740;2640
15742;2640
15744;2640
15746;2640
15748;2640
15750;2640
15752;2640
15754;2640
15756;2640
15758;2640
15760;2640
15762;2640
15764;2640
15766;2640
15768;2640
15770;2640
15772;2640
15774;2640
15776;2640
15778;2640
15780;2640
15782;2640
15784;2640
15786;2640
15788;2640
15790;2640
15792;2640
15794;2640
15796;2640
15798;2640
15800;2640
15802;2640
15804;2640
15806;2640
15808;2640
15810;2640
15812;2640
15814;2640
15816;2640
15818;2640
15820;2640
15822;2640
15824;2640
15826;2640
15828;2640
15830;2640
15832;2640
15834;2640
15836;2640
15838;2640
15840;2640
15842;2640
15844;2640
15846;2640
15848;2640
15850;2640
15852;2640
15854;2640
15856;2640
15858;2640
15860;2640
15862;2640
15864;2640
15866;2640
15868;2640
15870;2640
15872;2640
15874;2640
15876;2640
15878;2640
15880;2640
15882;2640
15884;2640
15886;2640
15888;2640
15890;2640
15892;2640
15894;2640
15896;2640
15898;2640
15900;2640
15902;2640
15904;2640
15906;2640
15908;2640
15910;2640
15912;2640
15914;2640
15916;2640
15918;2640
15920;2640
15922;2640
15924;2640
15926;2640
15928;2640
15930;2640
15932;2640
15934;2640
15936;2640
15938;2640
15940;2640
15942;2640
15944;2640
15946;2640
15948;2640
15950;2640
15952;2640
15954;2640
15956;2640
15958;2640
15960;2640
15962;2640
15964;2640
15966;2640
15968;2640
15970;2640
15972;2640
15974;2640
15976;2640
15978;2640
15980;2640
15982;2640
15984;2640
15986;2640
15988;2640
15990;2640
15992;2640
15994;2640
15996;2640
15998;2640
16000;2640
16002;2640
16004;2640
16006;2640
16008;2640
16010;2640
16012;2640
16014;2640
16016;2640
16018;2640
16020;2640
16022;2640
16024;2640
16026;2640
16028;2640
16030;2640
16032;2640
16034;2640
16036;2640
16038;2640
16040;2640
16042;2640
16044;2640
16046;2640
16048;2640
16050;2640
16052;2640
16054;2640
16056;2640
16058;2640
16060;2640
16062;2640
16064;2640
16066;2640
16068;2640
16070;2640
16072;2640
16074;2640
16076;2640
16078;2640
16080;2640
16082;2640
16084;2640
16086;2640
16088;2640
16090;2640
16092;2640
16094;2640
16096;2640
16098;2640
16100;2640
16102;2640
16104;2640
16106;2640
16108;2640
16110;2640
16112;2640
16114;2640
16116;2640
16118;2640
16120;2640
16122;2640
16124;2640
16126;2640
16128;2640
16130;2640
16132;2640
16134;2640
16136;2640
16138;2640
16140;2640
16142;2640
16144;2640
16146;2640
16148;2640
16150;2640
16152;2640
16154;2640
16156;2640
16158;2640
16160;2640
16162;2640
16164;2640
16166;2640
16168;2640
16170;2640
16172;2640
16174;2640
16176;2640
16178;2640
16180;2640
16182;2640
16184;2640
16186;2640
16188;2640
16190;2640
16192;2640
16194;2640
16196;2640
16198;2640
16200;2587
16202;2587
16204;2587
16206;2587
16208;2587
16210;2587
16212;2587
16214;2587
16216;2587
16218;2587
16220;2587
16222;2587
16224;2587
16226;2587
16228;2587
16230;2587
16232;2587
16234;2587
16236;2587
16238;2587
16240;2587
16242;2587
16244;2587
16246;2587
16248;2587
16250;2587
16252;2587
16254;2587
16256;2587
16258;2587
16260;2587
16262;2587
16264;2587
16266;2587
16268;2587
16270;2587
16272;2587
16274;2587
16276;2587
16278;2587
16280;2587
16282;2587
16284;2587
16286;2587
16288;2587
16290;2587
16292;2587
16294;2587
16296;2587
16298;2587
16300;2587
16302;2587
16304;2587
16306;2587
16308;2587
16310;2587
16312;2587
16314;2587
16316;2587
16318;2587
16320;2587
16322;2587
16324;2587
16326;2587
16328;2587
16330;2587
16332;2587
16334;2587
16336;2587
16338;2587
16340;2587
16342;2587
16344;2587
16346;2587
16348;2587
16350;2587
16352;2587
16354;2587
16356;2587
16358;2587
16360;2587
16362;2587
16364;2587
16366;2587
16368;2587
16370;2587
16372;2587
16374;2587
16376;2587
16378;2587
16380;2587
16382;2587
16384;2587
16386;2587
16388;2587
16390;2587
16392;2587
16394;2587
16396;2587
16398;2587
16400;2587
16402;2587
16404;2587
16406;2587
16408;2587
16410;2587
16412;2587
16414;2587
16416;2587
16418;2587
16420;2587
16422;2587
16424;2587
16426;2587
16428;2587
16430;2587
16432;2587
16434;2587
16436;2587
16438;2587
16440;2587
16442;2587
16444;2587
16446;2587
16448;2587
16450;2587
16452;2587
16454;2587
16456;2587
16458;2587
16460;2587
16462;2587
16464;2587
16466;2587
16468;2587
16470;2587
16472;2587
16474;2587
16476;2587
16478;2587
16480;2587
16482;2587
16484;2587
16486;2587
16488;2587
16490;2587
16492;2587
16494;2587
16496;2587
16498;2587
16500;2587
16502;2587
16504;2587
16506;2587
16508;2587
16510;2587
16512;2587
16514;2587
16516;2587
16518;2587
16520;2587
16522;2587
16524;2587
16526;2587
16528;2587
16530;2587
16532;2587
16534;2587
16536;2587
16538;2587
16540;2587
16542;2587
16544;2587
16546;2587
16548;2587
16550;2587
16552;2587
16554;2587
16556;2587
16558;2587
16560;2587
16562;2587
16564;2587
16566;2587
16568;2587
16570;2587
16572;2587
16574;2587
16576;2587
16578;2587
16580;2587
16582;2587
16584;2587
16586;2587
16588;2587
16590;2587
16592;2587
16594;2587
16596;2587
16598;2587
16600;2587
16602;2587
16604;2587
16606;2587
16608;2587
16610;2587
16612;2587
16614;2587
16616;2587
16618;2587
16620;2587
16622;2587
16624;2587
16626;2587
16628;2587
16630;2587
16632;2587
16634;2587
16636;2587
16638;2587
16640;2587
16642;2587
16644;2587
16646;2587
16648;2587
16650;2587
16652;2587
16654;2587
16656;2587
16658;2587
16660;2587
16662;2587
16664;2587
16666;2587
16668;2587
16670;2587
16672;2587
16674;2587
16676;2587
16678;2587
16680;2587
16682;2587
16684;2587
16686;2587
16688;2587
16690;2587
16692;2587
16694;2587
16696;2587
16698;2587
16700;2587
16702;2587
16704;2587
16706;2587
16708;2587
16710;2587
16712;2587
16714;2587
16716;2587
16718;2587
16720;2587
16722;2587
16724;2587
16726;2587
16728;2587
16730;2587
16732;2587
16734;2587
16736;2587
16738;2587
16740;2587
16742;2587
16744;2587
16746;2587
16748;2587
16750;2587
16752;2587
16754;2587
16756;2587
16758;2587
16760;2587
16762;2587
16764;2587
16766;2587
16768;2587
16770;2587
16772;2587
16774;2587
16776;2587
16778;2587
16780;2587
16782;2587
16784;2587
16786;2587
16788;2587
16790;2587
16792;2587
16794;2587
16796;2587
16798;2587
16800;2587
16802;2587
16804;2587
16806;2587
16808;2587
16810;2587
16812;2587
16814;2587
16816;2587
16818;2587
16820;2587
16822;2587
16824;2587
16826;2587
16828;2587
16830;2587
16832;2587
16834;2587
16836;2587
16838;2587
16840;2587
16842;2587
16844;2587
16846;2587
16848;2587
16850;2587
16852;2587
16854;2587
16856;2587
16858;2587
16860;2587
16862;2587
16864;2587
16866;2587
16868;2587
16870;2587
16872;2587
16874;2587
16876;2587
16878;2587
16880;2587
16882;2587
16884;2587
16886;2587
16888;2587
16890;2587
16892;2587
16894;2587
16896;2587
16898;2587
16900;2587
16902;2587
16904;2587
16906;2587
16908;2587
16910;2587
16912;2587
16914;2587
16916;2587
16918;2587
16920;2587
16922;2587
16924;2587
16926;2587
16928;2587
16930;2587
16932;2587
16934;2587
16936;2587
16938;2587
16940;2587
16942;2587
16944;2587
16946;2587
16948;2587
16950;2587
16952;2587
16954;2587
16956;2587
16958;2587
16960;2587
16962;2587
16964;2587
16966;2587
16968;2587
16970;2587
16972;2587
16974;2587
16976;2587
16978;2587
16980;2587
16982;2587
16984;2587
16986;2587
16988;2587
16990;2587
16992;2587
16994;2587
16996;2587
16998;2587
17000;2587
17002;2587
17004;2587
17006;2587
17008;2587
17010;2587
17012;2587
17014;2587
17016;2587
17018;2587
17020;2587
17022;2587
17024;2587
17026;2587
17028;2587
17030;2587
17032;2587
17034;2587
17036;2587
17038;2587
17040;2587
17042;2587
17044;2587
17046;2587
17048;2587
17050;2587
17052;2587
17054;2587
17056;2587
17058;2587
17060;2587
17062;2587
17064;2587
17066;2587
17068;2587
17070;2587
17072;2587
17074;2587
17076;2587
17078;2587
17080;2587
17082;2587
17084;2587
17086;2587
17088;2587
17090;2587
17092;2587
17094;2587
17096;2587
17098;2587
17100;2153
17102;2153
17104;2153
17106;2153
17108;2153
17110;2153
17112;2153
17114;2153
17116;2153
17118;2153
17120;2153
17122;2153
17124;2153
17126;2153
17128;2153
17130;2153
17132;2153
17134;2153
17136;2153
17138;2153
17140;2153
17142;2153
17144;2153
17146;2153
17148;2153
17150;2153
17152;2153
17154;2153
17156;2153
17158;2153
17160;2153
17162;2153
17164;2153
17166;2153
17168;2153
17170;2153
17172;2153
17174;2153
17176;2153
17178;2153
17180;2153
17182;2153
17184;2153
17186;2153
17188;2153
17190;2153
17192;2153
17194;2153
17196;2153
17198;2153
17200;2153
17202;2153
17204;2153
17206;2153
17208;2153
17210;2153
17212;2153
17214;2153
17216;2153
17218;2153
17220;2153
17222;2153
17224;2153
17226;2153
17228;2153
17230;2153
17232;2153
17234;2153
17236;2153
17238;2153
17240;2153
17242;2153
17244;2153
17246;2153
17248;2153
17250;2153
17252;2153
17254;2153
17256;2153
17258;2153
17260;2153
17262;2153
17264;2153
17266;2153
17268;2153
17270;2153
17272;2153
17274;2153
17276;2153
17278;2153
17280;2153
17282;2153
17284;2153
17286;2153
17288;2153
17290;2153
17292;2153
17294;2153
17296;2153
17298;2153
17300;2153
17302;2153
17304;2153
17306;2153
17308;2153
17310;2153
17312;2153
17314;2153
17316;2153
17318;2153
17320;2153
17322;2153
17324;2153
17326;2153
17328;2153
17330;2153
17332;2153
17334;2153
17336;2153
17338;2153
17340;2153
17342;2153
17344;2153
17346;2153
17348;2153
17350;2153
17352;2153
17354;2153
17356;2153
17358;2153
17360;2153
17362;2153
17364;2153
17366;2153
17368;2153
17370;2153
17372;2153
17374;2153
17376;2153
17378;2153
17380;2153
17382;2153
17384;2153
17386;2153
17388;2153
17390;2153
17392;2153
17394;2153
17396;2153
17398;2153
17400;2153
17402;2153
17404;2153
17406;2153
17408;2153
17410;2153
17412;2153
17414;2153
17416;2153
17418;2153
17420;2153
17422;2153
17424;2153
17426;2153
17428;2153
17430;2153
17432;2153
17434;2153
17436;2153
17438;2153
17440;2153
17442;2153
17444;2153
17446;2153
17448;2153
17450;2153
17452;2153
17454;2153
17456;2153
17458;2153
17460;2153
17462;2153
17464;2153
17466;2153
17468;2153
17470;2153
17472;2153
17474;2153
17476;2153
17478;2153
17480;2153
17482;2153
17484;2153
17486;2153
17488;2153
17490;2153
17492;2153
17494;2153
17496;2153
17498;2153
17500;2153
17502;2153
17504;2153
17506;2153
17508;2153
17510;2153
17512;2153
17514;2153
17516;2153
17518;2153
17520;2153
17522;2153
17524;2153
17526;2153
17528;2153
17530;2153
17532;2153
17534;2153
17536;2153
17538;2153
17540;2153
17542;2153
17544;2153
17546;2153
17548;2153
17550;2153
17552;2153
17554;2153
17556;2153
17558;2153
17560;2153
17562;2153
17564;2153
17566;2153
17568;2153
17570;2153
17572;2153
17574;2153
17576;2153
17578;2153
17580;2153
17582;2153
17584;2153
17586;2153
17588;2153
17590;2153
17592;2153
17594;2153
17596;2153
17598;2153
17600;2153
17602;2153
17604;2153
17606;2153
17608;2153
17610;2153
17612;2153
17614;2153
17616;2153
17618;2153
17620;2153
17622;2153
17624;2153
17626;2153
17628;2153
17630;2153
17632;2153
17634;2153
17636;2153
17638;2153
17640;2153
17642;2153
17644;2153
17646;2153
17648;2153
17650;2153
17652;2153
17654;2153
17656;2153
17658;2153
17660;2153
17662;2153
17664;2153
17666;2153
17668;2153
17670;2153
17672;2153
17674;2153
17676;2153
17678;2153
17680;2153
17682;2153
17684;2153
17686;2153
17688;2153
17690;2153
17692;2153
17694;2153
17696;2153
17698;2153
17700;2153
17702;2153
17704;2153
17706;2153
17708;2153
17710;2153
17712;2153
17714;2153
17716;2153
17718;2153
17720;2153
17722;2153
17724;2153
17726;2153
17728;2153
17730;2153
17732;2153
17734;2153
17736;2153
17738;2153
17740;2153
17742;2153
17744;2153
17746;2153
17748;2153
17750;2153
17752;2153
17754;2153
17756;2153
17758;2153
17760;2153
17762;2153
17764;2153
17766;2153
17768;2153
17770;2153
17772;2153
17774;2153
17776;2153
17778;2153
17780;2153
17782;2153
17784;2153
17786;2153
17788;2153
17790;2153
17792;2153
17794;2153
17796;2153
17798;2153
17800;2153
17802;2153
17804;2153
17806;2153
17808;2153
17810;2153
17812;2153
17814;2153
17816;2153
17818;2153
17820;2153
17822;2153
17824;2153
17826;2153
17828;2153
17830;2153
17832;2153
17834;2153
17836;2153
17838;2153
17840;2153
17842;2153
17844;2153
17846;2153
17848;2153
17850;2153
17852;2153
17854;2153
17856;2153
17858;2153
17860;2153
17862;2153
17864;2153
17866;2153
17868;2153
17870;2153
17872;2153
17874;2153
17876;2153
17878;2153
17880;2153
17882;2153
17884;2153
17886;2153
17888;2153
17890;2153
17892;2153
17894;2153
17896;2153
17898;2153
17900;2153
17902;2153
17904;2153
17906;2153
17908;2153
17910;2153
17912;2153
17914;2153
17916;2153
17918;2153
17920;2153
17922;2153
17924;2153
17926;2153
17928;2153
17930;2153
17932;2153
17934;2153
17936;2153
17938;2153
17940;2153
17942;2153
17944;2153
17946;2153
17948;2153
17950;2153
17952;2153
17954;2153
17956;2153
17958;2153
17960;2153
17962;2153
17964;2153
17966;2153
17968;2153
17970;2153
17972;2153
17974;2153
17976;2153
17978;2153
17980;2153
17982;2153
17984;2153
17986;2153
17988;2153
17990;2153
17992;2153
17994;2153
17996;2153
