#	X	Y
0;2560
2;2560
4;2560
6;2560
8;2560
10;2560
12;2560
14;2560
16;2560
18;2560
20;2560
22;2560
24;2560
26;2560
28;2560
30;2560
32;2560
34;2560
36;2560
38;2560
40;2560
42;2560
44;2560
46;2560
48;2560
50;2560
52;2560
54;2560
56;2560
58;2560
60;2560
62;2560
64;2560
66;2560
68;2560
70;2560
72;2560
74;2560
76;2560
78;2560
80;2560
82;2560
84;2560
86;2560
88;2560
90;2560
92;2560
94;2560
96;2560
98;2560
100;2560
102;2560
104;2560
106;2560
108;2560
110;2560
112;2560
114;2560
116;2560
118;2560
120;2560
122;2560
124;2560
126;2560
128;2560
130;2560
132;2560
134;2560
136;2560
138;2560
140;2560
142;2560
144;2560
146;2560
148;2560
150;2560
152;2560
154;2560
156;2560
158;2560
160;2560
162;2560
164;2560
166;2560
168;2560
170;2560
172;2560
174;2560
176;2560
178;2560
180;2560
182;2560
184;2560
186;2560
188;2560
190;2560
192;2560
194;2560
196;2560
198;2560
200;2560
202;2560
204;2560
206;2560
208;2560
210;2560
212;2560
214;2560
216;2560
218;2560
220;2560
222;2560
224;2560
226;2560
228;2560
230;2560
232;2560
234;2560
236;2560
238;2560
240;2560
242;2560
244;2560
246;2560
248;2560
250;2560
252;2560
254;2560
256;2560
258;2560
260;2560
262;2560
264;2560
266;2560
268;2560
270;2560
272;2560
274;2560
276;2560
278;2560
280;2560
282;2560
284;2560
286;2560
288;2560
290;2560
292;2560
294;2560
296;2560
