#	X	Y
0;977
2;977
4;977
6;977
8;977
10;977
12;977
14;977
16;977
18;977
20;977
22;977
24;977
26;977
28;977
30;977
32;977
34;977
36;977
38;977
40;977
42;977
44;977
46;977
48;977
50;977
52;977
54;977
56;977
58;977
60;977
62;977
64;977
66;977
68;977
70;977
72;977
74;977
76;977
78;977
80;977
82;977
84;977
86;977
88;977
90;977
92;977
94;977
96;977
98;977
100;977
102;977
104;977
106;977
108;977
110;977
112;977
114;977
116;977
118;977
120;977
122;977
124;977
126;977
128;977
130;977
132;977
134;977
136;977
138;977
140;977
142;977
144;977
146;977
148;977
150;977
152;977
154;977
156;977
158;977
160;977
162;977
164;977
166;977
168;977
170;977
172;977
174;977
176;977
178;977
180;977
182;977
184;977
186;977
188;977
190;977
192;977
194;977
196;977
198;977
200;977
202;977
204;977
206;977
208;977
210;977
212;977
214;977
216;977
218;977
220;977
222;977
224;977
226;977
228;977
230;977
232;977
234;977
236;977
238;977
240;977
242;977
244;977
246;977
248;977
250;977
252;977
254;977
256;977
258;977
260;977
262;977
264;977
266;977
268;977
270;977
272;977
274;977
276;977
278;977
280;977
282;977
284;977
286;977
288;977
290;977
292;977
294;977
296;977
298;977
300;977
302;977
304;977
306;977
308;977
310;977
312;977
314;977
316;977
318;977
320;977
322;977
324;977
326;977
328;977
330;977
332;977
334;977
336;977
338;977
340;977
342;977
344;977
346;977
348;977
350;977
352;977
354;977
356;977
358;977
360;977
362;977
364;977
366;977
368;977
370;977
372;977
374;977
376;977
378;977
380;977
382;977
384;977
386;977
388;977
390;977
392;977
394;977
396;977
398;977
400;977
402;977
404;977
406;977
408;977
410;977
412;977
414;977
416;977
418;977
420;977
422;977
424;977
426;977
428;977
430;977
432;977
434;977
436;977
438;977
440;977
442;977
444;977
446;977
448;977
450;977
452;977
454;977
456;977
458;977
460;977
462;977
464;977
466;977
468;977
470;977
472;977
474;977
476;977
478;977
480;977
482;977
484;977
486;977
488;977
490;977
492;977
494;977
496;977
498;977
500;977
502;977
504;977
506;977
508;977
510;977
512;977
514;977
516;977
518;977
520;977
522;977
524;977
526;977
528;977
530;977
532;977
534;977
536;977
538;977
540;977
542;977
544;977
546;977
548;977
550;977
552;977
554;977
556;977
558;977
560;977
562;977
564;977
566;977
568;977
570;977
572;977
574;977
576;977
578;977
580;977
582;977
584;977
586;977
588;977
590;977
592;977
594;977
596;977
598;977
600;977
602;977
604;977
606;977
608;977
610;977
612;977
614;977
616;977
618;977
620;977
622;977
624;977
626;977
628;977
630;977
632;977
634;977
636;977
638;977
640;977
642;977
644;977
646;977
648;977
650;977
652;977
654;977
656;977
658;977
660;977
662;977
664;977
666;977
668;977
670;977
672;977
674;977
676;977
678;977
680;977
682;977
684;977
686;977
688;977
690;977
692;977
694;977
696;977
698;977
700;977
702;977
704;977
706;977
708;977
710;977
712;977
714;977
716;977
718;977
720;977
722;977
724;977
726;977
728;977
730;977
732;977
734;977
736;977
738;977
740;977
742;977
744;977
746;977
748;977
750;977
752;977
754;977
756;977
758;977
760;977
762;977
764;977
766;977
768;977
770;977
772;977
774;977
776;977
778;977
780;977
782;977
784;977
786;977
788;977
790;977
792;977
794;977
796;977
798;977
800;977
802;977
804;977
806;977
808;977
810;977
812;977
814;977
816;977
818;977
820;977
822;977
824;977
826;977
828;977
830;977
832;977
834;977
836;977
838;977
840;977
842;977
844;977
846;977
848;977
850;977
852;977
854;977
856;977
858;977
860;977
862;977
864;977
866;977
868;977
870;977
872;977
874;977
876;977
878;977
880;977
882;977
884;977
886;977
888;977
890;977
892;977
894;977
896;977
898;977
900;674
902;674
904;674
906;674
908;674
910;674
912;674
914;674
916;674
918;674
920;674
922;674
924;674
926;674
928;674
930;674
932;674
934;674
936;674
938;674
940;674
942;674
944;674
946;674
948;674
950;674
952;674
954;674
956;674
958;674
960;674
962;674
964;674
966;674
968;674
970;674
972;674
974;674
976;674
978;674
980;674
982;674
984;674
986;674
988;674
990;674
992;674
994;674
996;674
998;674
1000;674
1002;674
1004;674
1006;674
1008;674
1010;674
1012;674
1014;674
1016;674
1018;674
1020;674
1022;674
1024;674
1026;674
1028;674
1030;674
1032;674
1034;674
1036;674
1038;674
1040;674
1042;674
1044;674
1046;674
1048;674
1050;674
1052;674
1054;674
1056;674
1058;674
1060;674
1062;674
1064;674
1066;674
1068;674
1070;674
1072;674
1074;674
1076;674
1078;674
1080;674
1082;674
1084;674
1086;674
1088;674
1090;674
1092;674
1094;674
1096;674
1098;674
1100;674
1102;674
1104;674
1106;674
1108;674
1110;674
1112;674
1114;674
1116;674
1118;674
1120;674
1122;674
1124;674
1126;674
1128;674
1130;674
1132;674
1134;674
1136;674
1138;674
1140;674
1142;674
1144;674
1146;674
1148;674
1150;674
1152;674
1154;674
1156;674
1158;674
1160;674
1162;674
1164;674
1166;674
1168;674
1170;674
1172;674
1174;674
1176;674
1178;674
1180;674
1182;674
1184;674
1186;674
1188;674
1190;674
1192;674
1194;674
1196;674
1198;674
1200;674
1202;674
1204;674
1206;674
1208;674
1210;674
1212;674
1214;674
1216;674
1218;674
1220;674
1222;674
1224;674
1226;674
1228;674
1230;674
1232;674
1234;674
1236;674
1238;674
1240;674
1242;674
1244;674
1246;674
1248;674
1250;674
1252;674
1254;674
1256;674
1258;674
1260;674
1262;674
1264;674
1266;674
1268;674
1270;674
1272;674
1274;674
1276;674
1278;674
1280;674
1282;674
1284;674
1286;674
1288;674
1290;674
1292;674
1294;674
1296;674
1298;674
1300;674
1302;674
1304;674
1306;674
1308;674
1310;674
1312;674
1314;674
1316;674
1318;674
1320;674
1322;674
1324;674
1326;674
1328;674
1330;674
1332;674
1334;674
1336;674
1338;674
1340;674
1342;674
1344;674
1346;674
1348;674
1350;674
1352;674
1354;674
1356;674
1358;674
1360;674
1362;674
1364;674
1366;674
1368;674
1370;674
1372;674
1374;674
1376;674
1378;674
1380;674
1382;674
1384;674
1386;674
1388;674
1390;674
1392;674
1394;674
1396;674
1398;674
1400;674
1402;674
1404;674
1406;674
1408;674
1410;674
1412;674
1414;674
1416;674
1418;674
1420;674
1422;674
1424;674
1426;674
1428;674
1430;674
1432;674
1434;674
1436;674
1438;674
1440;674
1442;674
1444;674
1446;674
1448;674
1450;674
1452;674
1454;674
1456;674
1458;674
1460;674
1462;674
1464;674
1466;674
1468;674
1470;674
1472;674
1474;674
1476;674
1478;674
1480;674
1482;674
1484;674
1486;674
1488;674
1490;674
1492;674
1494;674
1496;674
1498;674
1500;674
1502;674
1504;674
1506;674
1508;674
1510;674
1512;674
1514;674
1516;674
1518;674
1520;674
1522;674
1524;674
1526;674
1528;674
1530;674
1532;674
1534;674
1536;674
1538;674
1540;674
1542;674
1544;674
1546;674
1548;674
1550;674
1552;674
1554;674
1556;674
1558;674
1560;674
1562;674
1564;674
1566;674
1568;674
1570;674
1572;674
1574;674
1576;674
1578;674
1580;674
1582;674
1584;674
1586;674
1588;674
1590;674
1592;674
1594;674
1596;674
1598;674
1600;674
1602;674
1604;674
1606;674
1608;674
1610;674
1612;674
1614;674
1616;674
1618;674
1620;674
1622;674
1624;674
1626;674
1628;674
1630;674
1632;674
1634;674
1636;674
1638;674
1640;674
1642;674
1644;674
1646;674
1648;674
1650;674
1652;674
1654;674
1656;674
1658;674
1660;674
1662;674
1664;674
1666;674
1668;674
1670;674
1672;674
1674;674
1676;674
1678;674
1680;674
1682;674
1684;674
1686;674
1688;674
1690;674
1692;674
1694;674
1696;674
1698;674
1700;674
1702;674
1704;674
1706;674
1708;674
1710;674
1712;674
1714;674
1716;674
1718;674
1720;674
1722;674
1724;674
1726;674
1728;674
1730;674
1732;674
1734;674
1736;674
1738;674
1740;674
1742;674
1744;674
1746;674
1748;674
1750;674
1752;674
1754;674
1756;674
1758;674
1760;674
1762;674
1764;674
1766;674
1768;674
1770;674
1772;674
1774;674
1776;674
1778;674
1780;674
1782;674
1784;674
1786;674
1788;674
1790;674
1792;674
1794;674
1796;674
1798;674
1800;1045
1802;1045
1804;1045
1806;1045
1808;1045
1810;1045
1812;1045
1814;1045
1816;1045
1818;1045
1820;1045
1822;1045
1824;1045
1826;1045
1828;1045
1830;1045
1832;1045
1834;1045
1836;1045
1838;1045
1840;1045
1842;1045
1844;1045
1846;1045
1848;1045
1850;1045
1852;1045
1854;1045
1856;1045
1858;1045
1860;1045
1862;1045
1864;1045
1866;1045
1868;1045
1870;1045
1872;1045
1874;1045
1876;1045
1878;1045
1880;1045
1882;1045
1884;1045
1886;1045
1888;1045
1890;1045
1892;1045
1894;1045
1896;1045
1898;1045
1900;1045
1902;1045
1904;1045
1906;1045
1908;1045
1910;1045
1912;1045
1914;1045
1916;1045
1918;1045
1920;1045
1922;1045
1924;1045
1926;1045
1928;1045
1930;1045
1932;1045
1934;1045
1936;1045
1938;1045
1940;1045
1942;1045
1944;1045
1946;1045
1948;1045
1950;1045
1952;1045
1954;1045
1956;1045
1958;1045
1960;1045
1962;1045
1964;1045
1966;1045
1968;1045
1970;1045
1972;1045
1974;1045
1976;1045
1978;1045
1980;1045
1982;1045
1984;1045
1986;1045
1988;1045
1990;1045
1992;1045
1994;1045
1996;1045
1998;1045
2000;1045
2002;1045
2004;1045
2006;1045
2008;1045
2010;1045
2012;1045
2014;1045
2016;1045
2018;1045
2020;1045
2022;1045
2024;1045
2026;1045
2028;1045
2030;1045
2032;1045
2034;1045
2036;1045
2038;1045
2040;1045
2042;1045
2044;1045
2046;1045
2048;1045
2050;1045
2052;1045
2054;1045
2056;1045
2058;1045
2060;1045
2062;1045
2064;1045
2066;1045
2068;1045
2070;1045
2072;1045
2074;1045
2076;1045
2078;1045
2080;1045
2082;1045
2084;1045
2086;1045
2088;1045
2090;1045
2092;1045
2094;1045
2096;1045
2098;1045
2100;1045
2102;1045
2104;1045
2106;1045
2108;1045
2110;1045
2112;1045
2114;1045
2116;1045
2118;1045
2120;1045
2122;1045
2124;1045
2126;1045
2128;1045
2130;1045
2132;1045
2134;1045
2136;1045
2138;1045
2140;1045
2142;1045
2144;1045
2146;1045
2148;1045
2150;1045
2152;1045
2154;1045
2156;1045
2158;1045
2160;1045
2162;1045
2164;1045
2166;1045
2168;1045
2170;1045
2172;1045
2174;1045
2176;1045
2178;1045
2180;1045
2182;1045
2184;1045
2186;1045
2188;1045
2190;1045
2192;1045
2194;1045
2196;1045
2198;1045
2200;1045
2202;1045
2204;1045
2206;1045
2208;1045
2210;1045
2212;1045
2214;1045
2216;1045
2218;1045
2220;1045
2222;1045
2224;1045
2226;1045
2228;1045
2230;1045
2232;1045
2234;1045
2236;1045
2238;1045
2240;1045
2242;1045
2244;1045
2246;1045
2248;1045
2250;1045
2252;1045
2254;1045
2256;1045
2258;1045
2260;1045
2262;1045
2264;1045
2266;1045
2268;1045
2270;1045
2272;1045
2274;1045
2276;1045
2278;1045
2280;1045
2282;1045
2284;1045
2286;1045
2288;1045
2290;1045
2292;1045
2294;1045
2296;1045
2298;1045
2300;1045
2302;1045
2304;1045
2306;1045
2308;1045
2310;1045
2312;1045
2314;1045
2316;1045
2318;1045
2320;1045
2322;1045
2324;1045
2326;1045
2328;1045
2330;1045
2332;1045
2334;1045
2336;1045
2338;1045
2340;1045
2342;1045
2344;1045
2346;1045
2348;1045
2350;1045
2352;1045
2354;1045
2356;1045
2358;1045
2360;1045
2362;1045
2364;1045
2366;1045
2368;1045
2370;1045
2372;1045
2374;1045
2376;1045
2378;1045
2380;1045
2382;1045
2384;1045
2386;1045
2388;1045
2390;1045
2392;1045
2394;1045
2396;1045
2398;1045
2400;1045
2402;1045
2404;1045
2406;1045
2408;1045
2410;1045
2412;1045
2414;1045
2416;1045
2418;1045
2420;1045
2422;1045
2424;1045
2426;1045
2428;1045
2430;1045
2432;1045
2434;1045
2436;1045
2438;1045
2440;1045
2442;1045
2444;1045
2446;1045
2448;1045
2450;1045
2452;1045
2454;1045
2456;1045
2458;1045
2460;1045
2462;1045
2464;1045
2466;1045
2468;1045
2470;1045
2472;1045
2474;1045
2476;1045
2478;1045
2480;1045
2482;1045
2484;1045
2486;1045
2488;1045
2490;1045
2492;1045
2494;1045
2496;1045
2498;1045
2500;1045
2502;1045
2504;1045
2506;1045
2508;1045
2510;1045
2512;1045
2514;1045
2516;1045
2518;1045
2520;1045
2522;1045
2524;1045
2526;1045
2528;1045
2530;1045
2532;1045
2534;1045
2536;1045
2538;1045
2540;1045
2542;1045
2544;1045
2546;1045
2548;1045
2550;1045
2552;1045
2554;1045
2556;1045
2558;1045
2560;1045
2562;1045
2564;1045
2566;1045
2568;1045
2570;1045
2572;1045
2574;1045
2576;1045
2578;1045
2580;1045
2582;1045
2584;1045
2586;1045
2588;1045
2590;1045
2592;1045
2594;1045
2596;1045
2598;1045
2600;1045
2602;1045
2604;1045
2606;1045
2608;1045
2610;1045
2612;1045
2614;1045
2616;1045
2618;1045
2620;1045
2622;1045
2624;1045
2626;1045
2628;1045
2630;1045
2632;1045
2634;1045
2636;1045
2638;1045
2640;1045
2642;1045
2644;1045
2646;1045
2648;1045
2650;1045
2652;1045
2654;1045
2656;1045
2658;1045
2660;1045
2662;1045
2664;1045
2666;1045
2668;1045
2670;1045
2672;1045
2674;1045
2676;1045
2678;1045
2680;1045
2682;1045
2684;1045
2686;1045
2688;1045
2690;1045
2692;1045
2694;1045
2696;1045
2698;1045
2700;977
2702;977
2704;977
2706;977
2708;977
2710;977
2712;977
2714;977
2716;977
2718;977
2720;977
2722;977
2724;977
2726;977
2728;977
2730;977
2732;977
2734;977
2736;977
2738;977
2740;977
2742;977
2744;977
2746;977
2748;977
2750;977
2752;977
2754;977
2756;977
2758;977
2760;977
2762;977
2764;977
2766;977
2768;977
2770;977
2772;977
2774;977
2776;977
2778;977
2780;977
2782;977
2784;977
2786;977
2788;977
2790;977
2792;977
2794;977
2796;977
2798;977
2800;977
2802;977
2804;977
2806;977
2808;977
2810;977
2812;977
2814;977
2816;977
2818;977
2820;977
2822;977
2824;977
2826;977
2828;977
2830;977
2832;977
2834;977
2836;977
2838;977
2840;977
2842;977
2844;977
2846;977
2848;977
2850;977
2852;977
2854;977
2856;977
2858;977
2860;977
2862;977
2864;977
2866;977
2868;977
2870;977
2872;977
2874;977
2876;977
2878;977
2880;977
2882;977
2884;977
2886;977
2888;977
2890;977
2892;977
2894;977
2896;977
2898;977
2900;977
2902;977
2904;977
2906;977
2908;977
2910;977
2912;977
2914;977
2916;977
2918;977
2920;977
2922;977
2924;977
2926;977
2928;977
2930;977
2932;977
2934;977
2936;977
2938;977
2940;977
2942;977
2944;977
2946;977
2948;977
2950;977
2952;977
2954;977
2956;977
2958;977
2960;977
2962;977
2964;977
2966;977
2968;977
2970;977
2972;977
2974;977
2976;977
2978;977
2980;977
2982;977
2984;977
2986;977
2988;977
2990;977
2992;977
2994;977
2996;977
2998;977
3000;977
3002;977
3004;977
3006;977
3008;977
3010;977
3012;977
3014;977
3016;977
3018;977
3020;977
3022;977
3024;977
3026;977
3028;977
3030;977
3032;977
3034;977
3036;977
3038;977
3040;977
3042;977
3044;977
3046;977
3048;977
3050;977
3052;977
3054;977
3056;977
3058;977
3060;977
3062;977
3064;977
3066;977
3068;977
3070;977
3072;977
3074;977
3076;977
3078;977
3080;977
3082;977
3084;977
3086;977
3088;977
3090;977
3092;977
3094;977
3096;977
3098;977
3100;977
3102;977
3104;977
3106;977
3108;977
3110;977
3112;977
3114;977
3116;977
3118;977
3120;977
3122;977
3124;977
3126;977
3128;977
3130;977
3132;977
3134;977
3136;977
3138;977
3140;977
3142;977
3144;977
3146;977
3148;977
3150;977
3152;977
3154;977
3156;977
3158;977
3160;977
3162;977
3164;977
3166;977
3168;977
3170;977
3172;977
3174;977
3176;977
3178;977
3180;977
3182;977
3184;977
3186;977
3188;977
3190;977
3192;977
3194;977
3196;977
3198;977
3200;977
3202;977
3204;977
3206;977
3208;977
3210;977
3212;977
3214;977
3216;977
3218;977
3220;977
3222;977
3224;977
3226;977
3228;977
3230;977
3232;977
3234;977
3236;977
3238;977
3240;977
3242;977
3244;977
3246;977
3248;977
3250;977
3252;977
3254;977
3256;977
3258;977
3260;977
3262;977
3264;977
3266;977
3268;977
3270;977
3272;977
3274;977
3276;977
3278;977
3280;977
3282;977
3284;977
3286;977
3288;977
3290;977
3292;977
3294;977
3296;977
3298;977
3300;977
3302;977
3304;977
3306;977
3308;977
3310;977
3312;977
3314;977
3316;977
3318;977
3320;977
3322;977
3324;977
3326;977
3328;977
3330;977
3332;977
3334;977
3336;977
3338;977
3340;977
3342;977
3344;977
3346;977
3348;977
3350;977
3352;977
3354;977
3356;977
3358;977
3360;977
3362;977
3364;977
3366;977
3368;977
3370;977
3372;977
3374;977
3376;977
3378;977
3380;977
3382;977
3384;977
3386;977
3388;977
3390;977
3392;977
3394;977
3396;977
3398;977
3400;977
3402;977
3404;977
3406;977
3408;977
3410;977
3412;977
3414;977
3416;977
3418;977
3420;977
3422;977
3424;977
3426;977
3428;977
3430;977
3432;977
3434;977
3436;977
3438;977
3440;977
3442;977
3444;977
3446;977
3448;977
3450;977
3452;977
3454;977
3456;977
3458;977
3460;977
3462;977
3464;977
3466;977
3468;977
3470;977
3472;977
3474;977
3476;977
3478;977
3480;977
3482;977
3484;977
3486;977
3488;977
3490;977
3492;977
3494;977
3496;977
3498;977
3500;977
3502;977
3504;977
3506;977
3508;977
3510;977
3512;977
3514;977
3516;977
3518;977
3520;977
3522;977
3524;977
3526;977
3528;977
3530;977
3532;977
3534;977
3536;977
3538;977
3540;977
3542;977
3544;977
3546;977
3548;977
3550;977
3552;977
3554;977
3556;977
3558;977
3560;977
3562;977
3564;977
3566;977
3568;977
3570;977
3572;977
3574;977
3576;977
3578;977
3580;977
3582;977
3584;977
3586;977
3588;977
3590;977
3592;977
3594;977
3596;977
3598;977
3600;804
3602;804
3604;804
3606;804
3608;804
3610;804
3612;804
3614;804
3616;804
3618;804
3620;804
3622;804
3624;804
3626;804
3628;804
3630;804
3632;804
3634;804
3636;804
3638;804
3640;804
3642;804
3644;804
3646;804
3648;804
3650;804
3652;804
3654;804
3656;804
3658;804
3660;804
3662;804
3664;804
3666;804
3668;804
3670;804
3672;804
3674;804
3676;804
3678;804
3680;804
3682;804
3684;804
3686;804
3688;804
3690;804
3692;804
3694;804
3696;804
3698;804
3700;804
3702;804
3704;804
3706;804
3708;804
3710;804
3712;804
3714;804
3716;804
3718;804
3720;804
3722;804
3724;804
3726;804
3728;804
3730;804
3732;804
3734;804
3736;804
3738;804
3740;804
3742;804
3744;804
3746;804
3748;804
3750;804
3752;804
3754;804
3756;804
3758;804
3760;804
3762;804
3764;804
3766;804
3768;804
3770;804
3772;804
3774;804
3776;804
3778;804
3780;804
3782;804
3784;804
3786;804
3788;804
3790;804
3792;804
3794;804
3796;804
3798;804
3800;804
3802;804
3804;804
3806;804
3808;804
3810;804
3812;804
3814;804
3816;804
3818;804
3820;804
3822;804
3824;804
3826;804
3828;804
3830;804
3832;804
3834;804
3836;804
3838;804
3840;804
3842;804
3844;804
3846;804
3848;804
3850;804
3852;804
3854;804
3856;804
3858;804
3860;804
3862;804
3864;804
3866;804
3868;804
3870;804
3872;804
3874;804
3876;804
3878;804
3880;804
3882;804
3884;804
3886;804
3888;804
3890;804
3892;804
3894;804
3896;804
3898;804
3900;804
3902;804
3904;804
3906;804
3908;804
3910;804
3912;804
3914;804
3916;804
3918;804
3920;804
3922;804
3924;804
3926;804
3928;804
3930;804
3932;804
3934;804
3936;804
3938;804
3940;804
3942;804
3944;804
3946;804
3948;804
3950;804
3952;804
3954;804
3956;804
3958;804
3960;804
3962;804
3964;804
3966;804
3968;804
3970;804
3972;804
3974;804
3976;804
3978;804
3980;804
3982;804
3984;804
3986;804
3988;804
3990;804
3992;804
3994;804
3996;804
3998;804
4000;804
4002;804
4004;804
4006;804
4008;804
4010;804
4012;804
4014;804
4016;804
4018;804
4020;804
4022;804
4024;804
4026;804
4028;804
4030;804
4032;804
4034;804
4036;804
4038;804
4040;804
4042;804
4044;804
4046;804
4048;804
4050;804
4052;804
4054;804
4056;804
4058;804
4060;804
4062;804
4064;804
4066;804
4068;804
4070;804
4072;804
4074;804
4076;804
4078;804
4080;804
4082;804
4084;804
4086;804
4088;804
4090;804
4092;804
4094;804
4096;804
4098;804
4100;804
4102;804
4104;804
4106;804
4108;804
4110;804
4112;804
4114;804
4116;804
4118;804
4120;804
4122;804
4124;804
4126;804
4128;804
4130;804
4132;804
4134;804
4136;804
4138;804
4140;804
4142;804
4144;804
4146;804
4148;804
4150;804
4152;804
4154;804
4156;804
4158;804
4160;804
4162;804
4164;804
4166;804
4168;804
4170;804
4172;804
4174;804
4176;804
4178;804
4180;804
4182;804
4184;804
4186;804
4188;804
4190;804
4192;804
4194;804
4196;804
4198;804
4200;804
4202;804
4204;804
4206;804
4208;804
4210;804
4212;804
4214;804
4216;804
4218;804
4220;804
4222;804
4224;804
4226;804
4228;804
4230;804
4232;804
4234;804
4236;804
4238;804
4240;804
4242;804
4244;804
4246;804
4248;804
4250;804
4252;804
4254;804
4256;804
4258;804
4260;804
4262;804
4264;804
4266;804
4268;804
4270;804
4272;804
4274;804
4276;804
4278;804
4280;804
4282;804
4284;804
4286;804
4288;804
4290;804
4292;804
4294;804
4296;804
4298;804
4300;804
4302;804
4304;804
4306;804
4308;804
4310;804
4312;804
4314;804
4316;804
4318;804
4320;804
4322;804
4324;804
4326;804
4328;804
4330;804
4332;804
4334;804
4336;804
4338;804
4340;804
4342;804
4344;804
4346;804
4348;804
4350;804
4352;804
4354;804
4356;804
4358;804
4360;804
4362;804
4364;804
4366;804
4368;804
4370;804
4372;804
4374;804
4376;804
4378;804
4380;804
4382;804
4384;804
4386;804
4388;804
4390;804
4392;804
4394;804
4396;804
4398;804
4400;804
4402;804
4404;804
4406;804
4408;804
4410;804
4412;804
4414;804
4416;804
4418;804
4420;804
4422;804
4424;804
4426;804
4428;804
4430;804
4432;804
4434;804
4436;804
4438;804
4440;804
4442;804
4444;804
4446;804
4448;804
4450;804
4452;804
4454;804
4456;804
4458;804
4460;804
4462;804
4464;804
4466;804
4468;804
4470;804
4472;804
4474;804
4476;804
4478;804
4480;804
4482;804
4484;804
4486;804
4488;804
4490;804
4492;804
4494;804
4496;804
4498;804
4500;736
4502;736
4504;736
4506;736
4508;736
4510;736
4512;736
4514;736
4516;736
4518;736
4520;736
4522;736
4524;736
4526;736
4528;736
4530;736
4532;736
4534;736
4536;736
4538;736
4540;736
4542;736
4544;736
4546;736
4548;736
4550;736
4552;736
4554;736
4556;736
4558;736
4560;736
4562;736
4564;736
4566;736
4568;736
4570;736
4572;736
4574;736
4576;736
4578;736
4580;736
4582;736
4584;736
4586;736
4588;736
4590;736
4592;736
4594;736
4596;736
4598;736
4600;736
4602;736
4604;736
4606;736
4608;736
4610;736
4612;736
4614;736
4616;736
4618;736
4620;736
4622;736
4624;736
4626;736
4628;736
4630;736
4632;736
4634;736
4636;736
4638;736
4640;736
4642;736
4644;736
4646;736
4648;736
4650;736
4652;736
4654;736
4656;736
4658;736
4660;736
4662;736
4664;736
4666;736
4668;736
4670;736
4672;736
4674;736
4676;736
4678;736
4680;736
4682;736
4684;736
4686;736
4688;736
4690;736
4692;736
4694;736
4696;736
4698;736
4700;736
4702;736
4704;736
4706;736
4708;736
4710;736
4712;736
4714;736
4716;736
4718;736
4720;736
4722;736
4724;736
4726;736
4728;736
4730;736
4732;736
4734;736
4736;736
4738;736
4740;736
4742;736
4744;736
4746;736
4748;736
4750;736
4752;736
4754;736
4756;736
4758;736
4760;736
4762;736
4764;736
4766;736
4768;736
4770;736
4772;736
4774;736
4776;736
4778;736
4780;736
4782;736
4784;736
4786;736
4788;736
4790;736
4792;736
4794;736
4796;736
4798;736
4800;736
4802;736
4804;736
4806;736
4808;736
4810;736
4812;736
4814;736
4816;736
4818;736
4820;736
4822;736
4824;736
4826;736
4828;736
4830;736
4832;736
4834;736
4836;736
4838;736
4840;736
4842;736
4844;736
4846;736
4848;736
4850;736
4852;736
4854;736
4856;736
4858;736
4860;736
4862;736
4864;736
4866;736
4868;736
4870;736
4872;736
4874;736
4876;736
4878;736
4880;736
4882;736
4884;736
4886;736
4888;736
4890;736
4892;736
4894;736
4896;736
4898;736
4900;736
4902;736
4904;736
4906;736
4908;736
4910;736
4912;736
4914;736
4916;736
4918;736
4920;736
4922;736
4924;736
4926;736
4928;736
4930;736
4932;736
4934;736
4936;736
4938;736
4940;736
4942;736
4944;736
4946;736
4948;736
4950;736
4952;736
4954;736
4956;736
4958;736
4960;736
4962;736
4964;736
4966;736
4968;736
4970;736
4972;736
4974;736
4976;736
4978;736
4980;736
4982;736
4984;736
4986;736
4988;736
4990;736
4992;736
4994;736
4996;736
4998;736
5000;736
5002;736
5004;736
5006;736
5008;736
5010;736
5012;736
5014;736
5016;736
5018;736
5020;736
5022;736
5024;736
5026;736
5028;736
5030;736
5032;736
5034;736
5036;736
5038;736
5040;736
5042;736
5044;736
5046;736
5048;736
5050;736
5052;736
5054;736
5056;736
5058;736
5060;736
5062;736
5064;736
5066;736
5068;736
5070;736
5072;736
5074;736
5076;736
5078;736
5080;736
5082;736
5084;736
5086;736
5088;736
5090;736
5092;736
5094;736
5096;736
5098;736
5100;736
5102;736
5104;736
5106;736
5108;736
5110;736
5112;736
5114;736
5116;736
5118;736
5120;736
5122;736
5124;736
5126;736
5128;736
5130;736
5132;736
5134;736
5136;736
5138;736
5140;736
5142;736
5144;736
5146;736
5148;736
5150;736
5152;736
5154;736
5156;736
5158;736
5160;736
5162;736
5164;736
5166;736
5168;736
5170;736
5172;736
5174;736
5176;736
5178;736
5180;736
5182;736
5184;736
5186;736
5188;736
5190;736
5192;736
5194;736
5196;736
5198;736
5200;736
5202;736
5204;736
5206;736
5208;736
5210;736
5212;736
5214;736
5216;736
5218;736
5220;736
5222;736
5224;736
5226;736
5228;736
5230;736
5232;736
5234;736
5236;736
5238;736
5240;736
5242;736
5244;736
5246;736
5248;736
5250;736
5252;736
5254;736
5256;736
5258;736
5260;736
5262;736
5264;736
5266;736
5268;736
5270;736
5272;736
5274;736
5276;736
5278;736
5280;736
5282;736
5284;736
5286;736
5288;736
5290;736
5292;736
5294;736
5296;736
5298;736
5300;736
5302;736
5304;736
5306;736
5308;736
5310;736
5312;736
5314;736
5316;736
5318;736
5320;736
5322;736
5324;736
5326;736
5328;736
5330;736
5332;736
5334;736
5336;736
5338;736
5340;736
5342;736
5344;736
5346;736
5348;736
5350;736
5352;736
5354;736
5356;736
5358;736
5360;736
5362;736
5364;736
5366;736
5368;736
5370;736
5372;736
5374;736
5376;736
5378;736
5380;736
5382;736
5384;736
5386;736
5388;736
5390;736
5392;736
5394;736
5396;736
5398;736
5400;641
5402;641
5404;641
5406;641
5408;641
5410;641
5412;641
5414;641
5416;641
5418;641
5420;641
5422;641
5424;641
5426;641
5428;641
5430;641
5432;641
5434;641
5436;641
5438;641
5440;641
5442;641
5444;641
5446;641
5448;641
5450;641
5452;641
5454;641
5456;641
5458;641
5460;641
5462;641
5464;641
5466;641
5468;641
5470;641
5472;641
5474;641
5476;641
5478;641
5480;641
5482;641
5484;641
5486;641
5488;641
5490;641
5492;641
5494;641
5496;641
5498;641
5500;641
5502;641
5504;641
5506;641
5508;641
5510;641
5512;641
5514;641
5516;641
5518;641
5520;641
5522;641
5524;641
5526;641
5528;641
5530;641
5532;641
5534;641
5536;641
5538;641
5540;641
5542;641
5544;641
5546;641
5548;641
5550;641
5552;641
5554;641
5556;641
5558;641
5560;641
5562;641
5564;641
5566;641
5568;641
5570;641
5572;641
5574;641
5576;641
5578;641
5580;641
5582;641
5584;641
5586;641
5588;641
5590;641
5592;641
5594;641
5596;641
5598;641
5600;641
5602;641
5604;641
5606;641
5608;641
5610;641
5612;641
5614;641
5616;641
5618;641
5620;641
5622;641
5624;641
5626;641
5628;641
5630;641
5632;641
5634;641
5636;641
5638;641
5640;641
5642;641
5644;641
5646;641
5648;641
5650;641
5652;641
5654;641
5656;641
5658;641
5660;641
5662;641
5664;641
5666;641
5668;641
5670;641
5672;641
5674;641
5676;641
5678;641
5680;641
5682;641
5684;641
5686;641
5688;641
5690;641
5692;641
5694;641
5696;641
5698;641
5700;641
5702;641
5704;641
5706;641
5708;641
5710;641
5712;641
5714;641
5716;641
5718;641
5720;641
5722;641
5724;641
5726;641
5728;641
5730;641
5732;641
5734;641
5736;641
5738;641
5740;641
5742;641
5744;641
5746;641
5748;641
5750;641
5752;641
5754;641
5756;641
5758;641
5760;641
5762;641
5764;641
5766;641
5768;641
5770;641
5772;641
5774;641
5776;641
5778;641
5780;641
5782;641
5784;641
5786;641
5788;641
5790;641
5792;641
5794;641
5796;641
5798;641
5800;641
5802;641
5804;641
5806;641
5808;641
5810;641
5812;641
5814;641
5816;641
5818;641
5820;641
5822;641
5824;641
5826;641
5828;641
5830;641
5832;641
5834;641
5836;641
5838;641
5840;641
5842;641
5844;641
5846;641
5848;641
5850;641
5852;641
5854;641
5856;641
5858;641
5860;641
5862;641
5864;641
5866;641
5868;641
5870;641
5872;641
5874;641
5876;641
5878;641
5880;641
5882;641
5884;641
5886;641
5888;641
5890;641
5892;641
5894;641
5896;641
5898;641
5900;641
5902;641
5904;641
5906;641
5908;641
5910;641
5912;641
5914;641
5916;641
5918;641
5920;641
5922;641
5924;641
5926;641
5928;641
5930;641
5932;641
5934;641
5936;641
5938;641
5940;641
5942;641
5944;641
5946;641
5948;641
5950;641
5952;641
5954;641
5956;641
5958;641
5960;641
5962;641
5964;641
5966;641
5968;641
5970;641
5972;641
5974;641
5976;641
5978;641
5980;641
5982;641
5984;641
5986;641
5988;641
5990;641
5992;641
5994;641
5996;641
5998;641
6000;641
6002;641
6004;641
6006;641
6008;641
6010;641
6012;641
6014;641
6016;641
6018;641
6020;641
6022;641
6024;641
6026;641
6028;641
6030;641
6032;641
6034;641
6036;641
6038;641
6040;641
6042;641
6044;641
6046;641
6048;641
6050;641
6052;641
6054;641
6056;641
6058;641
6060;641
6062;641
6064;641
6066;641
6068;641
6070;641
6072;641
6074;641
6076;641
6078;641
6080;641
6082;641
6084;641
6086;641
6088;641
6090;641
6092;641
6094;641
6096;641
6098;641
6100;641
6102;641
6104;641
6106;641
6108;641
6110;641
6112;641
6114;641
6116;641
6118;641
6120;641
6122;641
6124;641
6126;641
6128;641
6130;641
6132;641
6134;641
6136;641
6138;641
6140;641
6142;641
6144;641
6146;641
6148;641
6150;641
6152;641
6154;641
6156;641
6158;641
6160;641
6162;641
6164;641
6166;641
6168;641
6170;641
6172;641
6174;641
6176;641
6178;641
6180;641
6182;641
6184;641
6186;641
6188;641
6190;641
6192;641
6194;641
6196;641
6198;641
6200;641
6202;641
6204;641
6206;641
6208;641
6210;641
6212;641
6214;641
6216;641
6218;641
6220;641
6222;641
6224;641
6226;641
6228;641
6230;641
6232;641
6234;641
6236;641
6238;641
6240;641
6242;641
6244;641
6246;641
6248;641
6250;641
6252;641
6254;641
6256;641
6258;641
6260;641
6262;641
6264;641
6266;641
6268;641
6270;641
6272;641
6274;641
6276;641
6278;641
6280;641
6282;641
6284;641
6286;641
6288;641
6290;641
6292;641
6294;641
6296;641
6298;641
6300;631
6302;631
6304;631
6306;631
6308;631
6310;631
6312;631
6314;631
6316;631
6318;631
6320;631
6322;631
6324;631
6326;631
6328;631
6330;631
6332;631
6334;631
6336;631
6338;631
6340;631
6342;631
6344;631
6346;631
6348;631
6350;631
6352;631
6354;631
6356;631
6358;631
6360;631
6362;631
6364;631
6366;631
6368;631
6370;631
6372;631
6374;631
6376;631
6378;631
6380;631
6382;631
6384;631
6386;631
6388;631
6390;631
6392;631
6394;631
6396;631
6398;631
6400;631
6402;631
6404;631
6406;631
6408;631
6410;631
6412;631
6414;631
6416;631
6418;631
6420;631
6422;631
6424;631
6426;631
6428;631
6430;631
6432;631
6434;631
6436;631
6438;631
6440;631
6442;631
6444;631
6446;631
6448;631
6450;631
6452;631
6454;631
6456;631
6458;631
6460;631
6462;631
6464;631
6466;631
6468;631
6470;631
6472;631
6474;631
6476;631
6478;631
6480;631
6482;631
6484;631
6486;631
6488;631
6490;631
6492;631
6494;631
6496;631
6498;631
6500;631
6502;631
6504;631
6506;631
6508;631
6510;631
6512;631
6514;631
6516;631
6518;631
6520;631
6522;631
6524;631
6526;631
6528;631
6530;631
6532;631
6534;631
6536;631
6538;631
6540;631
6542;631
6544;631
6546;631
6548;631
6550;631
6552;631
6554;631
6556;631
6558;631
6560;631
6562;631
6564;631
6566;631
6568;631
6570;631
6572;631
6574;631
6576;631
6578;631
6580;631
6582;631
6584;631
6586;631
6588;631
6590;631
6592;631
6594;631
6596;631
6598;631
6600;631
6602;631
6604;631
6606;631
6608;631
6610;631
6612;631
6614;631
6616;631
6618;631
6620;631
6622;631
6624;631
6626;631
6628;631
6630;631
6632;631
6634;631
6636;631
6638;631
6640;631
6642;631
6644;631
6646;631
6648;631
6650;631
6652;631
6654;631
6656;631
6658;631
6660;631
6662;631
6664;631
6666;631
6668;631
6670;631
6672;631
6674;631
6676;631
6678;631
6680;631
6682;631
6684;631
6686;631
6688;631
6690;631
6692;631
6694;631
6696;631
6698;631
6700;631
6702;631
6704;631
6706;631
6708;631
6710;631
6712;631
6714;631
6716;631
6718;631
6720;631
6722;631
6724;631
6726;631
6728;631
6730;631
6732;631
6734;631
6736;631
6738;631
6740;631
6742;631
6744;631
6746;631
6748;631
6750;631
6752;631
6754;631
6756;631
6758;631
6760;631
6762;631
6764;631
6766;631
6768;631
6770;631
6772;631
6774;631
6776;631
6778;631
6780;631
6782;631
6784;631
6786;631
6788;631
6790;631
6792;631
6794;631
6796;631
6798;631
6800;631
6802;631
6804;631
6806;631
6808;631
6810;631
6812;631
6814;631
6816;631
6818;631
6820;631
6822;631
6824;631
6826;631
6828;631
6830;631
6832;631
6834;631
6836;631
6838;631
6840;631
6842;631
6844;631
6846;631
6848;631
6850;631
6852;631
6854;631
6856;631
6858;631
6860;631
6862;631
6864;631
6866;631
6868;631
6870;631
6872;631
6874;631
6876;631
6878;631
6880;631
6882;631
6884;631
6886;631
6888;631
6890;631
6892;631
6894;631
6896;631
6898;631
6900;631
6902;631
6904;631
6906;631
6908;631
6910;631
6912;631
6914;631
6916;631
6918;631
6920;631
6922;631
6924;631
6926;631
6928;631
6930;631
6932;631
6934;631
6936;631
6938;631
6940;631
6942;631
6944;631
6946;631
6948;631
6950;631
6952;631
6954;631
6956;631
6958;631
6960;631
6962;631
6964;631
6966;631
6968;631
6970;631
6972;631
6974;631
6976;631
6978;631
6980;631
6982;631
6984;631
6986;631
6988;631
6990;631
6992;631
6994;631
6996;631
6998;631
7000;631
7002;631
7004;631
7006;631
7008;631
7010;631
7012;631
7014;631
7016;631
7018;631
7020;631
7022;631
7024;631
7026;631
7028;631
7030;631
7032;631
7034;631
7036;631
7038;631
7040;631
7042;631
7044;631
7046;631
7048;631
7050;631
7052;631
7054;631
7056;631
7058;631
7060;631
7062;631
7064;631
7066;631
7068;631
7070;631
7072;631
7074;631
7076;631
7078;631
7080;631
7082;631
7084;631
7086;631
7088;631
7090;631
7092;631
7094;631
7096;631
7098;631
7100;631
7102;631
7104;631
7106;631
7108;631
7110;631
7112;631
7114;631
7116;631
7118;631
7120;631
7122;631
7124;631
7126;631
7128;631
7130;631
7132;631
7134;631
7136;631
7138;631
7140;631
7142;631
7144;631
7146;631
7148;631
7150;631
7152;631
7154;631
7156;631
7158;631
7160;631
7162;631
7164;631
7166;631
7168;631
7170;631
7172;631
7174;631
7176;631
7178;631
7180;631
7182;631
7184;631
7186;631
7188;631
7190;631
7192;631
7194;631
7196;631
7198;631
7200;880
7202;880
7204;880
7206;880
7208;880
7210;880
7212;880
7214;880
7216;880
7218;880
7220;880
7222;880
7224;880
7226;880
7228;880
7230;880
7232;880
7234;880
7236;880
7238;880
7240;880
7242;880
7244;880
7246;880
7248;880
7250;880
7252;880
7254;880
7256;880
7258;880
7260;880
7262;880
7264;880
7266;880
7268;880
7270;880
7272;880
7274;880
7276;880
7278;880
7280;880
7282;880
7284;880
7286;880
7288;880
7290;880
7292;880
7294;880
7296;880
7298;880
7300;880
7302;880
7304;880
7306;880
7308;880
7310;880
7312;880
7314;880
7316;880
7318;880
7320;880
7322;880
7324;880
7326;880
7328;880
7330;880
7332;880
7334;880
7336;880
7338;880
7340;880
7342;880
7344;880
7346;880
7348;880
7350;880
7352;880
7354;880
7356;880
7358;880
7360;880
7362;880
7364;880
7366;880
7368;880
7370;880
7372;880
7374;880
7376;880
7378;880
7380;880
7382;880
7384;880
7386;880
7388;880
7390;880
7392;880
7394;880
7396;880
7398;880
7400;880
7402;880
7404;880
7406;880
7408;880
7410;880
7412;880
7414;880
7416;880
7418;880
7420;880
7422;880
7424;880
7426;880
7428;880
7430;880
7432;880
7434;880
7436;880
7438;880
7440;880
7442;880
7444;880
7446;880
7448;880
7450;880
7452;880
7454;880
7456;880
7458;880
7460;880
7462;880
7464;880
7466;880
7468;880
7470;880
7472;880
7474;880
7476;880
7478;880
7480;880
7482;880
7484;880
7486;880
7488;880
7490;880
7492;880
7494;880
7496;880
7498;880
7500;880
7502;880
7504;880
7506;880
7508;880
7510;880
7512;880
7514;880
7516;880
7518;880
7520;880
7522;880
7524;880
7526;880
7528;880
7530;880
7532;880
7534;880
7536;880
7538;880
7540;880
7542;880
7544;880
7546;880
7548;880
7550;880
7552;880
7554;880
7556;880
7558;880
7560;880
7562;880
7564;880
7566;880
7568;880
7570;880
7572;880
7574;880
7576;880
7578;880
7580;880
7582;880
7584;880
7586;880
7588;880
7590;880
7592;880
7594;880
7596;880
7598;880
7600;880
7602;880
7604;880
7606;880
7608;880
7610;880
7612;880
7614;880
7616;880
7618;880
7620;880
7622;880
7624;880
7626;880
7628;880
7630;880
7632;880
7634;880
7636;880
7638;880
7640;880
7642;880
7644;880
7646;880
7648;880
7650;880
7652;880
7654;880
7656;880
7658;880
7660;880
7662;880
7664;880
7666;880
7668;880
7670;880
7672;880
7674;880
7676;880
7678;880
7680;880
7682;880
7684;880
7686;880
7688;880
7690;880
7692;880
7694;880
7696;880
7698;880
7700;880
7702;880
7704;880
7706;880
7708;880
7710;880
7712;880
7714;880
7716;880
7718;880
7720;880
7722;880
7724;880
7726;880
7728;880
7730;880
7732;880
7734;880
7736;880
7738;880
7740;880
7742;880
7744;880
7746;880
7748;880
7750;880
7752;880
7754;880
7756;880
7758;880
7760;880
7762;880
7764;880
7766;880
7768;880
7770;880
7772;880
7774;880
7776;880
7778;880
7780;880
7782;880
7784;880
7786;880
7788;880
7790;880
7792;880
7794;880
7796;880
7798;880
7800;880
7802;880
7804;880
7806;880
7808;880
7810;880
7812;880
7814;880
7816;880
7818;880
7820;880
7822;880
7824;880
7826;880
7828;880
7830;880
7832;880
7834;880
7836;880
7838;880
7840;880
7842;880
7844;880
7846;880
7848;880
7850;880
7852;880
7854;880
7856;880
7858;880
7860;880
7862;880
7864;880
7866;880
7868;880
7870;880
7872;880
7874;880
7876;880
7878;880
7880;880
7882;880
7884;880
7886;880
7888;880
7890;880
7892;880
7894;880
7896;880
7898;880
7900;880
7902;880
7904;880
7906;880
7908;880
7910;880
7912;880
7914;880
7916;880
7918;880
7920;880
7922;880
7924;880
7926;880
7928;880
7930;880
7932;880
7934;880
7936;880
7938;880
7940;880
7942;880
7944;880
7946;880
7948;880
7950;880
7952;880
7954;880
7956;880
7958;880
7960;880
7962;880
7964;880
7966;880
7968;880
7970;880
7972;880
7974;880
7976;880
7978;880
7980;880
7982;880
7984;880
7986;880
7988;880
7990;880
7992;880
7994;880
7996;880
7998;880
8000;880
8002;880
8004;880
8006;880
8008;880
8010;880
8012;880
8014;880
8016;880
8018;880
8020;880
8022;880
8024;880
8026;880
8028;880
8030;880
8032;880
8034;880
8036;880
8038;880
8040;880
8042;880
8044;880
8046;880
8048;880
8050;880
8052;880
8054;880
8056;880
8058;880
8060;880
8062;880
8064;880
8066;880
8068;880
8070;880
8072;880
8074;880
8076;880
8078;880
8080;880
8082;880
8084;880
8086;880
8088;880
8090;880
8092;880
8094;880
8096;880
8098;880
8100;659
8102;659
8104;659
8106;659
8108;659
8110;659
8112;659
8114;659
8116;659
8118;659
8120;659
8122;659
8124;659
8126;659
8128;659
8130;659
8132;659
8134;659
8136;659
8138;659
8140;659
8142;659
8144;659
8146;659
8148;659
8150;659
8152;659
8154;659
8156;659
8158;659
8160;659
8162;659
8164;659
8166;659
8168;659
8170;659
8172;659
8174;659
8176;659
8178;659
8180;659
8182;659
8184;659
8186;659
8188;659
8190;659
8192;659
8194;659
8196;659
8198;659
8200;659
8202;659
8204;659
8206;659
8208;659
8210;659
8212;659
8214;659
8216;659
8218;659
8220;659
8222;659
8224;659
8226;659
8228;659
8230;659
8232;659
8234;659
8236;659
8238;659
8240;659
8242;659
8244;659
8246;659
8248;659
8250;659
8252;659
8254;659
8256;659
8258;659
8260;659
8262;659
8264;659
8266;659
8268;659
8270;659
8272;659
8274;659
8276;659
8278;659
8280;659
8282;659
8284;659
8286;659
8288;659
8290;659
8292;659
8294;659
8296;659
8298;659
8300;659
8302;659
8304;659
8306;659
8308;659
8310;659
8312;659
8314;659
8316;659
8318;659
8320;659
8322;659
8324;659
8326;659
8328;659
8330;659
8332;659
8334;659
8336;659
8338;659
8340;659
8342;659
8344;659
8346;659
8348;659
8350;659
8352;659
8354;659
8356;659
8358;659
8360;659
8362;659
8364;659
8366;659
8368;659
8370;659
8372;659
8374;659
8376;659
8378;659
8380;659
8382;659
8384;659
8386;659
8388;659
8390;659
8392;659
8394;659
8396;659
8398;659
8400;659
8402;659
8404;659
8406;659
8408;659
8410;659
8412;659
8414;659
8416;659
8418;659
8420;659
8422;659
8424;659
8426;659
8428;659
8430;659
8432;659
8434;659
8436;659
8438;659
8440;659
8442;659
8444;659
8446;659
8448;659
8450;659
8452;659
8454;659
8456;659
8458;659
8460;659
8462;659
8464;659
8466;659
8468;659
8470;659
8472;659
8474;659
8476;659
8478;659
8480;659
8482;659
8484;659
8486;659
8488;659
8490;659
8492;659
8494;659
8496;659
8498;659
8500;659
8502;659
8504;659
8506;659
8508;659
8510;659
8512;659
8514;659
8516;659
8518;659
8520;659
8522;659
8524;659
8526;659
8528;659
8530;659
8532;659
8534;659
8536;659
8538;659
8540;659
8542;659
8544;659
8546;659
8548;659
8550;659
8552;659
8554;659
8556;659
8558;659
8560;659
8562;659
8564;659
8566;659
8568;659
8570;659
8572;659
8574;659
8576;659
8578;659
8580;659
8582;659
8584;659
8586;659
8588;659
8590;659
8592;659
8594;659
8596;659
8598;659
8600;659
8602;659
8604;659
8606;659
8608;659
8610;659
8612;659
8614;659
8616;659
8618;659
8620;659
8622;659
8624;659
8626;659
8628;659
8630;659
8632;659
8634;659
8636;659
8638;659
8640;659
8642;659
8644;659
8646;659
8648;659
8650;659
8652;659
8654;659
8656;659
8658;659
8660;659
8662;659
8664;659
8666;659
8668;659
8670;659
8672;659
8674;659
8676;659
8678;659
8680;659
8682;659
8684;659
8686;659
8688;659
8690;659
8692;659
8694;659
8696;659
8698;659
8700;659
8702;659
8704;659
8706;659
8708;659
8710;659
8712;659
8714;659
8716;659
8718;659
8720;659
8722;659
8724;659
8726;659
8728;659
8730;659
8732;659
8734;659
8736;659
8738;659
8740;659
8742;659
8744;659
8746;659
8748;659
8750;659
8752;659
8754;659
8756;659
8758;659
8760;659
8762;659
8764;659
8766;659
8768;659
8770;659
8772;659
8774;659
8776;659
8778;659
8780;659
8782;659
8784;659
8786;659
8788;659
8790;659
8792;659
8794;659
8796;659
8798;659
8800;659
8802;659
8804;659
8806;659
8808;659
8810;659
8812;659
8814;659
8816;659
8818;659
8820;659
8822;659
8824;659
8826;659
8828;659
8830;659
8832;659
8834;659
8836;659
8838;659
8840;659
8842;659
8844;659
8846;659
8848;659
8850;659
8852;659
8854;659
8856;659
8858;659
8860;659
8862;659
8864;659
8866;659
8868;659
8870;659
8872;659
8874;659
8876;659
8878;659
8880;659
8882;659
8884;659
8886;659
8888;659
8890;659
8892;659
8894;659
8896;659
8898;659
8900;659
8902;659
8904;659
8906;659
8908;659
8910;659
8912;659
8914;659
8916;659
8918;659
8920;659
8922;659
8924;659
8926;659
8928;659
8930;659
8932;659
8934;659
8936;659
8938;659
8940;659
8942;659
8944;659
8946;659
8948;659
8950;659
8952;659
8954;659
8956;659
8958;659
8960;659
8962;659
8964;659
8966;659
8968;659
8970;659
8972;659
8974;659
8976;659
8978;659
8980;659
8982;659
8984;659
8986;659
8988;659
8990;659
8992;659
8994;659
8996;659
8998;659
9000;589
9002;589
9004;589
9006;589
9008;589
9010;589
9012;589
9014;589
9016;589
9018;589
9020;589
9022;589
9024;589
9026;589
9028;589
9030;589
9032;589
9034;589
9036;589
9038;589
9040;589
9042;589
9044;589
9046;589
9048;589
9050;589
9052;589
9054;589
9056;589
9058;589
9060;589
9062;589
9064;589
9066;589
9068;589
9070;589
9072;589
9074;589
9076;589
9078;589
9080;589
9082;589
9084;589
9086;589
9088;589
9090;589
9092;589
9094;589
9096;589
9098;589
9100;589
9102;589
9104;589
9106;589
9108;589
9110;589
9112;589
9114;589
9116;589
9118;589
9120;589
9122;589
9124;589
9126;589
9128;589
9130;589
9132;589
9134;589
9136;589
9138;589
9140;589
9142;589
9144;589
9146;589
9148;589
9150;589
9152;589
9154;589
9156;589
9158;589
9160;589
9162;589
9164;589
9166;589
9168;589
9170;589
9172;589
9174;589
9176;589
9178;589
9180;589
9182;589
9184;589
9186;589
9188;589
9190;589
9192;589
9194;589
9196;589
9198;589
9200;589
9202;589
9204;589
9206;589
9208;589
9210;589
9212;589
9214;589
9216;589
9218;589
9220;589
9222;589
9224;589
9226;589
9228;589
9230;589
9232;589
9234;589
9236;589
9238;589
9240;589
9242;589
9244;589
9246;589
9248;589
9250;589
9252;589
9254;589
9256;589
9258;589
9260;589
9262;589
9264;589
9266;589
9268;589
9270;589
9272;589
9274;589
9276;589
9278;589
9280;589
9282;589
9284;589
9286;589
9288;589
9290;589
9292;589
9294;589
9296;589
9298;589
9300;589
9302;589
9304;589
9306;589
9308;589
9310;589
9312;589
9314;589
9316;589
9318;589
9320;589
9322;589
9324;589
9326;589
9328;589
9330;589
9332;589
9334;589
9336;589
9338;589
9340;589
9342;589
9344;589
9346;589
9348;589
9350;589
9352;589
9354;589
9356;589
9358;589
9360;589
9362;589
9364;589
9366;589
9368;589
9370;589
9372;589
9374;589
9376;589
9378;589
9380;589
9382;589
9384;589
9386;589
9388;589
9390;589
9392;589
9394;589
9396;589
9398;589
9400;589
9402;589
9404;589
9406;589
9408;589
9410;589
9412;589
9414;589
9416;589
9418;589
9420;589
9422;589
9424;589
9426;589
9428;589
9430;589
9432;589
9434;589
9436;589
9438;589
9440;589
9442;589
9444;589
9446;589
9448;589
9450;589
9452;589
9454;589
9456;589
9458;589
9460;589
9462;589
9464;589
9466;589
9468;589
9470;589
9472;589
9474;589
9476;589
9478;589
9480;589
9482;589
9484;589
9486;589
9488;589
9490;589
9492;589
9494;589
9496;589
9498;589
9500;589
9502;589
9504;589
9506;589
9508;589
9510;589
9512;589
9514;589
9516;589
9518;589
9520;589
9522;589
9524;589
9526;589
9528;589
9530;589
9532;589
9534;589
9536;589
9538;589
9540;589
9542;589
9544;589
9546;589
9548;589
9550;589
9552;589
9554;589
9556;589
9558;589
9560;589
9562;589
9564;589
9566;589
9568;589
9570;589
9572;589
9574;589
9576;589
9578;589
9580;589
9582;589
9584;589
9586;589
9588;589
9590;589
9592;589
9594;589
9596;589
9598;589
9600;589
9602;589
9604;589
9606;589
9608;589
9610;589
9612;589
9614;589
9616;589
9618;589
9620;589
9622;589
9624;589
9626;589
9628;589
9630;589
9632;589
9634;589
9636;589
9638;589
9640;589
9642;589
9644;589
9646;589
9648;589
9650;589
9652;589
9654;589
9656;589
9658;589
9660;589
9662;589
9664;589
9666;589
9668;589
9670;589
9672;589
9674;589
9676;589
9678;589
9680;589
9682;589
9684;589
9686;589
9688;589
9690;589
9692;589
9694;589
9696;589
9698;589
9700;589
9702;589
9704;589
9706;589
9708;589
9710;589
9712;589
9714;589
9716;589
9718;589
9720;589
9722;589
9724;589
9726;589
9728;589
9730;589
9732;589
9734;589
9736;589
9738;589
9740;589
9742;589
9744;589
9746;589
9748;589
9750;589
9752;589
9754;589
9756;589
9758;589
9760;589
9762;589
9764;589
9766;589
9768;589
9770;589
9772;589
9774;589
9776;589
9778;589
9780;589
9782;589
9784;589
9786;589
9788;589
9790;589
9792;589
9794;589
9796;589
9798;589
9800;589
9802;589
9804;589
9806;589
9808;589
9810;589
9812;589
9814;589
9816;589
9818;589
9820;589
9822;589
9824;589
9826;589
9828;589
9830;589
9832;589
9834;589
9836;589
9838;589
9840;589
9842;589
9844;589
9846;589
9848;589
9850;589
9852;589
9854;589
9856;589
9858;589
9860;589
9862;589
9864;589
9866;589
9868;589
9870;589
9872;589
9874;589
9876;589
9878;589
9880;589
9882;589
9884;589
9886;589
9888;589
9890;589
9892;589
9894;589
9896;589
9898;589
9900;655
9902;655
9904;655
9906;655
9908;655
9910;655
9912;655
9914;655
9916;655
9918;655
9920;655
9922;655
9924;655
9926;655
9928;655
9930;655
9932;655
9934;655
9936;655
9938;655
9940;655
9942;655
9944;655
9946;655
9948;655
9950;655
9952;655
9954;655
9956;655
9958;655
9960;655
9962;655
9964;655
9966;655
9968;655
9970;655
9972;655
9974;655
9976;655
9978;655
9980;655
9982;655
9984;655
9986;655
9988;655
9990;655
9992;655
9994;655
9996;655
9998;655
10000;655
10002;655
10004;655
10006;655
10008;655
10010;655
10012;655
10014;655
10016;655
10018;655
10020;655
10022;655
10024;655
10026;655
10028;655
10030;655
10032;655
10034;655
10036;655
10038;655
10040;655
10042;655
10044;655
10046;655
10048;655
10050;655
10052;655
10054;655
10056;655
10058;655
10060;655
10062;655
10064;655
10066;655
10068;655
10070;655
10072;655
10074;655
10076;655
10078;655
10080;655
10082;655
10084;655
10086;655
10088;655
10090;655
10092;655
10094;655
10096;655
10098;655
10100;655
10102;655
10104;655
10106;655
10108;655
10110;655
10112;655
10114;655
10116;655
10118;655
10120;655
10122;655
10124;655
10126;655
10128;655
10130;655
10132;655
10134;655
10136;655
10138;655
10140;655
10142;655
10144;655
10146;655
10148;655
10150;655
10152;655
10154;655
10156;655
10158;655
10160;655
10162;655
10164;655
10166;655
10168;655
10170;655
10172;655
10174;655
10176;655
10178;655
10180;655
10182;655
10184;655
10186;655
10188;655
10190;655
10192;655
10194;655
10196;655
10198;655
10200;655
10202;655
10204;655
10206;655
10208;655
10210;655
10212;655
10214;655
10216;655
10218;655
10220;655
10222;655
10224;655
10226;655
10228;655
10230;655
10232;655
10234;655
10236;655
10238;655
10240;655
10242;655
10244;655
10246;655
10248;655
10250;655
10252;655
10254;655
10256;655
10258;655
10260;655
10262;655
10264;655
10266;655
10268;655
10270;655
10272;655
10274;655
10276;655
10278;655
10280;655
10282;655
10284;655
10286;655
10288;655
10290;655
10292;655
10294;655
10296;655
10298;655
10300;655
10302;655
10304;655
10306;655
10308;655
10310;655
10312;655
10314;655
10316;655
10318;655
10320;655
10322;655
10324;655
10326;655
10328;655
10330;655
10332;655
10334;655
10336;655
10338;655
10340;655
10342;655
10344;655
10346;655
10348;655
10350;655
10352;655
10354;655
10356;655
10358;655
10360;655
10362;655
10364;655
10366;655
10368;655
10370;655
10372;655
10374;655
10376;655
10378;655
10380;655
10382;655
10384;655
10386;655
10388;655
10390;655
10392;655
10394;655
10396;655
10398;655
10400;655
10402;655
10404;655
10406;655
10408;655
10410;655
10412;655
10414;655
10416;655
10418;655
10420;655
10422;655
10424;655
10426;655
10428;655
10430;655
10432;655
10434;655
10436;655
10438;655
10440;655
10442;655
10444;655
10446;655
10448;655
10450;655
10452;655
10454;655
10456;655
10458;655
10460;655
10462;655
10464;655
10466;655
10468;655
10470;655
10472;655
10474;655
10476;655
10478;655
10480;655
10482;655
10484;655
10486;655
10488;655
10490;655
10492;655
10494;655
10496;655
10498;655
10500;655
10502;655
10504;655
10506;655
10508;655
10510;655
10512;655
10514;655
10516;655
10518;655
10520;655
10522;655
10524;655
10526;655
10528;655
10530;655
10532;655
10534;655
10536;655
10538;655
10540;655
10542;655
10544;655
10546;655
10548;655
10550;655
10552;655
10554;655
10556;655
10558;655
10560;655
10562;655
10564;655
10566;655
10568;655
10570;655
10572;655
10574;655
10576;655
10578;655
10580;655
10582;655
10584;655
10586;655
10588;655
10590;655
10592;655
10594;655
10596;655
10598;655
10600;655
10602;655
10604;655
10606;655
10608;655
10610;655
10612;655
10614;655
10616;655
10618;655
10620;655
10622;655
10624;655
10626;655
10628;655
10630;655
10632;655
10634;655
10636;655
10638;655
10640;655
10642;655
10644;655
10646;655
10648;655
10650;655
10652;655
10654;655
10656;655
10658;655
10660;655
10662;655
10664;655
10666;655
10668;655
10670;655
10672;655
10674;655
10676;655
10678;655
10680;655
10682;655
10684;655
10686;655
10688;655
10690;655
10692;655
10694;655
10696;655
10698;655
10700;655
10702;655
10704;655
10706;655
10708;655
10710;655
10712;655
10714;655
10716;655
10718;655
10720;655
10722;655
10724;655
10726;655
10728;655
10730;655
10732;655
10734;655
10736;655
10738;655
10740;655
10742;655
10744;655
10746;655
10748;655
10750;655
10752;655
10754;655
10756;655
10758;655
10760;655
10762;655
10764;655
10766;655
10768;655
10770;655
10772;655
10774;655
10776;655
10778;655
10780;655
10782;655
10784;655
10786;655
10788;655
10790;655
10792;655
10794;655
10796;655
10798;655
10800;625
10802;625
10804;625
10806;625
10808;625
10810;625
10812;625
10814;625
10816;625
10818;625
10820;625
10822;625
10824;625
10826;625
10828;625
10830;625
10832;625
10834;625
10836;625
10838;625
10840;625
10842;625
10844;625
10846;625
10848;625
10850;625
10852;625
10854;625
10856;625
10858;625
10860;625
10862;625
10864;625
10866;625
10868;625
10870;625
10872;625
10874;625
10876;625
10878;625
10880;625
10882;625
10884;625
10886;625
10888;625
10890;625
10892;625
10894;625
10896;625
10898;625
10900;625
10902;625
10904;625
10906;625
10908;625
10910;625
10912;625
10914;625
10916;625
10918;625
10920;625
10922;625
10924;625
10926;625
10928;625
10930;625
10932;625
10934;625
10936;625
10938;625
10940;625
10942;625
10944;625
10946;625
10948;625
10950;625
10952;625
10954;625
10956;625
10958;625
10960;625
10962;625
10964;625
10966;625
10968;625
10970;625
10972;625
10974;625
10976;625
10978;625
10980;625
10982;625
10984;625
10986;625
10988;625
10990;625
10992;625
10994;625
10996;625
10998;625
11000;625
11002;625
11004;625
11006;625
11008;625
11010;625
11012;625
11014;625
11016;625
11018;625
11020;625
11022;625
11024;625
11026;625
11028;625
11030;625
11032;625
11034;625
11036;625
11038;625
11040;625
11042;625
11044;625
11046;625
11048;625
11050;625
11052;625
11054;625
11056;625
11058;625
11060;625
11062;625
11064;625
11066;625
11068;625
11070;625
11072;625
11074;625
11076;625
11078;625
11080;625
11082;625
11084;625
11086;625
11088;625
11090;625
11092;625
11094;625
11096;625
11098;625
11100;625
11102;625
11104;625
11106;625
11108;625
11110;625
11112;625
11114;625
11116;625
11118;625
11120;625
11122;625
11124;625
11126;625
11128;625
11130;625
11132;625
11134;625
11136;625
11138;625
11140;625
11142;625
11144;625
11146;625
11148;625
11150;625
11152;625
11154;625
11156;625
11158;625
11160;625
11162;625
11164;625
11166;625
11168;625
11170;625
11172;625
11174;625
11176;625
11178;625
11180;625
11182;625
11184;625
11186;625
11188;625
11190;625
11192;625
11194;625
11196;625
11198;625
11200;625
11202;625
11204;625
11206;625
11208;625
11210;625
11212;625
11214;625
11216;625
11218;625
11220;625
11222;625
11224;625
11226;625
11228;625
11230;625
11232;625
11234;625
11236;625
11238;625
11240;625
11242;625
11244;625
11246;625
11248;625
11250;625
11252;625
11254;625
11256;625
11258;625
11260;625
11262;625
11264;625
11266;625
11268;625
11270;625
11272;625
11274;625
11276;625
11278;625
11280;625
11282;625
11284;625
11286;625
11288;625
11290;625
11292;625
11294;625
11296;625
11298;625
11300;625
11302;625
11304;625
11306;625
11308;625
11310;625
11312;625
11314;625
11316;625
11318;625
11320;625
11322;625
11324;625
11326;625
11328;625
11330;625
11332;625
11334;625
11336;625
11338;625
11340;625
11342;625
11344;625
11346;625
11348;625
11350;625
11352;625
11354;625
11356;625
11358;625
11360;625
11362;625
11364;625
11366;625
11368;625
11370;625
11372;625
11374;625
11376;625
11378;625
11380;625
11382;625
11384;625
11386;625
11388;625
11390;625
11392;625
11394;625
11396;625
11398;625
11400;625
11402;625
11404;625
11406;625
11408;625
11410;625
11412;625
11414;625
11416;625
11418;625
11420;625
11422;625
11424;625
11426;625
11428;625
11430;625
11432;625
11434;625
11436;625
11438;625
11440;625
11442;625
11444;625
11446;625
11448;625
11450;625
11452;625
11454;625
11456;625
11458;625
11460;625
11462;625
11464;625
11466;625
11468;625
11470;625
11472;625
11474;625
11476;625
11478;625
11480;625
11482;625
11484;625
11486;625
11488;625
11490;625
11492;625
11494;625
11496;625
11498;625
11500;625
11502;625
11504;625
11506;625
11508;625
11510;625
11512;625
11514;625
11516;625
11518;625
11520;625
11522;625
11524;625
11526;625
11528;625
11530;625
11532;625
11534;625
11536;625
11538;625
11540;625
11542;625
11544;625
11546;625
11548;625
11550;625
11552;625
11554;625
11556;625
11558;625
11560;625
11562;625
11564;625
11566;625
11568;625
11570;625
11572;625
11574;625
11576;625
11578;625
11580;625
11582;625
11584;625
11586;625
11588;625
11590;625
11592;625
11594;625
11596;625
11598;625
11600;625
11602;625
11604;625
11606;625
11608;625
11610;625
11612;625
11614;625
11616;625
11618;625
11620;625
11622;625
11624;625
11626;625
11628;625
11630;625
11632;625
11634;625
11636;625
11638;625
11640;625
11642;625
11644;625
11646;625
11648;625
11650;625
11652;625
11654;625
11656;625
11658;625
11660;625
11662;625
11664;625
11666;625
11668;625
11670;625
11672;625
11674;625
11676;625
11678;625
11680;625
11682;625
11684;625
11686;625
11688;625
11690;625
11692;625
11694;625
11696;625
11698;625
11700;627
11702;627
11704;627
11706;627
11708;627
11710;627
11712;627
11714;627
11716;627
11718;627
11720;627
11722;627
11724;627
11726;627
11728;627
11730;627
11732;627
11734;627
11736;627
11738;627
11740;627
11742;627
11744;627
11746;627
11748;627
11750;627
11752;627
11754;627
11756;627
11758;627
11760;627
11762;627
11764;627
11766;627
11768;627
11770;627
11772;627
11774;627
11776;627
11778;627
11780;627
11782;627
11784;627
11786;627
11788;627
11790;627
11792;627
11794;627
11796;627
11798;627
11800;627
11802;627
11804;627
11806;627
11808;627
11810;627
11812;627
11814;627
11816;627
11818;627
11820;627
11822;627
11824;627
11826;627
11828;627
11830;627
11832;627
11834;627
11836;627
11838;627
11840;627
11842;627
11844;627
11846;627
11848;627
11850;627
11852;627
11854;627
11856;627
11858;627
11860;627
11862;627
11864;627
11866;627
11868;627
11870;627
11872;627
11874;627
11876;627
11878;627
11880;627
11882;627
11884;627
11886;627
11888;627
11890;627
11892;627
11894;627
11896;627
11898;627
11900;627
11902;627
11904;627
11906;627
11908;627
11910;627
11912;627
11914;627
11916;627
11918;627
11920;627
11922;627
11924;627
11926;627
11928;627
11930;627
11932;627
11934;627
11936;627
11938;627
11940;627
11942;627
11944;627
11946;627
11948;627
11950;627
11952;627
11954;627
11956;627
11958;627
11960;627
11962;627
11964;627
11966;627
11968;627
11970;627
11972;627
11974;627
11976;627
11978;627
11980;627
11982;627
11984;627
11986;627
11988;627
11990;627
11992;627
11994;627
11996;627
11998;627
12000;627
12002;627
12004;627
12006;627
12008;627
12010;627
12012;627
12014;627
12016;627
12018;627
12020;627
12022;627
12024;627
12026;627
12028;627
12030;627
12032;627
12034;627
12036;627
12038;627
12040;627
12042;627
12044;627
12046;627
12048;627
12050;627
12052;627
12054;627
12056;627
12058;627
12060;627
12062;627
12064;627
12066;627
12068;627
12070;627
12072;627
12074;627
12076;627
12078;627
12080;627
12082;627
12084;627
12086;627
12088;627
12090;627
12092;627
12094;627
12096;627
12098;627
12100;627
12102;627
12104;627
12106;627
12108;627
12110;627
12112;627
12114;627
12116;627
12118;627
12120;627
12122;627
12124;627
12126;627
12128;627
12130;627
12132;627
12134;627
12136;627
12138;627
12140;627
12142;627
12144;627
12146;627
12148;627
12150;627
12152;627
12154;627
12156;627
12158;627
12160;627
12162;627
12164;627
12166;627
12168;627
12170;627
12172;627
12174;627
12176;627
12178;627
12180;627
12182;627
12184;627
12186;627
12188;627
12190;627
12192;627
12194;627
12196;627
12198;627
12200;627
12202;627
12204;627
12206;627
12208;627
12210;627
12212;627
12214;627
12216;627
12218;627
12220;627
12222;627
12224;627
12226;627
12228;627
12230;627
12232;627
12234;627
12236;627
12238;627
12240;627
12242;627
12244;627
12246;627
12248;627
12250;627
12252;627
12254;627
12256;627
12258;627
12260;627
12262;627
12264;627
12266;627
12268;627
12270;627
12272;627
12274;627
12276;627
12278;627
12280;627
12282;627
12284;627
12286;627
12288;627
12290;627
12292;627
12294;627
12296;627
12298;627
12300;627
12302;627
12304;627
12306;627
12308;627
12310;627
12312;627
12314;627
12316;627
12318;627
12320;627
12322;627
12324;627
12326;627
12328;627
12330;627
12332;627
12334;627
12336;627
12338;627
12340;627
12342;627
12344;627
12346;627
12348;627
12350;627
12352;627
12354;627
12356;627
12358;627
12360;627
12362;627
12364;627
12366;627
12368;627
12370;627
12372;627
12374;627
12376;627
12378;627
12380;627
12382;627
12384;627
12386;627
12388;627
12390;627
12392;627
12394;627
12396;627
12398;627
12400;627
12402;627
12404;627
12406;627
12408;627
12410;627
12412;627
12414;627
12416;627
12418;627
12420;627
12422;627
12424;627
12426;627
12428;627
12430;627
12432;627
12434;627
12436;627
12438;627
12440;627
12442;627
12444;627
12446;627
12448;627
12450;627
12452;627
12454;627
12456;627
12458;627
12460;627
12462;627
12464;627
12466;627
12468;627
12470;627
12472;627
12474;627
12476;627
12478;627
12480;627
12482;627
12484;627
12486;627
12488;627
12490;627
12492;627
12494;627
12496;627
12498;627
12500;627
12502;627
12504;627
12506;627
12508;627
12510;627
12512;627
12514;627
12516;627
12518;627
12520;627
12522;627
12524;627
12526;627
12528;627
12530;627
12532;627
12534;627
12536;627
12538;627
12540;627
12542;627
12544;627
12546;627
12548;627
12550;627
12552;627
12554;627
12556;627
12558;627
12560;627
12562;627
12564;627
12566;627
12568;627
12570;627
12572;627
12574;627
12576;627
12578;627
12580;627
12582;627
12584;627
12586;627
12588;627
12590;627
12592;627
12594;627
12596;627
12598;627
12600;620
12602;620
12604;620
12606;620
12608;620
12610;620
12612;620
12614;620
12616;620
12618;620
12620;620
12622;620
12624;620
12626;620
12628;620
12630;620
12632;620
12634;620
12636;620
12638;620
12640;620
12642;620
12644;620
12646;620
12648;620
12650;620
12652;620
12654;620
12656;620
12658;620
12660;620
12662;620
12664;620
12666;620
12668;620
12670;620
12672;620
12674;620
12676;620
12678;620
12680;620
12682;620
12684;620
12686;620
12688;620
12690;620
12692;620
12694;620
12696;620
12698;620
12700;620
12702;620
12704;620
12706;620
12708;620
12710;620
12712;620
12714;620
12716;620
12718;620
12720;620
12722;620
12724;620
12726;620
12728;620
12730;620
12732;620
12734;620
12736;620
12738;620
12740;620
12742;620
12744;620
12746;620
12748;620
12750;620
12752;620
12754;620
12756;620
12758;620
12760;620
12762;620
12764;620
12766;620
12768;620
12770;620
12772;620
12774;620
12776;620
12778;620
12780;620
12782;620
12784;620
12786;620
12788;620
12790;620
12792;620
12794;620
12796;620
12798;620
12800;620
12802;620
12804;620
12806;620
12808;620
12810;620
12812;620
12814;620
12816;620
12818;620
12820;620
12822;620
12824;620
12826;620
12828;620
12830;620
12832;620
12834;620
12836;620
12838;620
12840;620
12842;620
12844;620
12846;620
12848;620
12850;620
12852;620
12854;620
12856;620
12858;620
12860;620
12862;620
12864;620
12866;620
12868;620
12870;620
12872;620
12874;620
12876;620
12878;620
12880;620
12882;620
12884;620
12886;620
12888;620
12890;620
12892;620
12894;620
12896;620
12898;620
12900;620
12902;620
12904;620
12906;620
12908;620
12910;620
12912;620
12914;620
12916;620
12918;620
12920;620
12922;620
12924;620
12926;620
12928;620
12930;620
12932;620
12934;620
12936;620
12938;620
12940;620
12942;620
12944;620
12946;620
12948;620
12950;620
12952;620
12954;620
12956;620
12958;620
12960;620
12962;620
12964;620
12966;620
12968;620
12970;620
12972;620
12974;620
12976;620
12978;620
12980;620
12982;620
12984;620
12986;620
12988;620
12990;620
12992;620
12994;620
12996;620
12998;620
13000;620
13002;620
13004;620
13006;620
13008;620
13010;620
13012;620
13014;620
13016;620
13018;620
13020;620
13022;620
13024;620
13026;620
13028;620
13030;620
13032;620
13034;620
13036;620
13038;620
13040;620
13042;620
13044;620
13046;620
13048;620
13050;620
13052;620
13054;620
13056;620
13058;620
13060;620
13062;620
13064;620
13066;620
13068;620
13070;620
13072;620
13074;620
13076;620
13078;620
13080;620
13082;620
13084;620
13086;620
13088;620
13090;620
13092;620
13094;620
13096;620
13098;620
13100;620
13102;620
13104;620
13106;620
13108;620
13110;620
13112;620
13114;620
13116;620
13118;620
13120;620
13122;620
13124;620
13126;620
13128;620
13130;620
13132;620
13134;620
13136;620
13138;620
13140;620
13142;620
13144;620
13146;620
13148;620
13150;620
13152;620
13154;620
13156;620
13158;620
13160;620
13162;620
13164;620
13166;620
13168;620
13170;620
13172;620
13174;620
13176;620
13178;620
13180;620
13182;620
13184;620
13186;620
13188;620
13190;620
13192;620
13194;620
13196;620
13198;620
13200;620
13202;620
13204;620
13206;620
13208;620
13210;620
13212;620
13214;620
13216;620
13218;620
13220;620
13222;620
13224;620
13226;620
13228;620
13230;620
13232;620
13234;620
13236;620
13238;620
13240;620
13242;620
13244;620
13246;620
13248;620
13250;620
13252;620
13254;620
13256;620
13258;620
13260;620
13262;620
13264;620
13266;620
13268;620
13270;620
13272;620
13274;620
13276;620
13278;620
13280;620
13282;620
13284;620
13286;620
13288;620
13290;620
13292;620
13294;620
13296;620
13298;620
13300;620
13302;620
13304;620
13306;620
13308;620
13310;620
13312;620
13314;620
13316;620
13318;620
13320;620
13322;620
13324;620
13326;620
13328;620
13330;620
13332;620
13334;620
13336;620
13338;620
13340;620
13342;620
13344;620
13346;620
13348;620
13350;620
13352;620
13354;620
13356;620
13358;620
13360;620
13362;620
13364;620
13366;620
13368;620
13370;620
13372;620
13374;620
13376;620
13378;620
13380;620
13382;620
13384;620
13386;620
13388;620
13390;620
13392;620
13394;620
13396;620
13398;620
13400;620
13402;620
13404;620
13406;620
13408;620
13410;620
13412;620
13414;620
13416;620
13418;620
13420;620
13422;620
13424;620
13426;620
13428;620
13430;620
13432;620
13434;620
13436;620
13438;620
13440;620
13442;620
13444;620
13446;620
13448;620
13450;620
13452;620
13454;620
13456;620
13458;620
13460;620
13462;620
13464;620
13466;620
13468;620
13470;620
13472;620
13474;620
13476;620
13478;620
13480;620
13482;620
13484;620
13486;620
13488;620
13490;620
13492;620
13494;620
13496;620
13498;620
13500;779
13502;779
13504;779
13506;779
13508;779
13510;779
13512;779
13514;779
13516;779
13518;779
13520;779
13522;779
13524;779
13526;779
13528;779
13530;779
13532;779
13534;779
13536;779
13538;779
13540;779
13542;779
13544;779
13546;779
13548;779
13550;779
13552;779
13554;779
13556;779
13558;779
13560;779
13562;779
13564;779
13566;779
13568;779
13570;779
13572;779
13574;779
13576;779
13578;779
13580;779
13582;779
13584;779
13586;779
13588;779
13590;779
13592;779
13594;779
13596;779
13598;779
13600;779
13602;779
13604;779
13606;779
13608;779
13610;779
13612;779
13614;779
13616;779
13618;779
13620;779
13622;779
13624;779
13626;779
13628;779
13630;779
13632;779
13634;779
13636;779
13638;779
13640;779
13642;779
13644;779
13646;779
13648;779
13650;779
13652;779
13654;779
13656;779
13658;779
13660;779
13662;779
13664;779
13666;779
13668;779
13670;779
13672;779
13674;779
13676;779
13678;779
13680;779
13682;779
13684;779
13686;779
13688;779
13690;779
13692;779
13694;779
13696;779
13698;779
13700;779
13702;779
13704;779
13706;779
13708;779
13710;779
13712;779
13714;779
13716;779
13718;779
13720;779
13722;779
13724;779
13726;779
13728;779
13730;779
13732;779
13734;779
13736;779
13738;779
13740;779
13742;779
13744;779
13746;779
13748;779
13750;779
13752;779
13754;779
13756;779
13758;779
13760;779
13762;779
13764;779
13766;779
13768;779
13770;779
13772;779
13774;779
13776;779
13778;779
13780;779
13782;779
13784;779
13786;779
13788;779
13790;779
13792;779
13794;779
13796;779
13798;779
13800;779
13802;779
13804;779
13806;779
13808;779
13810;779
13812;779
13814;779
13816;779
13818;779
13820;779
13822;779
13824;779
13826;779
13828;779
13830;779
13832;779
13834;779
13836;779
13838;779
13840;779
13842;779
13844;779
13846;779
13848;779
13850;779
13852;779
13854;779
13856;779
13858;779
13860;779
13862;779
13864;779
13866;779
13868;779
13870;779
13872;779
13874;779
13876;779
13878;779
13880;779
13882;779
13884;779
13886;779
13888;779
13890;779
13892;779
13894;779
13896;779
13898;779
13900;779
13902;779
13904;779
13906;779
13908;779
13910;779
13912;779
13914;779
13916;779
13918;779
13920;779
13922;779
13924;779
13926;779
13928;779
13930;779
13932;779
13934;779
13936;779
13938;779
13940;779
13942;779
13944;779
13946;779
13948;779
13950;779
13952;779
13954;779
13956;779
13958;779
13960;779
13962;779
13964;779
13966;779
13968;779
13970;779
13972;779
13974;779
13976;779
13978;779
13980;779
13982;779
13984;779
13986;779
13988;779
13990;779
13992;779
13994;779
13996;779
13998;779
14000;779
14002;779
14004;779
14006;779
14008;779
14010;779
14012;779
14014;779
14016;779
14018;779
14020;779
14022;779
14024;779
14026;779
14028;779
14030;779
14032;779
14034;779
14036;779
14038;779
14040;779
14042;779
14044;779
14046;779
14048;779
14050;779
14052;779
14054;779
14056;779
14058;779
14060;779
14062;779
14064;779
14066;779
14068;779
14070;779
14072;779
14074;779
14076;779
14078;779
14080;779
14082;779
14084;779
14086;779
14088;779
14090;779
14092;779
14094;779
14096;779
14098;779
14100;779
14102;779
14104;779
14106;779
14108;779
14110;779
14112;779
14114;779
14116;779
14118;779
14120;779
14122;779
14124;779
14126;779
14128;779
14130;779
14132;779
14134;779
14136;779
14138;779
14140;779
14142;779
14144;779
14146;779
14148;779
14150;779
14152;779
14154;779
14156;779
14158;779
14160;779
14162;779
14164;779
14166;779
14168;779
14170;779
14172;779
14174;779
14176;779
14178;779
14180;779
14182;779
14184;779
14186;779
14188;779
14190;779
14192;779
14194;779
14196;779
14198;779
14200;779
14202;779
14204;779
14206;779
14208;779
14210;779
14212;779
14214;779
14216;779
14218;779
14220;779
14222;779
14224;779
14226;779
14228;779
14230;779
14232;779
14234;779
14236;779
14238;779
14240;779
14242;779
14244;779
14246;779
14248;779
14250;779
14252;779
14254;779
14256;779
14258;779
14260;779
14262;779
14264;779
14266;779
14268;779
14270;779
14272;779
14274;779
14276;779
14278;779
14280;779
14282;779
14284;779
14286;779
14288;779
14290;779
14292;779
14294;779
14296;779
14298;779
14300;779
14302;779
14304;779
14306;779
14308;779
14310;779
14312;779
14314;779
14316;779
14318;779
14320;779
14322;779
14324;779
14326;779
14328;779
14330;779
14332;779
14334;779
14336;779
14338;779
14340;779
14342;779
14344;779
14346;779
14348;779
14350;779
14352;779
14354;779
14356;779
14358;779
14360;779
14362;779
14364;779
14366;779
14368;779
14370;779
14372;779
14374;779
14376;779
14378;779
14380;779
14382;779
14384;779
14386;779
14388;779
14390;779
14392;779
14394;779
14396;779
14398;779
14400;529
14402;529
14404;529
14406;529
14408;529
14410;529
14412;529
14414;529
14416;529
14418;529
14420;529
14422;529
14424;529
14426;529
14428;529
14430;529
14432;529
14434;529
14436;529
14438;529
14440;529
14442;529
14444;529
14446;529
14448;529
14450;529
14452;529
14454;529
14456;529
14458;529
14460;529
14462;529
14464;529
14466;529
14468;529
14470;529
14472;529
14474;529
14476;529
14478;529
14480;529
14482;529
14484;529
14486;529
14488;529
14490;529
14492;529
14494;529
14496;529
14498;529
14500;529
14502;529
14504;529
14506;529
14508;529
14510;529
14512;529
14514;529
14516;529
14518;529
14520;529
14522;529
14524;529
14526;529
14528;529
14530;529
14532;529
14534;529
14536;529
14538;529
14540;529
14542;529
14544;529
14546;529
14548;529
14550;529
14552;529
14554;529
14556;529
14558;529
14560;529
14562;529
14564;529
14566;529
14568;529
14570;529
14572;529
14574;529
14576;529
14578;529
14580;529
14582;529
14584;529
14586;529
14588;529
14590;529
14592;529
14594;529
14596;529
14598;529
14600;529
14602;529
14604;529
14606;529
14608;529
14610;529
14612;529
14614;529
14616;529
14618;529
14620;529
14622;529
14624;529
14626;529
14628;529
14630;529
14632;529
14634;529
14636;529
14638;529
14640;529
14642;529
14644;529
14646;529
14648;529
14650;529
14652;529
14654;529
14656;529
14658;529
14660;529
14662;529
14664;529
14666;529
14668;529
14670;529
14672;529
14674;529
14676;529
14678;529
14680;529
14682;529
14684;529
14686;529
14688;529
14690;529
14692;529
14694;529
14696;529
14698;529
14700;529
14702;529
14704;529
14706;529
14708;529
14710;529
14712;529
14714;529
14716;529
14718;529
14720;529
14722;529
14724;529
14726;529
14728;529
14730;529
14732;529
14734;529
14736;529
14738;529
14740;529
14742;529
14744;529
14746;529
14748;529
14750;529
14752;529
14754;529
14756;529
14758;529
14760;529
14762;529
14764;529
14766;529
14768;529
14770;529
14772;529
14774;529
14776;529
14778;529
14780;529
14782;529
14784;529
14786;529
14788;529
14790;529
14792;529
14794;529
14796;529
14798;529
14800;529
14802;529
14804;529
14806;529
14808;529
14810;529
14812;529
14814;529
14816;529
14818;529
14820;529
14822;529
14824;529
14826;529
14828;529
14830;529
14832;529
14834;529
14836;529
14838;529
14840;529
14842;529
14844;529
14846;529
14848;529
14850;529
14852;529
14854;529
14856;529
14858;529
14860;529
14862;529
14864;529
14866;529
14868;529
14870;529
14872;529
14874;529
14876;529
14878;529
14880;529
14882;529
14884;529
14886;529
14888;529
14890;529
14892;529
14894;529
14896;529
14898;529
14900;529
14902;529
14904;529
14906;529
14908;529
14910;529
14912;529
14914;529
14916;529
14918;529
14920;529
14922;529
14924;529
14926;529
14928;529
14930;529
14932;529
14934;529
14936;529
14938;529
14940;529
14942;529
14944;529
14946;529
14948;529
14950;529
14952;529
14954;529
14956;529
14958;529
14960;529
14962;529
14964;529
14966;529
14968;529
14970;529
14972;529
14974;529
14976;529
14978;529
14980;529
14982;529
14984;529
14986;529
14988;529
14990;529
14992;529
14994;529
14996;529
14998;529
15000;529
15002;529
15004;529
15006;529
15008;529
15010;529
15012;529
15014;529
15016;529
15018;529
15020;529
15022;529
15024;529
15026;529
15028;529
15030;529
15032;529
15034;529
15036;529
15038;529
15040;529
15042;529
15044;529
15046;529
15048;529
15050;529
15052;529
15054;529
15056;529
15058;529
15060;529
15062;529
15064;529
15066;529
15068;529
15070;529
15072;529
15074;529
15076;529
15078;529
15080;529
15082;529
15084;529
15086;529
15088;529
15090;529
15092;529
15094;529
15096;529
15098;529
15100;529
15102;529
15104;529
15106;529
15108;529
15110;529
15112;529
15114;529
15116;529
15118;529
15120;529
15122;529
15124;529
15126;529
15128;529
15130;529
15132;529
15134;529
15136;529
15138;529
15140;529
15142;529
15144;529
15146;529
15148;529
15150;529
15152;529
15154;529
15156;529
15158;529
15160;529
15162;529
15164;529
15166;529
15168;529
15170;529
15172;529
15174;529
15176;529
15178;529
15180;529
15182;529
15184;529
15186;529
15188;529
15190;529
15192;529
15194;529
15196;529
15198;529
15200;529
15202;529
15204;529
15206;529
15208;529
15210;529
15212;529
15214;529
15216;529
15218;529
15220;529
15222;529
15224;529
15226;529
15228;529
15230;529
15232;529
15234;529
15236;529
15238;529
15240;529
15242;529
15244;529
15246;529
15248;529
15250;529
15252;529
15254;529
15256;529
15258;529
15260;529
15262;529
15264;529
15266;529
15268;529
15270;529
15272;529
15274;529
15276;529
15278;529
15280;529
15282;529
15284;529
15286;529
15288;529
15290;529
15292;529
15294;529
15296;529
15298;529
15300;626
15302;626
15304;626
15306;626
15308;626
15310;626
15312;626
15314;626
15316;626
15318;626
15320;626
15322;626
15324;626
15326;626
15328;626
15330;626
15332;626
15334;626
15336;626
15338;626
15340;626
15342;626
15344;626
15346;626
15348;626
15350;626
15352;626
15354;626
15356;626
15358;626
15360;626
15362;626
15364;626
15366;626
15368;626
15370;626
15372;626
15374;626
15376;626
15378;626
15380;626
15382;626
15384;626
15386;626
15388;626
15390;626
15392;626
15394;626
15396;626
15398;626
15400;626
15402;626
15404;626
15406;626
15408;626
15410;626
15412;626
15414;626
15416;626
15418;626
15420;626
15422;626
15424;626
15426;626
15428;626
15430;626
15432;626
15434;626
15436;626
15438;626
15440;626
15442;626
15444;626
15446;626
15448;626
15450;626
15452;626
15454;626
15456;626
15458;626
15460;626
15462;626
15464;626
15466;626
15468;626
15470;626
15472;626
15474;626
15476;626
15478;626
15480;626
15482;626
15484;626
15486;626
15488;626
15490;626
15492;626
15494;626
15496;626
15498;626
15500;626
15502;626
15504;626
15506;626
15508;626
15510;626
15512;626
15514;626
15516;626
15518;626
15520;626
15522;626
15524;626
15526;626
15528;626
15530;626
15532;626
15534;626
15536;626
15538;626
15540;626
15542;626
15544;626
15546;626
15548;626
15550;626
15552;626
15554;626
15556;626
15558;626
15560;626
15562;626
15564;626
15566;626
15568;626
15570;626
15572;626
15574;626
15576;626
15578;626
15580;626
15582;626
15584;626
15586;626
15588;626
15590;626
15592;626
15594;626
15596;626
15598;626
15600;626
15602;626
15604;626
15606;626
15608;626
15610;626
15612;626
15614;626
15616;626
15618;626
15620;626
15622;626
15624;626
15626;626
15628;626
15630;626
15632;626
15634;626
15636;626
15638;626
15640;626
15642;626
15644;626
15646;626
15648;626
15650;626
15652;626
15654;626
15656;626
15658;626
15660;626
15662;626
15664;626
15666;626
15668;626
15670;626
15672;626
15674;626
15676;626
15678;626
15680;626
15682;626
15684;626
15686;626
15688;626
15690;626
15692;626
15694;626
15696;626
15698;626
15700;626
15702;626
15704;626
15706;626
15708;626
15710;626
15712;626
15714;626
15716;626
15718;626
15720;626
15722;626
15724;626
15726;626
15728;626
15730;626
15732;626
15734;626
15736;626
15738;626
15740;626
15742;626
15744;626
15746;626
15748;626
15750;626
15752;626
15754;626
15756;626
15758;626
15760;626
15762;626
15764;626
15766;626
15768;626
15770;626
15772;626
15774;626
15776;626
15778;626
15780;626
15782;626
15784;626
15786;626
15788;626
15790;626
15792;626
15794;626
15796;626
15798;626
15800;626
15802;626
15804;626
15806;626
15808;626
15810;626
15812;626
15814;626
15816;626
15818;626
15820;626
15822;626
15824;626
15826;626
15828;626
15830;626
15832;626
15834;626
15836;626
15838;626
15840;626
15842;626
15844;626
15846;626
15848;626
15850;626
15852;626
15854;626
15856;626
15858;626
15860;626
15862;626
15864;626
15866;626
15868;626
15870;626
15872;626
15874;626
15876;626
15878;626
15880;626
15882;626
15884;626
15886;626
15888;626
15890;626
15892;626
15894;626
15896;626
15898;626
15900;626
15902;626
15904;626
15906;626
15908;626
15910;626
15912;626
15914;626
15916;626
15918;626
15920;626
15922;626
15924;626
15926;626
15928;626
15930;626
15932;626
15934;626
15936;626
15938;626
15940;626
15942;626
15944;626
15946;626
15948;626
15950;626
15952;626
15954;626
15956;626
15958;626
15960;626
15962;626
15964;626
15966;626
15968;626
15970;626
15972;626
15974;626
15976;626
15978;626
15980;626
15982;626
15984;626
15986;626
15988;626
15990;626
15992;626
15994;626
15996;626
15998;626
16000;626
16002;626
16004;626
16006;626
16008;626
16010;626
16012;626
16014;626
16016;626
16018;626
16020;626
16022;626
16024;626
16026;626
16028;626
16030;626
16032;626
16034;626
16036;626
16038;626
16040;626
16042;626
16044;626
16046;626
16048;626
16050;626
16052;626
16054;626
16056;626
16058;626
16060;626
16062;626
16064;626
16066;626
16068;626
16070;626
16072;626
16074;626
16076;626
16078;626
16080;626
16082;626
16084;626
16086;626
16088;626
16090;626
16092;626
16094;626
16096;626
16098;626
16100;626
16102;626
16104;626
16106;626
16108;626
16110;626
16112;626
16114;626
16116;626
16118;626
16120;626
16122;626
16124;626
16126;626
16128;626
16130;626
16132;626
16134;626
16136;626
16138;626
16140;626
16142;626
16144;626
16146;626
16148;626
16150;626
16152;626
16154;626
16156;626
16158;626
16160;626
16162;626
16164;626
16166;626
16168;626
16170;626
16172;626
16174;626
16176;626
16178;626
16180;626
16182;626
16184;626
16186;626
16188;626
16190;626
16192;626
16194;626
16196;626
16198;626
16200;733
16202;733
16204;733
16206;733
16208;733
16210;733
16212;733
16214;733
16216;733
16218;733
16220;733
16222;733
16224;733
16226;733
16228;733
16230;733
16232;733
16234;733
16236;733
16238;733
16240;733
16242;733
16244;733
16246;733
16248;733
16250;733
16252;733
16254;733
16256;733
16258;733
16260;733
16262;733
16264;733
16266;733
16268;733
16270;733
16272;733
16274;733
16276;733
16278;733
16280;733
16282;733
16284;733
16286;733
16288;733
16290;733
16292;733
16294;733
16296;733
16298;733
16300;733
16302;733
16304;733
16306;733
16308;733
16310;733
16312;733
16314;733
16316;733
16318;733
16320;733
16322;733
16324;733
16326;733
16328;733
16330;733
16332;733
16334;733
16336;733
16338;733
16340;733
16342;733
16344;733
16346;733
16348;733
16350;733
16352;733
16354;733
16356;733
16358;733
16360;733
16362;733
16364;733
16366;733
16368;733
16370;733
16372;733
16374;733
16376;733
16378;733
16380;733
16382;733
16384;733
16386;733
16388;733
16390;733
16392;733
16394;733
16396;733
16398;733
16400;733
16402;733
16404;733
16406;733
16408;733
16410;733
16412;733
16414;733
16416;733
16418;733
16420;733
16422;733
16424;733
16426;733
16428;733
16430;733
16432;733
16434;733
16436;733
16438;733
16440;733
16442;733
16444;733
16446;733
16448;733
16450;733
16452;733
16454;733
16456;733
16458;733
16460;733
16462;733
16464;733
16466;733
16468;733
16470;733
16472;733
16474;733
16476;733
16478;733
16480;733
16482;733
16484;733
16486;733
16488;733
16490;733
16492;733
16494;733
16496;733
16498;733
16500;733
16502;733
16504;733
16506;733
16508;733
16510;733
16512;733
16514;733
16516;733
16518;733
16520;733
16522;733
16524;733
16526;733
16528;733
16530;733
16532;733
16534;733
16536;733
16538;733
16540;733
16542;733
16544;733
16546;733
16548;733
16550;733
16552;733
16554;733
16556;733
16558;733
16560;733
16562;733
16564;733
16566;733
16568;733
16570;733
16572;733
16574;733
16576;733
16578;733
16580;733
16582;733
16584;733
16586;733
16588;733
16590;733
16592;733
16594;733
16596;733
16598;733
16600;733
16602;733
16604;733
16606;733
16608;733
16610;733
16612;733
16614;733
16616;733
16618;733
16620;733
16622;733
16624;733
16626;733
16628;733
16630;733
16632;733
16634;733
16636;733
16638;733
16640;733
16642;733
16644;733
16646;733
16648;733
16650;733
16652;733
16654;733
16656;733
16658;733
16660;733
16662;733
16664;733
16666;733
16668;733
16670;733
16672;733
16674;733
16676;733
16678;733
16680;733
16682;733
16684;733
16686;733
16688;733
16690;733
16692;733
16694;733
16696;733
16698;733
16700;733
16702;733
16704;733
16706;733
16708;733
16710;733
16712;733
16714;733
16716;733
16718;733
16720;733
16722;733
16724;733
16726;733
16728;733
16730;733
16732;733
16734;733
16736;733
16738;733
16740;733
16742;733
16744;733
16746;733
16748;733
16750;733
16752;733
16754;733
16756;733
16758;733
16760;733
16762;733
16764;733
16766;733
16768;733
16770;733
16772;733
16774;733
16776;733
16778;733
16780;733
16782;733
16784;733
16786;733
16788;733
16790;733
16792;733
16794;733
16796;733
16798;733
16800;733
16802;733
16804;733
16806;733
16808;733
16810;733
16812;733
16814;733
16816;733
16818;733
16820;733
16822;733
16824;733
16826;733
16828;733
16830;733
16832;733
16834;733
16836;733
16838;733
16840;733
16842;733
16844;733
16846;733
16848;733
16850;733
16852;733
16854;733
16856;733
16858;733
16860;733
16862;733
16864;733
16866;733
16868;733
16870;733
16872;733
16874;733
16876;733
16878;733
16880;733
16882;733
16884;733
16886;733
16888;733
16890;733
16892;733
16894;733
16896;733
16898;733
16900;733
16902;733
16904;733
16906;733
16908;733
16910;733
16912;733
16914;733
16916;733
16918;733
16920;733
16922;733
16924;733
16926;733
16928;733
16930;733
16932;733
16934;733
16936;733
16938;733
16940;733
16942;733
16944;733
16946;733
16948;733
16950;733
16952;733
16954;733
16956;733
16958;733
16960;733
16962;733
16964;733
16966;733
16968;733
16970;733
16972;733
16974;733
16976;733
16978;733
16980;733
16982;733
16984;733
16986;733
16988;733
16990;733
16992;733
16994;733
16996;733
16998;733
17000;733
17002;733
17004;733
17006;733
17008;733
17010;733
17012;733
17014;733
17016;733
17018;733
17020;733
17022;733
17024;733
17026;733
17028;733
17030;733
17032;733
17034;733
17036;733
17038;733
17040;733
17042;733
17044;733
17046;733
17048;733
17050;733
17052;733
17054;733
17056;733
17058;733
17060;733
17062;733
17064;733
17066;733
17068;733
17070;733
17072;733
17074;733
17076;733
17078;733
17080;733
17082;733
17084;733
17086;733
17088;733
17090;733
17092;733
17094;733
17096;733
17098;733
17100;577
17102;577
17104;577
17106;577
17108;577
17110;577
17112;577
17114;577
17116;577
17118;577
17120;577
17122;577
17124;577
17126;577
17128;577
17130;577
17132;577
17134;577
17136;577
17138;577
17140;577
17142;577
17144;577
17146;577
17148;577
17150;577
17152;577
17154;577
17156;577
17158;577
17160;577
17162;577
17164;577
17166;577
17168;577
17170;577
17172;577
17174;577
17176;577
17178;577
17180;577
17182;577
17184;577
17186;577
17188;577
17190;577
17192;577
17194;577
17196;577
17198;577
17200;577
17202;577
17204;577
17206;577
17208;577
17210;577
17212;577
17214;577
17216;577
17218;577
17220;577
17222;577
17224;577
17226;577
17228;577
17230;577
17232;577
17234;577
17236;577
17238;577
17240;577
17242;577
17244;577
17246;577
17248;577
17250;577
17252;577
17254;577
17256;577
17258;577
17260;577
17262;577
17264;577
17266;577
17268;577
17270;577
17272;577
17274;577
17276;577
17278;577
17280;577
17282;577
17284;577
17286;577
17288;577
17290;577
17292;577
17294;577
17296;577
17298;577
17300;577
17302;577
17304;577
17306;577
17308;577
17310;577
17312;577
17314;577
17316;577
17318;577
17320;577
17322;577
17324;577
17326;577
17328;577
17330;577
17332;577
17334;577
17336;577
17338;577
17340;577
17342;577
17344;577
17346;577
17348;577
17350;577
17352;577
17354;577
17356;577
17358;577
17360;577
17362;577
17364;577
17366;577
17368;577
17370;577
17372;577
17374;577
17376;577
17378;577
17380;577
17382;577
17384;577
17386;577
17388;577
17390;577
17392;577
17394;577
17396;577
17398;577
17400;577
17402;577
17404;577
17406;577
17408;577
17410;577
17412;577
17414;577
17416;577
17418;577
17420;577
17422;577
17424;577
17426;577
17428;577
17430;577
17432;577
17434;577
17436;577
17438;577
17440;577
17442;577
17444;577
17446;577
17448;577
17450;577
17452;577
17454;577
17456;577
17458;577
17460;577
17462;577
17464;577
17466;577
17468;577
17470;577
17472;577
17474;577
17476;577
17478;577
17480;577
17482;577
17484;577
17486;577
17488;577
17490;577
17492;577
17494;577
17496;577
17498;577
17500;577
17502;577
17504;577
17506;577
17508;577
17510;577
17512;577
17514;577
17516;577
17518;577
17520;577
17522;577
17524;577
17526;577
17528;577
17530;577
17532;577
17534;577
17536;577
17538;577
17540;577
17542;577
17544;577
17546;577
17548;577
17550;577
17552;577
17554;577
17556;577
17558;577
17560;577
17562;577
17564;577
17566;577
17568;577
17570;577
17572;577
17574;577
17576;577
17578;577
17580;577
17582;577
17584;577
17586;577
17588;577
17590;577
17592;577
17594;577
17596;577
17598;577
17600;577
17602;577
17604;577
17606;577
17608;577
17610;577
17612;577
17614;577
17616;577
17618;577
17620;577
17622;577
17624;577
17626;577
17628;577
17630;577
17632;577
17634;577
17636;577
17638;577
17640;577
17642;577
17644;577
17646;577
17648;577
17650;577
17652;577
17654;577
17656;577
17658;577
17660;577
17662;577
17664;577
17666;577
17668;577
17670;577
17672;577
17674;577
17676;577
17678;577
17680;577
17682;577
17684;577
17686;577
17688;577
17690;577
17692;577
17694;577
17696;577
17698;577
17700;577
17702;577
17704;577
17706;577
17708;577
17710;577
17712;577
17714;577
17716;577
17718;577
17720;577
17722;577
17724;577
17726;577
17728;577
17730;577
17732;577
17734;577
17736;577
17738;577
17740;577
17742;577
17744;577
17746;577
17748;577
17750;577
17752;577
17754;577
17756;577
17758;577
17760;577
17762;577
17764;577
17766;577
17768;577
17770;577
17772;577
17774;577
17776;577
17778;577
17780;577
17782;577
17784;577
17786;577
17788;577
17790;577
17792;577
17794;577
17796;577
17798;577
17800;577
17802;577
17804;577
17806;577
17808;577
17810;577
17812;577
17814;577
17816;577
17818;577
17820;577
17822;577
17824;577
17826;577
17828;577
17830;577
17832;577
17834;577
17836;577
17838;577
17840;577
17842;577
17844;577
17846;577
17848;577
17850;577
17852;577
17854;577
17856;577
17858;577
17860;577
17862;577
17864;577
17866;577
17868;577
17870;577
17872;577
17874;577
17876;577
17878;577
17880;577
17882;577
17884;577
17886;577
17888;577
17890;577
17892;577
17894;577
17896;577
17898;577
17900;577
17902;577
17904;577
17906;577
17908;577
17910;577
17912;577
17914;577
17916;577
17918;577
17920;577
17922;577
17924;577
17926;577
17928;577
17930;577
17932;577
17934;577
17936;577
17938;577
17940;577
17942;577
17944;577
17946;577
17948;577
17950;577
17952;577
17954;577
17956;577
17958;577
17960;577
17962;577
17964;577
17966;577
17968;577
17970;577
17972;577
17974;577
17976;577
17978;577
17980;577
17982;577
17984;577
17986;577
17988;577
17990;577
17992;577
17994;577
17996;577
