#	X	Y
0;2122
2;2122
4;2122
6;2122
8;2122
10;2122
12;2122
14;2122
16;2122
18;2122
20;2122
22;2122
24;2122
26;2122
28;2122
30;2122
32;2122
34;2122
36;2122
38;2122
40;2122
42;2122
44;2122
46;2122
48;2122
50;2122
52;2122
54;2122
56;2122
58;2122
60;2122
62;2122
64;2122
66;2122
68;2122
70;2122
72;2122
74;2122
76;2122
78;2122
80;2122
82;2122
84;2122
86;2122
88;2122
90;2122
92;2122
94;2122
96;2122
98;2122
100;2122
102;2122
104;2122
106;2122
108;2122
110;2122
112;2122
114;2122
116;2122
118;2122
120;2122
122;2122
124;2122
126;2122
128;2122
130;2122
132;2122
134;2122
136;2122
138;2122
140;2122
142;2122
144;2122
146;2122
148;2122
150;2122
152;2122
154;2122
156;2122
158;2122
160;2122
162;2122
164;2122
166;2122
168;2122
170;2122
172;2122
174;2122
176;2122
178;2122
180;2122
182;2122
184;2122
186;2122
188;2122
190;2122
192;2122
194;2122
196;2122
198;2122
200;2122
202;2122
204;2122
206;2122
208;2122
210;2122
212;2122
214;2122
216;2122
218;2122
220;2122
222;2122
224;2122
226;2122
228;2122
230;2122
232;2122
234;2122
236;2122
238;2122
240;2122
242;2122
244;2122
246;2122
248;2122
250;2122
252;2122
254;2122
256;2122
258;2122
260;2122
262;2122
264;2122
266;2122
268;2122
270;2122
272;2122
274;2122
276;2122
278;2122
280;2122
282;2122
284;2122
286;2122
288;2122
290;2122
292;2122
294;2122
296;2122
298;2122
300;2122
302;2122
304;2122
306;2122
308;2122
310;2122
312;2122
314;2122
316;2122
318;2122
320;2122
322;2122
324;2122
326;2122
328;2122
330;2122
332;2122
334;2122
336;2122
338;2122
340;2122
342;2122
344;2122
346;2122
348;2122
350;2122
352;2122
354;2122
356;2122
358;2122
360;2122
362;2122
364;2122
366;2122
368;2122
370;2122
372;2122
374;2122
376;2122
378;2122
380;2122
382;2122
384;2122
386;2122
388;2122
390;2122
392;2122
394;2122
396;2122
398;2122
400;2122
402;2122
404;2122
406;2122
408;2122
410;2122
412;2122
414;2122
416;2122
418;2122
420;2122
422;2122
424;2122
426;2122
428;2122
430;2122
432;2122
434;2122
436;2122
438;2122
440;2122
442;2122
444;2122
446;2122
448;2122
450;2122
452;2122
454;2122
456;2122
458;2122
460;2122
462;2122
464;2122
466;2122
468;2122
470;2122
472;2122
474;2122
476;2122
478;2122
480;2122
482;2122
484;2122
486;2122
488;2122
490;2122
492;2122
494;2122
496;2122
498;2122
500;2122
502;2122
504;2122
506;2122
508;2122
510;2122
512;2122
514;2122
516;2122
518;2122
520;2122
522;2122
524;2122
526;2122
528;2122
530;2122
532;2122
534;2122
536;2122
538;2122
540;2122
542;2122
544;2122
546;2122
548;2122
550;2122
552;2122
554;2122
556;2122
558;2122
560;2122
562;2122
564;2122
566;2122
568;2122
570;2122
572;2122
574;2122
576;2122
578;2122
580;2122
582;2122
584;2122
586;2122
588;2122
590;2122
592;2122
594;2122
596;2122
598;2122
600;2122
602;2122
604;2122
606;2122
608;2122
610;2122
612;2122
614;2122
616;2122
618;2122
620;2122
622;2122
624;2122
626;2122
628;2122
630;2122
632;2122
634;2122
636;2122
638;2122
640;2122
642;2122
644;2122
646;2122
648;2122
650;2122
652;2122
654;2122
656;2122
658;2122
660;2122
662;2122
664;2122
666;2122
668;2122
670;2122
672;2122
674;2122
676;2122
678;2122
680;2122
682;2122
684;2122
686;2122
688;2122
690;2122
692;2122
694;2122
696;2122
698;2122
700;2122
702;2122
704;2122
706;2122
708;2122
710;2122
712;2122
714;2122
716;2122
718;2122
720;2122
722;2122
724;2122
726;2122
728;2122
730;2122
732;2122
734;2122
736;2122
738;2122
740;2122
742;2122
744;2122
746;2122
748;2122
750;2122
752;2122
754;2122
756;2122
758;2122
760;2122
762;2122
764;2122
766;2122
768;2122
770;2122
772;2122
774;2122
776;2122
778;2122
780;2122
782;2122
784;2122
786;2122
788;2122
790;2122
792;2122
794;2122
796;2122
798;2122
800;2122
802;2122
804;2122
806;2122
808;2122
810;2122
812;2122
814;2122
816;2122
818;2122
820;2122
822;2122
824;2122
826;2122
828;2122
830;2122
832;2122
834;2122
836;2122
838;2122
840;2122
842;2122
844;2122
846;2122
848;2122
850;2122
852;2122
854;2122
856;2122
858;2122
860;2122
862;2122
864;2122
866;2122
868;2122
870;2122
872;2122
874;2122
876;2122
878;2122
880;2122
882;2122
884;2122
886;2122
888;2122
890;2122
892;2122
894;2122
896;2122
898;2122
900;3019
902;3019
904;3019
906;3019
908;3019
910;3019
912;3019
914;3019
916;3019
918;3019
920;3019
922;3019
924;3019
926;3019
928;3019
930;3019
932;3019
934;3019
936;3019
938;3019
940;3019
942;3019
944;3019
946;3019
948;3019
950;3019
952;3019
954;3019
956;3019
958;3019
960;3019
962;3019
964;3019
966;3019
968;3019
970;3019
972;3019
974;3019
976;3019
978;3019
980;3019
982;3019
984;3019
986;3019
988;3019
990;3019
992;3019
994;3019
996;3019
998;3019
1000;3019
1002;3019
1004;3019
1006;3019
1008;3019
1010;3019
1012;3019
1014;3019
1016;3019
1018;3019
1020;3019
1022;3019
1024;3019
1026;3019
1028;3019
1030;3019
1032;3019
1034;3019
1036;3019
1038;3019
1040;3019
1042;3019
1044;3019
1046;3019
1048;3019
1050;3019
1052;3019
1054;3019
1056;3019
1058;3019
1060;3019
1062;3019
1064;3019
1066;3019
1068;3019
1070;3019
1072;3019
1074;3019
1076;3019
1078;3019
1080;3019
1082;3019
1084;3019
1086;3019
1088;3019
1090;3019
1092;3019
1094;3019
1096;3019
1098;3019
1100;3019
1102;3019
1104;3019
1106;3019
1108;3019
1110;3019
1112;3019
1114;3019
1116;3019
1118;3019
1120;3019
1122;3019
1124;3019
1126;3019
1128;3019
1130;3019
1132;3019
1134;3019
1136;3019
1138;3019
1140;3019
1142;3019
1144;3019
1146;3019
1148;3019
1150;3019
1152;3019
1154;3019
1156;3019
1158;3019
1160;3019
1162;3019
1164;3019
1166;3019
1168;3019
1170;3019
1172;3019
1174;3019
1176;3019
1178;3019
1180;3019
1182;3019
1184;3019
1186;3019
1188;3019
1190;3019
1192;3019
1194;3019
1196;3019
1198;3019
1200;3019
1202;3019
1204;3019
1206;3019
1208;3019
1210;3019
1212;3019
1214;3019
1216;3019
1218;3019
1220;3019
1222;3019
1224;3019
1226;3019
1228;3019
1230;3019
1232;3019
1234;3019
1236;3019
1238;3019
1240;3019
1242;3019
1244;3019
1246;3019
1248;3019
1250;3019
1252;3019
1254;3019
1256;3019
1258;3019
1260;3019
1262;3019
1264;3019
1266;3019
1268;3019
1270;3019
1272;3019
1274;3019
1276;3019
1278;3019
1280;3019
1282;3019
1284;3019
1286;3019
1288;3019
1290;3019
1292;3019
1294;3019
1296;3019
1298;3019
1300;3019
1302;3019
1304;3019
1306;3019
1308;3019
1310;3019
1312;3019
1314;3019
1316;3019
1318;3019
1320;3019
1322;3019
1324;3019
1326;3019
1328;3019
1330;3019
1332;3019
1334;3019
1336;3019
1338;3019
1340;3019
1342;3019
1344;3019
1346;3019
1348;3019
1350;3019
1352;3019
1354;3019
1356;3019
1358;3019
1360;3019
1362;3019
1364;3019
1366;3019
1368;3019
1370;3019
1372;3019
1374;3019
1376;3019
1378;3019
1380;3019
1382;3019
1384;3019
1386;3019
1388;3019
1390;3019
1392;3019
1394;3019
1396;3019
1398;3019
1400;3019
1402;3019
1404;3019
1406;3019
1408;3019
1410;3019
1412;3019
1414;3019
1416;3019
1418;3019
1420;3019
1422;3019
1424;3019
1426;3019
1428;3019
1430;3019
1432;3019
1434;3019
1436;3019
1438;3019
1440;3019
1442;3019
1444;3019
1446;3019
1448;3019
1450;3019
1452;3019
1454;3019
1456;3019
1458;3019
1460;3019
1462;3019
1464;3019
1466;3019
1468;3019
1470;3019
1472;3019
1474;3019
1476;3019
1478;3019
1480;3019
1482;3019
1484;3019
1486;3019
1488;3019
1490;3019
1492;3019
1494;3019
1496;3019
1498;3019
1500;3019
1502;3019
1504;3019
1506;3019
1508;3019
1510;3019
1512;3019
1514;3019
1516;3019
1518;3019
1520;3019
1522;3019
1524;3019
1526;3019
1528;3019
1530;3019
1532;3019
1534;3019
1536;3019
1538;3019
1540;3019
1542;3019
1544;3019
1546;3019
1548;3019
1550;3019
1552;3019
1554;3019
1556;3019
1558;3019
1560;3019
1562;3019
1564;3019
1566;3019
1568;3019
1570;3019
1572;3019
1574;3019
1576;3019
1578;3019
1580;3019
1582;3019
1584;3019
1586;3019
1588;3019
1590;3019
1592;3019
1594;3019
1596;3019
1598;3019
1600;3019
1602;3019
1604;3019
1606;3019
1608;3019
1610;3019
1612;3019
1614;3019
1616;3019
1618;3019
1620;3019
1622;3019
1624;3019
1626;3019
1628;3019
1630;3019
1632;3019
1634;3019
1636;3019
1638;3019
1640;3019
1642;3019
1644;3019
1646;3019
1648;3019
1650;3019
1652;3019
1654;3019
1656;3019
1658;3019
1660;3019
1662;3019
1664;3019
1666;3019
1668;3019
1670;3019
1672;3019
1674;3019
1676;3019
1678;3019
1680;3019
1682;3019
1684;3019
1686;3019
1688;3019
1690;3019
1692;3019
1694;3019
1696;3019
1698;3019
1700;3019
1702;3019
1704;3019
1706;3019
1708;3019
1710;3019
1712;3019
1714;3019
1716;3019
1718;3019
1720;3019
1722;3019
1724;3019
1726;3019
1728;3019
1730;3019
1732;3019
1734;3019
1736;3019
1738;3019
1740;3019
1742;3019
1744;3019
1746;3019
1748;3019
1750;3019
1752;3019
1754;3019
1756;3019
1758;3019
1760;3019
1762;3019
1764;3019
1766;3019
1768;3019
1770;3019
1772;3019
1774;3019
1776;3019
1778;3019
1780;3019
1782;3019
1784;3019
1786;3019
1788;3019
1790;3019
1792;3019
1794;3019
1796;3019
1798;3019
1800;3065
1802;3065
1804;3065
1806;3065
1808;3065
1810;3065
1812;3065
1814;3065
1816;3065
1818;3065
1820;3065
1822;3065
1824;3065
1826;3065
1828;3065
1830;3065
1832;3065
1834;3065
1836;3065
1838;3065
1840;3065
1842;3065
1844;3065
1846;3065
1848;3065
1850;3065
1852;3065
1854;3065
1856;3065
1858;3065
1860;3065
1862;3065
1864;3065
1866;3065
1868;3065
1870;3065
1872;3065
1874;3065
1876;3065
1878;3065
1880;3065
1882;3065
1884;3065
1886;3065
1888;3065
1890;3065
1892;3065
1894;3065
1896;3065
1898;3065
1900;3065
1902;3065
1904;3065
1906;3065
1908;3065
1910;3065
1912;3065
1914;3065
1916;3065
1918;3065
1920;3065
1922;3065
1924;3065
1926;3065
1928;3065
1930;3065
1932;3065
1934;3065
1936;3065
1938;3065
1940;3065
1942;3065
1944;3065
1946;3065
1948;3065
1950;3065
1952;3065
1954;3065
1956;3065
1958;3065
1960;3065
1962;3065
1964;3065
1966;3065
1968;3065
1970;3065
1972;3065
1974;3065
1976;3065
1978;3065
1980;3065
1982;3065
1984;3065
1986;3065
1988;3065
1990;3065
1992;3065
1994;3065
1996;3065
1998;3065
2000;3065
2002;3065
2004;3065
2006;3065
2008;3065
2010;3065
2012;3065
2014;3065
2016;3065
2018;3065
2020;3065
2022;3065
2024;3065
2026;3065
2028;3065
2030;3065
2032;3065
2034;3065
2036;3065
2038;3065
2040;3065
2042;3065
2044;3065
2046;3065
2048;3065
2050;3065
2052;3065
2054;3065
2056;3065
2058;3065
2060;3065
2062;3065
2064;3065
2066;3065
2068;3065
2070;3065
2072;3065
2074;3065
2076;3065
2078;3065
2080;3065
2082;3065
2084;3065
2086;3065
2088;3065
2090;3065
2092;3065
2094;3065
2096;3065
2098;3065
2100;3065
2102;3065
2104;3065
2106;3065
2108;3065
2110;3065
2112;3065
2114;3065
2116;3065
2118;3065
2120;3065
2122;3065
2124;3065
2126;3065
2128;3065
2130;3065
2132;3065
2134;3065
2136;3065
2138;3065
2140;3065
2142;3065
2144;3065
2146;3065
2148;3065
2150;3065
2152;3065
2154;3065
2156;3065
2158;3065
2160;3065
2162;3065
2164;3065
2166;3065
2168;3065
2170;3065
2172;3065
2174;3065
2176;3065
2178;3065
2180;3065
2182;3065
2184;3065
2186;3065
2188;3065
2190;3065
2192;3065
2194;3065
2196;3065
2198;3065
2200;3065
2202;3065
2204;3065
2206;3065
2208;3065
2210;3065
2212;3065
2214;3065
2216;3065
2218;3065
2220;3065
2222;3065
2224;3065
2226;3065
2228;3065
2230;3065
2232;3065
2234;3065
2236;3065
2238;3065
2240;3065
2242;3065
2244;3065
2246;3065
2248;3065
2250;3065
2252;3065
2254;3065
2256;3065
2258;3065
2260;3065
2262;3065
2264;3065
2266;3065
2268;3065
2270;3065
2272;3065
2274;3065
2276;3065
2278;3065
2280;3065
2282;3065
2284;3065
2286;3065
2288;3065
2290;3065
2292;3065
2294;3065
2296;3065
2298;3065
2300;3065
2302;3065
2304;3065
2306;3065
2308;3065
2310;3065
2312;3065
2314;3065
2316;3065
2318;3065
2320;3065
2322;3065
2324;3065
2326;3065
2328;3065
2330;3065
2332;3065
2334;3065
2336;3065
2338;3065
2340;3065
2342;3065
2344;3065
2346;3065
2348;3065
2350;3065
2352;3065
2354;3065
2356;3065
2358;3065
2360;3065
2362;3065
2364;3065
2366;3065
2368;3065
2370;3065
2372;3065
2374;3065
2376;3065
2378;3065
2380;3065
2382;3065
2384;3065
2386;3065
2388;3065
2390;3065
2392;3065
2394;3065
2396;3065
2398;3065
2400;3065
2402;3065
2404;3065
2406;3065
2408;3065
2410;3065
2412;3065
2414;3065
2416;3065
2418;3065
2420;3065
2422;3065
2424;3065
2426;3065
2428;3065
2430;3065
2432;3065
2434;3065
2436;3065
2438;3065
2440;3065
2442;3065
2444;3065
2446;3065
2448;3065
2450;3065
2452;3065
2454;3065
2456;3065
2458;3065
2460;3065
2462;3065
2464;3065
2466;3065
2468;3065
2470;3065
2472;3065
2474;3065
2476;3065
2478;3065
2480;3065
2482;3065
2484;3065
2486;3065
2488;3065
2490;3065
2492;3065
2494;3065
2496;3065
2498;3065
2500;3065
2502;3065
2504;3065
2506;3065
2508;3065
2510;3065
2512;3065
2514;3065
2516;3065
2518;3065
2520;3065
2522;3065
2524;3065
2526;3065
2528;3065
2530;3065
2532;3065
2534;3065
2536;3065
2538;3065
2540;3065
2542;3065
2544;3065
2546;3065
2548;3065
2550;3065
2552;3065
2554;3065
2556;3065
2558;3065
2560;3065
2562;3065
2564;3065
2566;3065
2568;3065
2570;3065
2572;3065
2574;3065
2576;3065
2578;3065
2580;3065
2582;3065
2584;3065
2586;3065
2588;3065
2590;3065
2592;3065
2594;3065
2596;3065
2598;3065
2600;3065
2602;3065
2604;3065
2606;3065
2608;3065
2610;3065
2612;3065
2614;3065
2616;3065
2618;3065
2620;3065
2622;3065
2624;3065
2626;3065
2628;3065
2630;3065
2632;3065
2634;3065
2636;3065
2638;3065
2640;3065
2642;3065
2644;3065
2646;3065
2648;3065
2650;3065
2652;3065
2654;3065
2656;3065
2658;3065
2660;3065
2662;3065
2664;3065
2666;3065
2668;3065
2670;3065
2672;3065
2674;3065
2676;3065
2678;3065
2680;3065
2682;3065
2684;3065
2686;3065
2688;3065
2690;3065
2692;3065
2694;3065
2696;3065
2698;3065
2700;3289
2702;3289
2704;3289
2706;3289
2708;3289
2710;3289
2712;3289
2714;3289
2716;3289
2718;3289
2720;3289
2722;3289
2724;3289
2726;3289
2728;3289
2730;3289
2732;3289
2734;3289
2736;3289
2738;3289
2740;3289
2742;3289
2744;3289
2746;3289
2748;3289
2750;3289
2752;3289
2754;3289
2756;3289
2758;3289
2760;3289
2762;3289
2764;3289
2766;3289
2768;3289
2770;3289
2772;3289
2774;3289
2776;3289
2778;3289
2780;3289
2782;3289
2784;3289
2786;3289
2788;3289
2790;3289
2792;3289
2794;3289
2796;3289
2798;3289
2800;3289
2802;3289
2804;3289
2806;3289
2808;3289
2810;3289
2812;3289
2814;3289
2816;3289
2818;3289
2820;3289
2822;3289
2824;3289
2826;3289
2828;3289
2830;3289
2832;3289
2834;3289
2836;3289
2838;3289
2840;3289
2842;3289
2844;3289
2846;3289
2848;3289
2850;3289
2852;3289
2854;3289
2856;3289
2858;3289
2860;3289
2862;3289
2864;3289
2866;3289
2868;3289
2870;3289
2872;3289
2874;3289
2876;3289
2878;3289
2880;3289
2882;3289
2884;3289
2886;3289
2888;3289
2890;3289
2892;3289
2894;3289
2896;3289
2898;3289
2900;3289
2902;3289
2904;3289
2906;3289
2908;3289
2910;3289
2912;3289
2914;3289
2916;3289
2918;3289
2920;3289
2922;3289
2924;3289
2926;3289
2928;3289
2930;3289
2932;3289
2934;3289
2936;3289
2938;3289
2940;3289
2942;3289
2944;3289
2946;3289
2948;3289
2950;3289
2952;3289
2954;3289
2956;3289
2958;3289
2960;3289
2962;3289
2964;3289
2966;3289
2968;3289
2970;3289
2972;3289
2974;3289
2976;3289
2978;3289
2980;3289
2982;3289
2984;3289
2986;3289
2988;3289
2990;3289
2992;3289
2994;3289
2996;3289
2998;3289
3000;3289
3002;3289
3004;3289
3006;3289
3008;3289
3010;3289
3012;3289
3014;3289
3016;3289
3018;3289
3020;3289
3022;3289
3024;3289
3026;3289
3028;3289
3030;3289
3032;3289
3034;3289
3036;3289
3038;3289
3040;3289
3042;3289
3044;3289
3046;3289
3048;3289
3050;3289
3052;3289
3054;3289
3056;3289
3058;3289
3060;3289
3062;3289
3064;3289
3066;3289
3068;3289
3070;3289
3072;3289
3074;3289
3076;3289
3078;3289
3080;3289
3082;3289
3084;3289
3086;3289
3088;3289
3090;3289
3092;3289
3094;3289
3096;3289
3098;3289
3100;3289
3102;3289
3104;3289
3106;3289
3108;3289
3110;3289
3112;3289
3114;3289
3116;3289
3118;3289
3120;3289
3122;3289
3124;3289
3126;3289
3128;3289
3130;3289
3132;3289
3134;3289
3136;3289
3138;3289
3140;3289
3142;3289
3144;3289
3146;3289
3148;3289
3150;3289
3152;3289
3154;3289
3156;3289
3158;3289
3160;3289
3162;3289
3164;3289
3166;3289
3168;3289
3170;3289
3172;3289
3174;3289
3176;3289
3178;3289
3180;3289
3182;3289
3184;3289
3186;3289
3188;3289
3190;3289
3192;3289
3194;3289
3196;3289
3198;3289
3200;3289
3202;3289
3204;3289
3206;3289
3208;3289
3210;3289
3212;3289
3214;3289
3216;3289
3218;3289
3220;3289
3222;3289
3224;3289
3226;3289
3228;3289
3230;3289
3232;3289
3234;3289
3236;3289
3238;3289
3240;3289
3242;3289
3244;3289
3246;3289
3248;3289
3250;3289
3252;3289
3254;3289
3256;3289
3258;3289
3260;3289
3262;3289
3264;3289
3266;3289
3268;3289
3270;3289
3272;3289
3274;3289
3276;3289
3278;3289
3280;3289
3282;3289
3284;3289
3286;3289
3288;3289
3290;3289
3292;3289
3294;3289
3296;3289
3298;3289
3300;3289
3302;3289
3304;3289
3306;3289
3308;3289
3310;3289
3312;3289
3314;3289
3316;3289
3318;3289
3320;3289
3322;3289
3324;3289
3326;3289
3328;3289
3330;3289
3332;3289
3334;3289
3336;3289
3338;3289
3340;3289
3342;3289
3344;3289
3346;3289
3348;3289
3350;3289
3352;3289
3354;3289
3356;3289
3358;3289
3360;3289
3362;3289
3364;3289
3366;3289
3368;3289
3370;3289
3372;3289
3374;3289
3376;3289
3378;3289
3380;3289
3382;3289
3384;3289
3386;3289
3388;3289
3390;3289
3392;3289
3394;3289
3396;3289
3398;3289
3400;3289
3402;3289
3404;3289
3406;3289
3408;3289
3410;3289
3412;3289
3414;3289
3416;3289
3418;3289
3420;3289
3422;3289
3424;3289
3426;3289
3428;3289
3430;3289
3432;3289
3434;3289
3436;3289
3438;3289
3440;3289
3442;3289
3444;3289
3446;3289
3448;3289
3450;3289
3452;3289
3454;3289
3456;3289
3458;3289
3460;3289
3462;3289
3464;3289
3466;3289
3468;3289
3470;3289
3472;3289
3474;3289
3476;3289
3478;3289
3480;3289
3482;3289
3484;3289
3486;3289
3488;3289
3490;3289
3492;3289
3494;3289
3496;3289
3498;3289
3500;3289
3502;3289
3504;3289
3506;3289
3508;3289
3510;3289
3512;3289
3514;3289
3516;3289
3518;3289
3520;3289
3522;3289
3524;3289
3526;3289
3528;3289
3530;3289
3532;3289
3534;3289
3536;3289
3538;3289
3540;3289
3542;3289
3544;3289
3546;3289
3548;3289
3550;3289
3552;3289
3554;3289
3556;3289
3558;3289
3560;3289
3562;3289
3564;3289
3566;3289
3568;3289
3570;3289
3572;3289
3574;3289
3576;3289
3578;3289
3580;3289
3582;3289
3584;3289
3586;3289
3588;3289
3590;3289
3592;3289
3594;3289
3596;3289
3598;3289
3600;3840
3602;3840
3604;3840
3606;3840
3608;3840
3610;3840
3612;3840
3614;3840
3616;3840
3618;3840
3620;3840
3622;3840
3624;3840
3626;3840
3628;3840
3630;3840
3632;3840
3634;3840
3636;3840
3638;3840
3640;3840
3642;3840
3644;3840
3646;3840
3648;3840
3650;3840
3652;3840
3654;3840
3656;3840
3658;3840
3660;3840
3662;3840
3664;3840
3666;3840
3668;3840
3670;3840
3672;3840
3674;3840
3676;3840
3678;3840
3680;3840
3682;3840
3684;3840
3686;3840
3688;3840
3690;3840
3692;3840
3694;3840
3696;3840
3698;3840
3700;3840
3702;3840
3704;3840
3706;3840
3708;3840
3710;3840
3712;3840
3714;3840
3716;3840
3718;3840
3720;3840
3722;3840
3724;3840
3726;3840
3728;3840
3730;3840
3732;3840
3734;3840
3736;3840
3738;3840
3740;3840
3742;3840
3744;3840
3746;3840
3748;3840
3750;3840
3752;3840
3754;3840
3756;3840
3758;3840
3760;3840
3762;3840
3764;3840
3766;3840
3768;3840
3770;3840
3772;3840
3774;3840
3776;3840
3778;3840
3780;3840
3782;3840
3784;3840
3786;3840
3788;3840
3790;3840
3792;3840
3794;3840
3796;3840
3798;3840
3800;3840
3802;3840
3804;3840
3806;3840
3808;3840
3810;3840
3812;3840
3814;3840
3816;3840
3818;3840
3820;3840
3822;3840
3824;3840
3826;3840
3828;3840
3830;3840
3832;3840
3834;3840
3836;3840
3838;3840
3840;3840
3842;3840
3844;3840
3846;3840
3848;3840
3850;3840
3852;3840
3854;3840
3856;3840
3858;3840
3860;3840
3862;3840
3864;3840
3866;3840
3868;3840
3870;3840
3872;3840
3874;3840
3876;3840
3878;3840
3880;3840
3882;3840
3884;3840
3886;3840
3888;3840
3890;3840
3892;3840
3894;3840
3896;3840
3898;3840
3900;3840
3902;3840
3904;3840
3906;3840
3908;3840
3910;3840
3912;3840
3914;3840
3916;3840
3918;3840
3920;3840
3922;3840
3924;3840
3926;3840
3928;3840
3930;3840
3932;3840
3934;3840
3936;3840
3938;3840
3940;3840
3942;3840
3944;3840
3946;3840
3948;3840
3950;3840
3952;3840
3954;3840
3956;3840
3958;3840
3960;3840
3962;3840
3964;3840
3966;3840
3968;3840
3970;3840
3972;3840
3974;3840
3976;3840
3978;3840
3980;3840
3982;3840
3984;3840
3986;3840
3988;3840
3990;3840
3992;3840
3994;3840
3996;3840
3998;3840
4000;3840
4002;3840
4004;3840
4006;3840
4008;3840
4010;3840
4012;3840
4014;3840
4016;3840
4018;3840
4020;3840
4022;3840
4024;3840
4026;3840
4028;3840
4030;3840
4032;3840
4034;3840
4036;3840
4038;3840
4040;3840
4042;3840
4044;3840
4046;3840
4048;3840
4050;3840
4052;3840
4054;3840
4056;3840
4058;3840
4060;3840
4062;3840
4064;3840
4066;3840
4068;3840
4070;3840
4072;3840
4074;3840
4076;3840
4078;3840
4080;3840
4082;3840
4084;3840
4086;3840
4088;3840
4090;3840
4092;3840
4094;3840
4096;3840
4098;3840
4100;3840
4102;3840
4104;3840
4106;3840
4108;3840
4110;3840
4112;3840
4114;3840
4116;3840
4118;3840
4120;3840
4122;3840
4124;3840
4126;3840
4128;3840
4130;3840
4132;3840
4134;3840
4136;3840
4138;3840
4140;3840
4142;3840
4144;3840
4146;3840
4148;3840
4150;3840
4152;3840
4154;3840
4156;3840
4158;3840
4160;3840
4162;3840
4164;3840
4166;3840
4168;3840
4170;3840
4172;3840
4174;3840
4176;3840
4178;3840
4180;3840
4182;3840
4184;3840
4186;3840
4188;3840
4190;3840
4192;3840
4194;3840
4196;3840
4198;3840
4200;3840
4202;3840
4204;3840
4206;3840
4208;3840
4210;3840
4212;3840
4214;3840
4216;3840
4218;3840
4220;3840
4222;3840
4224;3840
4226;3840
4228;3840
4230;3840
4232;3840
4234;3840
4236;3840
4238;3840
4240;3840
4242;3840
4244;3840
4246;3840
4248;3840
4250;3840
4252;3840
4254;3840
4256;3840
4258;3840
4260;3840
4262;3840
4264;3840
4266;3840
4268;3840
4270;3840
4272;3840
4274;3840
4276;3840
4278;3840
4280;3840
4282;3840
4284;3840
4286;3840
4288;3840
4290;3840
4292;3840
4294;3840
4296;3840
4298;3840
4300;3840
4302;3840
4304;3840
4306;3840
4308;3840
4310;3840
4312;3840
4314;3840
4316;3840
4318;3840
4320;3840
4322;3840
4324;3840
4326;3840
4328;3840
4330;3840
4332;3840
4334;3840
4336;3840
4338;3840
4340;3840
4342;3840
4344;3840
4346;3840
4348;3840
4350;3840
4352;3840
4354;3840
4356;3840
4358;3840
4360;3840
4362;3840
4364;3840
4366;3840
4368;3840
4370;3840
4372;3840
4374;3840
4376;3840
4378;3840
4380;3840
4382;3840
4384;3840
4386;3840
4388;3840
4390;3840
4392;3840
4394;3840
4396;3840
4398;3840
4400;3840
4402;3840
4404;3840
4406;3840
4408;3840
4410;3840
4412;3840
4414;3840
4416;3840
4418;3840
4420;3840
4422;3840
4424;3840
4426;3840
4428;3840
4430;3840
4432;3840
4434;3840
4436;3840
4438;3840
4440;3840
4442;3840
4444;3840
4446;3840
4448;3840
4450;3840
4452;3840
4454;3840
4456;3840
4458;3840
4460;3840
4462;3840
4464;3840
4466;3840
4468;3840
4470;3840
4472;3840
4474;3840
4476;3840
4478;3840
4480;3840
4482;3840
4484;3840
4486;3840
4488;3840
4490;3840
4492;3840
4494;3840
4496;3840
4498;3840
4500;3414
4502;3414
4504;3414
4506;3414
4508;3414
4510;3414
4512;3414
4514;3414
4516;3414
4518;3414
4520;3414
4522;3414
4524;3414
4526;3414
4528;3414
4530;3414
4532;3414
4534;3414
4536;3414
4538;3414
4540;3414
4542;3414
4544;3414
4546;3414
4548;3414
4550;3414
4552;3414
4554;3414
4556;3414
4558;3414
4560;3414
4562;3414
4564;3414
4566;3414
4568;3414
4570;3414
4572;3414
4574;3414
4576;3414
4578;3414
4580;3414
4582;3414
4584;3414
4586;3414
4588;3414
4590;3414
4592;3414
4594;3414
4596;3414
4598;3414
4600;3414
4602;3414
4604;3414
4606;3414
4608;3414
4610;3414
4612;3414
4614;3414
4616;3414
4618;3414
4620;3414
4622;3414
4624;3414
4626;3414
4628;3414
4630;3414
4632;3414
4634;3414
4636;3414
4638;3414
4640;3414
4642;3414
4644;3414
4646;3414
4648;3414
4650;3414
4652;3414
4654;3414
4656;3414
4658;3414
4660;3414
4662;3414
4664;3414
4666;3414
4668;3414
4670;3414
4672;3414
4674;3414
4676;3414
4678;3414
4680;3414
4682;3414
4684;3414
4686;3414
4688;3414
4690;3414
4692;3414
4694;3414
4696;3414
4698;3414
4700;3414
4702;3414
4704;3414
4706;3414
4708;3414
4710;3414
4712;3414
4714;3414
4716;3414
4718;3414
4720;3414
4722;3414
4724;3414
4726;3414
4728;3414
4730;3414
4732;3414
4734;3414
4736;3414
4738;3414
4740;3414
4742;3414
4744;3414
4746;3414
4748;3414
4750;3414
4752;3414
4754;3414
4756;3414
4758;3414
4760;3414
4762;3414
4764;3414
4766;3414
4768;3414
4770;3414
4772;3414
4774;3414
4776;3414
4778;3414
4780;3414
4782;3414
4784;3414
4786;3414
4788;3414
4790;3414
4792;3414
4794;3414
4796;3414
4798;3414
4800;3414
4802;3414
4804;3414
4806;3414
4808;3414
4810;3414
4812;3414
4814;3414
4816;3414
4818;3414
4820;3414
4822;3414
4824;3414
4826;3414
4828;3414
4830;3414
4832;3414
4834;3414
4836;3414
4838;3414
4840;3414
4842;3414
4844;3414
4846;3414
4848;3414
4850;3414
4852;3414
4854;3414
4856;3414
4858;3414
4860;3414
4862;3414
4864;3414
4866;3414
4868;3414
4870;3414
4872;3414
4874;3414
4876;3414
4878;3414
4880;3414
4882;3414
4884;3414
4886;3414
4888;3414
4890;3414
4892;3414
4894;3414
4896;3414
4898;3414
4900;3414
4902;3414
4904;3414
4906;3414
4908;3414
4910;3414
4912;3414
4914;3414
4916;3414
4918;3414
4920;3414
4922;3414
4924;3414
4926;3414
4928;3414
4930;3414
4932;3414
4934;3414
4936;3414
4938;3414
4940;3414
4942;3414
4944;3414
4946;3414
4948;3414
4950;3414
4952;3414
4954;3414
4956;3414
4958;3414
4960;3414
4962;3414
4964;3414
4966;3414
4968;3414
4970;3414
4972;3414
4974;3414
4976;3414
4978;3414
4980;3414
4982;3414
4984;3414
4986;3414
4988;3414
4990;3414
4992;3414
4994;3414
4996;3414
4998;3414
5000;3414
5002;3414
5004;3414
5006;3414
5008;3414
5010;3414
5012;3414
5014;3414
5016;3414
5018;3414
5020;3414
5022;3414
5024;3414
5026;3414
5028;3414
5030;3414
5032;3414
5034;3414
5036;3414
5038;3414
5040;3414
5042;3414
5044;3414
5046;3414
5048;3414
5050;3414
5052;3414
5054;3414
5056;3414
5058;3414
5060;3414
5062;3414
5064;3414
5066;3414
5068;3414
5070;3414
5072;3414
5074;3414
5076;3414
5078;3414
5080;3414
5082;3414
5084;3414
5086;3414
5088;3414
5090;3414
5092;3414
5094;3414
5096;3414
5098;3414
5100;3414
5102;3414
5104;3414
5106;3414
5108;3414
5110;3414
5112;3414
5114;3414
5116;3414
5118;3414
5120;3414
5122;3414
5124;3414
5126;3414
5128;3414
5130;3414
5132;3414
5134;3414
5136;3414
5138;3414
5140;3414
5142;3414
5144;3414
5146;3414
5148;3414
5150;3414
5152;3414
5154;3414
5156;3414
5158;3414
5160;3414
5162;3414
5164;3414
5166;3414
5168;3414
5170;3414
5172;3414
5174;3414
5176;3414
5178;3414
5180;3414
5182;3414
5184;3414
5186;3414
5188;3414
5190;3414
5192;3414
5194;3414
5196;3414
5198;3414
5200;3414
5202;3414
5204;3414
5206;3414
5208;3414
5210;3414
5212;3414
5214;3414
5216;3414
5218;3414
5220;3414
5222;3414
5224;3414
5226;3414
5228;3414
5230;3414
5232;3414
5234;3414
5236;3414
5238;3414
5240;3414
5242;3414
5244;3414
5246;3414
5248;3414
5250;3414
5252;3414
5254;3414
5256;3414
5258;3414
5260;3414
5262;3414
5264;3414
5266;3414
5268;3414
5270;3414
5272;3414
5274;3414
5276;3414
5278;3414
5280;3414
5282;3414
5284;3414
5286;3414
5288;3414
5290;3414
5292;3414
5294;3414
5296;3414
5298;3414
5300;3414
5302;3414
5304;3414
5306;3414
5308;3414
5310;3414
5312;3414
5314;3414
5316;3414
5318;3414
5320;3414
5322;3414
5324;3414
5326;3414
5328;3414
5330;3414
5332;3414
5334;3414
5336;3414
5338;3414
5340;3414
5342;3414
5344;3414
5346;3414
5348;3414
5350;3414
5352;3414
5354;3414
5356;3414
5358;3414
5360;3414
5362;3414
5364;3414
5366;3414
5368;3414
5370;3414
5372;3414
5374;3414
5376;3414
5378;3414
5380;3414
5382;3414
5384;3414
5386;3414
5388;3414
5390;3414
5392;3414
5394;3414
5396;3414
5398;3414
5400;2772
5402;2772
5404;2772
5406;2772
5408;2772
5410;2772
5412;2772
5414;2772
5416;2772
5418;2772
5420;2772
5422;2772
5424;2772
5426;2772
5428;2772
5430;2772
5432;2772
5434;2772
5436;2772
5438;2772
5440;2772
5442;2772
5444;2772
5446;2772
5448;2772
5450;2772
5452;2772
5454;2772
5456;2772
5458;2772
5460;2772
5462;2772
5464;2772
5466;2772
5468;2772
5470;2772
5472;2772
5474;2772
5476;2772
5478;2772
5480;2772
5482;2772
5484;2772
5486;2772
5488;2772
5490;2772
5492;2772
5494;2772
5496;2772
5498;2772
5500;2772
5502;2772
5504;2772
5506;2772
5508;2772
5510;2772
5512;2772
5514;2772
5516;2772
5518;2772
5520;2772
5522;2772
5524;2772
5526;2772
5528;2772
5530;2772
5532;2772
5534;2772
5536;2772
5538;2772
5540;2772
5542;2772
5544;2772
5546;2772
5548;2772
5550;2772
5552;2772
5554;2772
5556;2772
5558;2772
5560;2772
5562;2772
5564;2772
5566;2772
5568;2772
5570;2772
5572;2772
5574;2772
5576;2772
5578;2772
5580;2772
5582;2772
5584;2772
5586;2772
5588;2772
5590;2772
5592;2772
5594;2772
5596;2772
5598;2772
5600;2772
5602;2772
5604;2772
5606;2772
5608;2772
5610;2772
5612;2772
5614;2772
5616;2772
5618;2772
5620;2772
5622;2772
5624;2772
5626;2772
5628;2772
5630;2772
5632;2772
5634;2772
5636;2772
5638;2772
5640;2772
5642;2772
5644;2772
5646;2772
5648;2772
5650;2772
5652;2772
5654;2772
5656;2772
5658;2772
5660;2772
5662;2772
5664;2772
5666;2772
5668;2772
5670;2772
5672;2772
5674;2772
5676;2772
5678;2772
5680;2772
5682;2772
5684;2772
5686;2772
5688;2772
5690;2772
5692;2772
5694;2772
5696;2772
5698;2772
5700;2772
5702;2772
5704;2772
5706;2772
5708;2772
5710;2772
5712;2772
5714;2772
5716;2772
5718;2772
5720;2772
5722;2772
5724;2772
5726;2772
5728;2772
5730;2772
5732;2772
5734;2772
5736;2772
5738;2772
5740;2772
5742;2772
5744;2772
5746;2772
5748;2772
5750;2772
5752;2772
5754;2772
5756;2772
5758;2772
5760;2772
5762;2772
5764;2772
5766;2772
5768;2772
5770;2772
5772;2772
5774;2772
5776;2772
5778;2772
5780;2772
5782;2772
5784;2772
5786;2772
5788;2772
5790;2772
5792;2772
5794;2772
5796;2772
5798;2772
5800;2772
5802;2772
5804;2772
5806;2772
5808;2772
5810;2772
5812;2772
5814;2772
5816;2772
5818;2772
5820;2772
5822;2772
5824;2772
5826;2772
5828;2772
5830;2772
5832;2772
5834;2772
5836;2772
5838;2772
5840;2772
5842;2772
5844;2772
5846;2772
5848;2772
5850;2772
5852;2772
5854;2772
5856;2772
5858;2772
5860;2772
5862;2772
5864;2772
5866;2772
5868;2772
5870;2772
5872;2772
5874;2772
5876;2772
5878;2772
5880;2772
5882;2772
5884;2772
5886;2772
5888;2772
5890;2772
5892;2772
5894;2772
5896;2772
5898;2772
5900;2772
5902;2772
5904;2772
5906;2772
5908;2772
5910;2772
5912;2772
5914;2772
5916;2772
5918;2772
5920;2772
5922;2772
5924;2772
5926;2772
5928;2772
5930;2772
5932;2772
5934;2772
5936;2772
5938;2772
5940;2772
5942;2772
5944;2772
5946;2772
5948;2772
5950;2772
5952;2772
5954;2772
5956;2772
5958;2772
5960;2772
5962;2772
5964;2772
5966;2772
5968;2772
5970;2772
5972;2772
5974;2772
5976;2772
5978;2772
5980;2772
5982;2772
5984;2772
5986;2772
5988;2772
5990;2772
5992;2772
5994;2772
5996;2772
5998;2772
6000;2772
6002;2772
6004;2772
6006;2772
6008;2772
6010;2772
6012;2772
6014;2772
6016;2772
6018;2772
6020;2772
6022;2772
6024;2772
6026;2772
6028;2772
6030;2772
6032;2772
6034;2772
6036;2772
6038;2772
6040;2772
6042;2772
6044;2772
6046;2772
6048;2772
6050;2772
6052;2772
6054;2772
6056;2772
6058;2772
6060;2772
6062;2772
6064;2772
6066;2772
6068;2772
6070;2772
6072;2772
6074;2772
6076;2772
6078;2772
6080;2772
6082;2772
6084;2772
6086;2772
6088;2772
6090;2772
6092;2772
6094;2772
6096;2772
6098;2772
6100;2772
6102;2772
6104;2772
6106;2772
6108;2772
6110;2772
6112;2772
6114;2772
6116;2772
6118;2772
6120;2772
6122;2772
6124;2772
6126;2772
6128;2772
6130;2772
6132;2772
6134;2772
6136;2772
6138;2772
6140;2772
6142;2772
6144;2772
6146;2772
6148;2772
6150;2772
6152;2772
6154;2772
6156;2772
6158;2772
6160;2772
6162;2772
6164;2772
6166;2772
6168;2772
6170;2772
6172;2772
6174;2772
6176;2772
6178;2772
6180;2772
6182;2772
6184;2772
6186;2772
6188;2772
6190;2772
6192;2772
6194;2772
6196;2772
6198;2772
6200;2772
6202;2772
6204;2772
6206;2772
6208;2772
6210;2772
6212;2772
6214;2772
6216;2772
6218;2772
6220;2772
6222;2772
6224;2772
6226;2772
6228;2772
6230;2772
6232;2772
6234;2772
6236;2772
6238;2772
6240;2772
6242;2772
6244;2772
6246;2772
6248;2772
6250;2772
6252;2772
6254;2772
6256;2772
6258;2772
6260;2772
6262;2772
6264;2772
6266;2772
6268;2772
6270;2772
6272;2772
6274;2772
6276;2772
6278;2772
6280;2772
6282;2772
6284;2772
6286;2772
6288;2772
6290;2772
6292;2772
6294;2772
6296;2772
6298;2772
6300;2644
6302;2644
6304;2644
6306;2644
6308;2644
6310;2644
6312;2644
6314;2644
6316;2644
6318;2644
6320;2644
6322;2644
6324;2644
6326;2644
6328;2644
6330;2644
6332;2644
6334;2644
6336;2644
6338;2644
6340;2644
6342;2644
6344;2644
6346;2644
6348;2644
6350;2644
6352;2644
6354;2644
6356;2644
6358;2644
6360;2644
6362;2644
6364;2644
6366;2644
6368;2644
6370;2644
6372;2644
6374;2644
6376;2644
6378;2644
6380;2644
6382;2644
6384;2644
6386;2644
6388;2644
6390;2644
6392;2644
6394;2644
6396;2644
6398;2644
6400;2644
6402;2644
6404;2644
6406;2644
6408;2644
6410;2644
6412;2644
6414;2644
6416;2644
6418;2644
6420;2644
6422;2644
6424;2644
6426;2644
6428;2644
6430;2644
6432;2644
6434;2644
6436;2644
6438;2644
6440;2644
6442;2644
6444;2644
6446;2644
6448;2644
6450;2644
6452;2644
6454;2644
6456;2644
6458;2644
6460;2644
6462;2644
6464;2644
6466;2644
6468;2644
6470;2644
6472;2644
6474;2644
6476;2644
6478;2644
6480;2644
6482;2644
6484;2644
6486;2644
6488;2644
6490;2644
6492;2644
6494;2644
6496;2644
6498;2644
6500;2644
6502;2644
6504;2644
6506;2644
6508;2644
6510;2644
6512;2644
6514;2644
6516;2644
6518;2644
6520;2644
6522;2644
6524;2644
6526;2644
6528;2644
6530;2644
6532;2644
6534;2644
6536;2644
6538;2644
6540;2644
6542;2644
6544;2644
6546;2644
6548;2644
6550;2644
6552;2644
6554;2644
6556;2644
6558;2644
6560;2644
6562;2644
6564;2644
6566;2644
6568;2644
6570;2644
6572;2644
6574;2644
6576;2644
6578;2644
6580;2644
6582;2644
6584;2644
6586;2644
6588;2644
6590;2644
6592;2644
6594;2644
6596;2644
6598;2644
6600;2644
6602;2644
6604;2644
6606;2644
6608;2644
6610;2644
6612;2644
6614;2644
6616;2644
6618;2644
6620;2644
6622;2644
6624;2644
6626;2644
6628;2644
6630;2644
6632;2644
6634;2644
6636;2644
6638;2644
6640;2644
6642;2644
6644;2644
6646;2644
6648;2644
6650;2644
6652;2644
6654;2644
6656;2644
6658;2644
6660;2644
6662;2644
6664;2644
6666;2644
6668;2644
6670;2644
6672;2644
6674;2644
6676;2644
6678;2644
6680;2644
6682;2644
6684;2644
6686;2644
6688;2644
6690;2644
6692;2644
6694;2644
6696;2644
6698;2644
6700;2644
6702;2644
6704;2644
6706;2644
6708;2644
6710;2644
6712;2644
6714;2644
6716;2644
6718;2644
6720;2644
6722;2644
6724;2644
6726;2644
6728;2644
6730;2644
6732;2644
6734;2644
6736;2644
6738;2644
6740;2644
6742;2644
6744;2644
6746;2644
6748;2644
6750;2644
6752;2644
6754;2644
6756;2644
6758;2644
6760;2644
6762;2644
6764;2644
6766;2644
6768;2644
6770;2644
6772;2644
6774;2644
6776;2644
6778;2644
6780;2644
6782;2644
6784;2644
6786;2644
6788;2644
6790;2644
6792;2644
6794;2644
6796;2644
6798;2644
6800;2644
6802;2644
6804;2644
6806;2644
6808;2644
6810;2644
6812;2644
6814;2644
6816;2644
6818;2644
6820;2644
6822;2644
6824;2644
6826;2644
6828;2644
6830;2644
6832;2644
6834;2644
6836;2644
6838;2644
6840;2644
6842;2644
6844;2644
6846;2644
6848;2644
6850;2644
6852;2644
6854;2644
6856;2644
6858;2644
6860;2644
6862;2644
6864;2644
6866;2644
6868;2644
6870;2644
6872;2644
6874;2644
6876;2644
6878;2644
6880;2644
6882;2644
6884;2644
6886;2644
6888;2644
6890;2644
6892;2644
6894;2644
6896;2644
6898;2644
6900;2644
6902;2644
6904;2644
6906;2644
6908;2644
6910;2644
6912;2644
6914;2644
6916;2644
6918;2644
6920;2644
6922;2644
6924;2644
6926;2644
6928;2644
6930;2644
6932;2644
6934;2644
6936;2644
6938;2644
6940;2644
6942;2644
6944;2644
6946;2644
6948;2644
6950;2644
6952;2644
6954;2644
6956;2644
6958;2644
6960;2644
6962;2644
6964;2644
6966;2644
6968;2644
6970;2644
6972;2644
6974;2644
6976;2644
6978;2644
6980;2644
6982;2644
6984;2644
6986;2644
6988;2644
6990;2644
6992;2644
6994;2644
6996;2644
6998;2644
7000;2644
7002;2644
7004;2644
7006;2644
7008;2644
7010;2644
7012;2644
7014;2644
7016;2644
7018;2644
7020;2644
7022;2644
7024;2644
7026;2644
7028;2644
7030;2644
7032;2644
7034;2644
7036;2644
7038;2644
7040;2644
7042;2644
7044;2644
7046;2644
7048;2644
7050;2644
7052;2644
7054;2644
7056;2644
7058;2644
7060;2644
7062;2644
7064;2644
7066;2644
7068;2644
7070;2644
7072;2644
7074;2644
7076;2644
7078;2644
7080;2644
7082;2644
7084;2644
7086;2644
7088;2644
7090;2644
7092;2644
7094;2644
7096;2644
7098;2644
7100;2644
7102;2644
7104;2644
7106;2644
7108;2644
7110;2644
7112;2644
7114;2644
7116;2644
7118;2644
7120;2644
7122;2644
7124;2644
7126;2644
7128;2644
7130;2644
7132;2644
7134;2644
7136;2644
7138;2644
7140;2644
7142;2644
7144;2644
7146;2644
7148;2644
7150;2644
7152;2644
7154;2644
7156;2644
7158;2644
7160;2644
7162;2644
7164;2644
7166;2644
7168;2644
7170;2644
7172;2644
7174;2644
7176;2644
7178;2644
7180;2644
7182;2644
7184;2644
7186;2644
7188;2644
7190;2644
7192;2644
7194;2644
7196;2644
7198;2644
7200;2443
7202;2443
7204;2443
7206;2443
7208;2443
7210;2443
7212;2443
7214;2443
7216;2443
7218;2443
7220;2443
7222;2443
7224;2443
7226;2443
7228;2443
7230;2443
7232;2443
7234;2443
7236;2443
7238;2443
7240;2443
7242;2443
7244;2443
7246;2443
7248;2443
7250;2443
7252;2443
7254;2443
7256;2443
7258;2443
7260;2443
7262;2443
7264;2443
7266;2443
7268;2443
7270;2443
7272;2443
7274;2443
7276;2443
7278;2443
7280;2443
7282;2443
7284;2443
7286;2443
7288;2443
7290;2443
7292;2443
7294;2443
7296;2443
7298;2443
7300;2443
7302;2443
7304;2443
7306;2443
7308;2443
7310;2443
7312;2443
7314;2443
7316;2443
7318;2443
7320;2443
7322;2443
7324;2443
7326;2443
7328;2443
7330;2443
7332;2443
7334;2443
7336;2443
7338;2443
7340;2443
7342;2443
7344;2443
7346;2443
7348;2443
7350;2443
7352;2443
7354;2443
7356;2443
7358;2443
7360;2443
7362;2443
7364;2443
7366;2443
7368;2443
7370;2443
7372;2443
7374;2443
7376;2443
7378;2443
7380;2443
7382;2443
7384;2443
7386;2443
7388;2443
7390;2443
7392;2443
7394;2443
7396;2443
7398;2443
7400;2443
7402;2443
7404;2443
7406;2443
7408;2443
7410;2443
7412;2443
7414;2443
7416;2443
7418;2443
7420;2443
7422;2443
7424;2443
7426;2443
7428;2443
7430;2443
7432;2443
7434;2443
7436;2443
7438;2443
7440;2443
7442;2443
7444;2443
7446;2443
7448;2443
7450;2443
7452;2443
7454;2443
7456;2443
7458;2443
7460;2443
7462;2443
7464;2443
7466;2443
7468;2443
7470;2443
7472;2443
7474;2443
7476;2443
7478;2443
7480;2443
7482;2443
7484;2443
7486;2443
7488;2443
7490;2443
7492;2443
7494;2443
7496;2443
7498;2443
7500;2443
7502;2443
7504;2443
7506;2443
7508;2443
7510;2443
7512;2443
7514;2443
7516;2443
7518;2443
7520;2443
7522;2443
7524;2443
7526;2443
7528;2443
7530;2443
7532;2443
7534;2443
7536;2443
7538;2443
7540;2443
7542;2443
7544;2443
7546;2443
7548;2443
7550;2443
7552;2443
7554;2443
7556;2443
7558;2443
7560;2443
7562;2443
7564;2443
7566;2443
7568;2443
7570;2443
7572;2443
7574;2443
7576;2443
7578;2443
7580;2443
7582;2443
7584;2443
7586;2443
7588;2443
7590;2443
7592;2443
7594;2443
7596;2443
7598;2443
7600;2443
7602;2443
7604;2443
7606;2443
7608;2443
7610;2443
7612;2443
7614;2443
7616;2443
7618;2443
7620;2443
7622;2443
7624;2443
7626;2443
7628;2443
7630;2443
7632;2443
7634;2443
7636;2443
7638;2443
7640;2443
7642;2443
7644;2443
7646;2443
7648;2443
7650;2443
7652;2443
7654;2443
7656;2443
7658;2443
7660;2443
7662;2443
7664;2443
7666;2443
7668;2443
7670;2443
7672;2443
7674;2443
7676;2443
7678;2443
7680;2443
7682;2443
7684;2443
7686;2443
7688;2443
7690;2443
7692;2443
7694;2443
7696;2443
7698;2443
7700;2443
7702;2443
7704;2443
7706;2443
7708;2443
7710;2443
7712;2443
7714;2443
7716;2443
7718;2443
7720;2443
7722;2443
7724;2443
7726;2443
7728;2443
7730;2443
7732;2443
7734;2443
7736;2443
7738;2443
7740;2443
7742;2443
7744;2443
7746;2443
7748;2443
7750;2443
7752;2443
7754;2443
7756;2443
7758;2443
7760;2443
7762;2443
7764;2443
7766;2443
7768;2443
7770;2443
7772;2443
7774;2443
7776;2443
7778;2443
7780;2443
7782;2443
7784;2443
7786;2443
7788;2443
7790;2443
7792;2443
7794;2443
7796;2443
7798;2443
7800;2443
7802;2443
7804;2443
7806;2443
7808;2443
7810;2443
7812;2443
7814;2443
7816;2443
7818;2443
7820;2443
7822;2443
7824;2443
7826;2443
7828;2443
7830;2443
7832;2443
7834;2443
7836;2443
7838;2443
7840;2443
7842;2443
7844;2443
7846;2443
7848;2443
7850;2443
7852;2443
7854;2443
7856;2443
7858;2443
7860;2443
7862;2443
7864;2443
7866;2443
7868;2443
7870;2443
7872;2443
7874;2443
7876;2443
7878;2443
7880;2443
7882;2443
7884;2443
7886;2443
7888;2443
7890;2443
7892;2443
7894;2443
7896;2443
7898;2443
7900;2443
7902;2443
7904;2443
7906;2443
7908;2443
7910;2443
7912;2443
7914;2443
7916;2443
7918;2443
7920;2443
7922;2443
7924;2443
7926;2443
7928;2443
7930;2443
7932;2443
7934;2443
7936;2443
7938;2443
7940;2443
7942;2443
7944;2443
7946;2443
7948;2443
7950;2443
7952;2443
7954;2443
7956;2443
7958;2443
7960;2443
7962;2443
7964;2443
7966;2443
7968;2443
7970;2443
7972;2443
7974;2443
7976;2443
7978;2443
7980;2443
7982;2443
7984;2443
7986;2443
7988;2443
7990;2443
7992;2443
7994;2443
7996;2443
7998;2443
8000;2443
8002;2443
8004;2443
8006;2443
8008;2443
8010;2443
8012;2443
8014;2443
8016;2443
8018;2443
8020;2443
8022;2443
8024;2443
8026;2443
8028;2443
8030;2443
8032;2443
8034;2443
8036;2443
8038;2443
8040;2443
8042;2443
8044;2443
8046;2443
8048;2443
8050;2443
8052;2443
8054;2443
8056;2443
8058;2443
8060;2443
8062;2443
8064;2443
8066;2443
8068;2443
8070;2443
8072;2443
8074;2443
8076;2443
8078;2443
8080;2443
8082;2443
8084;2443
8086;2443
8088;2443
8090;2443
8092;2443
8094;2443
8096;2443
8098;2443
8100;2347
8102;2347
8104;2347
8106;2347
8108;2347
8110;2347
8112;2347
8114;2347
8116;2347
8118;2347
8120;2347
8122;2347
8124;2347
8126;2347
8128;2347
8130;2347
8132;2347
8134;2347
8136;2347
8138;2347
8140;2347
8142;2347
8144;2347
8146;2347
8148;2347
8150;2347
8152;2347
8154;2347
8156;2347
8158;2347
8160;2347
8162;2347
8164;2347
8166;2347
8168;2347
8170;2347
8172;2347
8174;2347
8176;2347
8178;2347
8180;2347
8182;2347
8184;2347
8186;2347
8188;2347
8190;2347
8192;2347
8194;2347
8196;2347
8198;2347
8200;2347
8202;2347
8204;2347
8206;2347
8208;2347
8210;2347
8212;2347
8214;2347
8216;2347
8218;2347
8220;2347
8222;2347
8224;2347
8226;2347
8228;2347
8230;2347
8232;2347
8234;2347
8236;2347
8238;2347
8240;2347
8242;2347
8244;2347
8246;2347
8248;2347
8250;2347
8252;2347
8254;2347
8256;2347
8258;2347
8260;2347
8262;2347
8264;2347
8266;2347
8268;2347
8270;2347
8272;2347
8274;2347
8276;2347
8278;2347
8280;2347
8282;2347
8284;2347
8286;2347
8288;2347
8290;2347
8292;2347
8294;2347
8296;2347
8298;2347
8300;2347
8302;2347
8304;2347
8306;2347
8308;2347
8310;2347
8312;2347
8314;2347
8316;2347
8318;2347
8320;2347
8322;2347
8324;2347
8326;2347
8328;2347
8330;2347
8332;2347
8334;2347
8336;2347
8338;2347
8340;2347
8342;2347
8344;2347
8346;2347
8348;2347
8350;2347
8352;2347
8354;2347
8356;2347
8358;2347
8360;2347
8362;2347
8364;2347
8366;2347
8368;2347
8370;2347
8372;2347
8374;2347
8376;2347
8378;2347
8380;2347
8382;2347
8384;2347
8386;2347
8388;2347
8390;2347
8392;2347
8394;2347
8396;2347
8398;2347
8400;2347
8402;2347
8404;2347
8406;2347
8408;2347
8410;2347
8412;2347
8414;2347
8416;2347
8418;2347
8420;2347
8422;2347
8424;2347
8426;2347
8428;2347
8430;2347
8432;2347
8434;2347
8436;2347
8438;2347
8440;2347
8442;2347
8444;2347
8446;2347
8448;2347
8450;2347
8452;2347
8454;2347
8456;2347
8458;2347
8460;2347
8462;2347
8464;2347
8466;2347
8468;2347
8470;2347
8472;2347
8474;2347
8476;2347
8478;2347
8480;2347
8482;2347
8484;2347
8486;2347
8488;2347
8490;2347
8492;2347
8494;2347
8496;2347
8498;2347
8500;2347
8502;2347
8504;2347
8506;2347
8508;2347
8510;2347
8512;2347
8514;2347
8516;2347
8518;2347
8520;2347
8522;2347
8524;2347
8526;2347
8528;2347
8530;2347
8532;2347
8534;2347
8536;2347
8538;2347
8540;2347
8542;2347
8544;2347
8546;2347
8548;2347
8550;2347
8552;2347
8554;2347
8556;2347
8558;2347
8560;2347
8562;2347
8564;2347
8566;2347
8568;2347
8570;2347
8572;2347
8574;2347
8576;2347
8578;2347
8580;2347
8582;2347
8584;2347
8586;2347
8588;2347
8590;2347
8592;2347
8594;2347
8596;2347
8598;2347
8600;2347
8602;2347
8604;2347
8606;2347
8608;2347
8610;2347
8612;2347
8614;2347
8616;2347
8618;2347
8620;2347
8622;2347
8624;2347
8626;2347
8628;2347
8630;2347
8632;2347
8634;2347
8636;2347
8638;2347
8640;2347
8642;2347
8644;2347
8646;2347
8648;2347
8650;2347
8652;2347
8654;2347
8656;2347
8658;2347
8660;2347
8662;2347
8664;2347
8666;2347
8668;2347
8670;2347
8672;2347
8674;2347
8676;2347
8678;2347
8680;2347
8682;2347
8684;2347
8686;2347
8688;2347
8690;2347
8692;2347
8694;2347
8696;2347
8698;2347
8700;2347
8702;2347
8704;2347
8706;2347
8708;2347
8710;2347
8712;2347
8714;2347
8716;2347
8718;2347
8720;2347
8722;2347
8724;2347
8726;2347
8728;2347
8730;2347
8732;2347
8734;2347
8736;2347
8738;2347
8740;2347
8742;2347
8744;2347
8746;2347
8748;2347
8750;2347
8752;2347
8754;2347
8756;2347
8758;2347
8760;2347
8762;2347
8764;2347
8766;2347
8768;2347
8770;2347
8772;2347
8774;2347
8776;2347
8778;2347
8780;2347
8782;2347
8784;2347
8786;2347
8788;2347
8790;2347
8792;2347
8794;2347
8796;2347
8798;2347
8800;2347
8802;2347
8804;2347
8806;2347
8808;2347
8810;2347
8812;2347
8814;2347
8816;2347
8818;2347
8820;2347
8822;2347
8824;2347
8826;2347
8828;2347
8830;2347
8832;2347
8834;2347
8836;2347
8838;2347
8840;2347
8842;2347
8844;2347
8846;2347
8848;2347
8850;2347
8852;2347
8854;2347
8856;2347
8858;2347
8860;2347
8862;2347
8864;2347
8866;2347
8868;2347
8870;2347
8872;2347
8874;2347
8876;2347
8878;2347
8880;2347
8882;2347
8884;2347
8886;2347
8888;2347
8890;2347
8892;2347
8894;2347
8896;2347
8898;2347
8900;2347
8902;2347
8904;2347
8906;2347
8908;2347
8910;2347
8912;2347
8914;2347
8916;2347
8918;2347
8920;2347
8922;2347
8924;2347
8926;2347
8928;2347
8930;2347
8932;2347
8934;2347
8936;2347
8938;2347
8940;2347
8942;2347
8944;2347
8946;2347
8948;2347
8950;2347
8952;2347
8954;2347
8956;2347
8958;2347
8960;2347
8962;2347
8964;2347
8966;2347
8968;2347
8970;2347
8972;2347
8974;2347
8976;2347
8978;2347
8980;2347
8982;2347
8984;2347
8986;2347
8988;2347
8990;2347
8992;2347
8994;2347
8996;2347
8998;2347
9000;2244
9002;2244
9004;2244
9006;2244
9008;2244
9010;2244
9012;2244
9014;2244
9016;2244
9018;2244
9020;2244
9022;2244
9024;2244
9026;2244
9028;2244
9030;2244
9032;2244
9034;2244
9036;2244
9038;2244
9040;2244
9042;2244
9044;2244
9046;2244
9048;2244
9050;2244
9052;2244
9054;2244
9056;2244
9058;2244
9060;2244
9062;2244
9064;2244
9066;2244
9068;2244
9070;2244
9072;2244
9074;2244
9076;2244
9078;2244
9080;2244
9082;2244
9084;2244
9086;2244
9088;2244
9090;2244
9092;2244
9094;2244
9096;2244
9098;2244
9100;2244
9102;2244
9104;2244
9106;2244
9108;2244
9110;2244
9112;2244
9114;2244
9116;2244
9118;2244
9120;2244
9122;2244
9124;2244
9126;2244
9128;2244
9130;2244
9132;2244
9134;2244
9136;2244
9138;2244
9140;2244
9142;2244
9144;2244
9146;2244
9148;2244
9150;2244
9152;2244
9154;2244
9156;2244
9158;2244
9160;2244
9162;2244
9164;2244
9166;2244
9168;2244
9170;2244
9172;2244
9174;2244
9176;2244
9178;2244
9180;2244
9182;2244
9184;2244
9186;2244
9188;2244
9190;2244
9192;2244
9194;2244
9196;2244
9198;2244
9200;2244
9202;2244
9204;2244
9206;2244
9208;2244
9210;2244
9212;2244
9214;2244
9216;2244
9218;2244
9220;2244
9222;2244
9224;2244
9226;2244
9228;2244
9230;2244
9232;2244
9234;2244
9236;2244
9238;2244
9240;2244
9242;2244
9244;2244
9246;2244
9248;2244
9250;2244
9252;2244
9254;2244
9256;2244
9258;2244
9260;2244
9262;2244
9264;2244
9266;2244
9268;2244
9270;2244
9272;2244
9274;2244
9276;2244
9278;2244
9280;2244
9282;2244
9284;2244
9286;2244
9288;2244
9290;2244
9292;2244
9294;2244
9296;2244
9298;2244
9300;2244
9302;2244
9304;2244
9306;2244
9308;2244
9310;2244
9312;2244
9314;2244
9316;2244
9318;2244
9320;2244
9322;2244
9324;2244
9326;2244
9328;2244
9330;2244
9332;2244
9334;2244
9336;2244
9338;2244
9340;2244
9342;2244
9344;2244
9346;2244
9348;2244
9350;2244
9352;2244
9354;2244
9356;2244
9358;2244
9360;2244
9362;2244
9364;2244
9366;2244
9368;2244
9370;2244
9372;2244
9374;2244
9376;2244
9378;2244
9380;2244
9382;2244
9384;2244
9386;2244
9388;2244
9390;2244
9392;2244
9394;2244
9396;2244
9398;2244
9400;2244
9402;2244
9404;2244
9406;2244
9408;2244
9410;2244
9412;2244
9414;2244
9416;2244
9418;2244
9420;2244
9422;2244
9424;2244
9426;2244
9428;2244
9430;2244
9432;2244
9434;2244
9436;2244
9438;2244
9440;2244
9442;2244
9444;2244
9446;2244
9448;2244
9450;2244
9452;2244
9454;2244
9456;2244
9458;2244
9460;2244
9462;2244
9464;2244
9466;2244
9468;2244
9470;2244
9472;2244
9474;2244
9476;2244
9478;2244
9480;2244
9482;2244
9484;2244
9486;2244
9488;2244
9490;2244
9492;2244
9494;2244
9496;2244
9498;2244
9500;2244
9502;2244
9504;2244
9506;2244
9508;2244
9510;2244
9512;2244
9514;2244
9516;2244
9518;2244
9520;2244
9522;2244
9524;2244
9526;2244
9528;2244
9530;2244
9532;2244
9534;2244
9536;2244
9538;2244
9540;2244
9542;2244
9544;2244
9546;2244
9548;2244
9550;2244
9552;2244
9554;2244
9556;2244
9558;2244
9560;2244
9562;2244
9564;2244
9566;2244
9568;2244
9570;2244
9572;2244
9574;2244
9576;2244
9578;2244
9580;2244
9582;2244
9584;2244
9586;2244
9588;2244
9590;2244
9592;2244
9594;2244
9596;2244
9598;2244
9600;2244
9602;2244
9604;2244
9606;2244
9608;2244
9610;2244
9612;2244
9614;2244
9616;2244
9618;2244
9620;2244
9622;2244
9624;2244
9626;2244
9628;2244
9630;2244
9632;2244
9634;2244
9636;2244
9638;2244
9640;2244
9642;2244
9644;2244
9646;2244
9648;2244
9650;2244
9652;2244
9654;2244
9656;2244
9658;2244
9660;2244
9662;2244
9664;2244
9666;2244
9668;2244
9670;2244
9672;2244
9674;2244
9676;2244
9678;2244
9680;2244
9682;2244
9684;2244
9686;2244
9688;2244
9690;2244
9692;2244
9694;2244
9696;2244
9698;2244
9700;2244
9702;2244
9704;2244
9706;2244
9708;2244
9710;2244
9712;2244
9714;2244
9716;2244
9718;2244
9720;2244
9722;2244
9724;2244
9726;2244
9728;2244
9730;2244
9732;2244
9734;2244
9736;2244
9738;2244
9740;2244
9742;2244
9744;2244
9746;2244
9748;2244
9750;2244
9752;2244
9754;2244
9756;2244
9758;2244
9760;2244
9762;2244
9764;2244
9766;2244
9768;2244
9770;2244
9772;2244
9774;2244
9776;2244
9778;2244
9780;2244
9782;2244
9784;2244
9786;2244
9788;2244
9790;2244
9792;2244
9794;2244
9796;2244
9798;2244
9800;2244
9802;2244
9804;2244
9806;2244
9808;2244
9810;2244
9812;2244
9814;2244
9816;2244
9818;2244
9820;2244
9822;2244
9824;2244
9826;2244
9828;2244
9830;2244
9832;2244
9834;2244
9836;2244
9838;2244
9840;2244
9842;2244
9844;2244
9846;2244
9848;2244
9850;2244
9852;2244
9854;2244
9856;2244
9858;2244
9860;2244
9862;2244
9864;2244
9866;2244
9868;2244
9870;2244
9872;2244
9874;2244
9876;2244
9878;2244
9880;2244
9882;2244
9884;2244
9886;2244
9888;2244
9890;2244
9892;2244
9894;2244
9896;2244
9898;2244
9900;2513
9902;2513
9904;2513
9906;2513
9908;2513
9910;2513
9912;2513
9914;2513
9916;2513
9918;2513
9920;2513
9922;2513
9924;2513
9926;2513
9928;2513
9930;2513
9932;2513
9934;2513
9936;2513
9938;2513
9940;2513
9942;2513
9944;2513
9946;2513
9948;2513
9950;2513
9952;2513
9954;2513
9956;2513
9958;2513
9960;2513
9962;2513
9964;2513
9966;2513
9968;2513
9970;2513
9972;2513
9974;2513
9976;2513
9978;2513
9980;2513
9982;2513
9984;2513
9986;2513
9988;2513
9990;2513
9992;2513
9994;2513
9996;2513
9998;2513
10000;2513
10002;2513
10004;2513
10006;2513
10008;2513
10010;2513
10012;2513
10014;2513
10016;2513
10018;2513
10020;2513
10022;2513
10024;2513
10026;2513
10028;2513
10030;2513
10032;2513
10034;2513
10036;2513
10038;2513
10040;2513
10042;2513
10044;2513
10046;2513
10048;2513
10050;2513
10052;2513
10054;2513
10056;2513
10058;2513
10060;2513
10062;2513
10064;2513
10066;2513
10068;2513
10070;2513
10072;2513
10074;2513
10076;2513
10078;2513
10080;2513
10082;2513
10084;2513
10086;2513
10088;2513
10090;2513
10092;2513
10094;2513
10096;2513
10098;2513
10100;2513
10102;2513
10104;2513
10106;2513
10108;2513
10110;2513
10112;2513
10114;2513
10116;2513
10118;2513
10120;2513
10122;2513
10124;2513
10126;2513
10128;2513
10130;2513
10132;2513
10134;2513
10136;2513
10138;2513
10140;2513
10142;2513
10144;2513
10146;2513
10148;2513
10150;2513
10152;2513
10154;2513
10156;2513
10158;2513
10160;2513
10162;2513
10164;2513
10166;2513
10168;2513
10170;2513
10172;2513
10174;2513
10176;2513
10178;2513
10180;2513
10182;2513
10184;2513
10186;2513
10188;2513
10190;2513
10192;2513
10194;2513
10196;2513
10198;2513
10200;2513
10202;2513
10204;2513
10206;2513
10208;2513
10210;2513
10212;2513
10214;2513
10216;2513
10218;2513
10220;2513
10222;2513
10224;2513
10226;2513
10228;2513
10230;2513
10232;2513
10234;2513
10236;2513
10238;2513
10240;2513
10242;2513
10244;2513
10246;2513
10248;2513
10250;2513
10252;2513
10254;2513
10256;2513
10258;2513
10260;2513
10262;2513
10264;2513
10266;2513
10268;2513
10270;2513
10272;2513
10274;2513
10276;2513
10278;2513
10280;2513
10282;2513
10284;2513
10286;2513
10288;2513
10290;2513
10292;2513
10294;2513
10296;2513
10298;2513
10300;2513
10302;2513
10304;2513
10306;2513
10308;2513
10310;2513
10312;2513
10314;2513
10316;2513
10318;2513
10320;2513
10322;2513
10324;2513
10326;2513
10328;2513
10330;2513
10332;2513
10334;2513
10336;2513
10338;2513
10340;2513
10342;2513
10344;2513
10346;2513
10348;2513
10350;2513
10352;2513
10354;2513
10356;2513
10358;2513
10360;2513
10362;2513
10364;2513
10366;2513
10368;2513
10370;2513
10372;2513
10374;2513
10376;2513
10378;2513
10380;2513
10382;2513
10384;2513
10386;2513
10388;2513
10390;2513
10392;2513
10394;2513
10396;2513
10398;2513
10400;2513
10402;2513
10404;2513
10406;2513
10408;2513
10410;2513
10412;2513
10414;2513
10416;2513
10418;2513
10420;2513
10422;2513
10424;2513
10426;2513
10428;2513
10430;2513
10432;2513
10434;2513
10436;2513
10438;2513
10440;2513
10442;2513
10444;2513
10446;2513
10448;2513
10450;2513
10452;2513
10454;2513
10456;2513
10458;2513
10460;2513
10462;2513
10464;2513
10466;2513
10468;2513
10470;2513
10472;2513
10474;2513
10476;2513
10478;2513
10480;2513
10482;2513
10484;2513
10486;2513
10488;2513
10490;2513
10492;2513
10494;2513
10496;2513
10498;2513
10500;2513
10502;2513
10504;2513
10506;2513
10508;2513
10510;2513
10512;2513
10514;2513
10516;2513
10518;2513
10520;2513
10522;2513
10524;2513
10526;2513
10528;2513
10530;2513
10532;2513
10534;2513
10536;2513
10538;2513
10540;2513
10542;2513
10544;2513
10546;2513
10548;2513
10550;2513
10552;2513
10554;2513
10556;2513
10558;2513
10560;2513
10562;2513
10564;2513
10566;2513
10568;2513
10570;2513
10572;2513
10574;2513
10576;2513
10578;2513
10580;2513
10582;2513
10584;2513
10586;2513
10588;2513
10590;2513
10592;2513
10594;2513
10596;2513
10598;2513
10600;2513
10602;2513
10604;2513
10606;2513
10608;2513
10610;2513
10612;2513
10614;2513
10616;2513
10618;2513
10620;2513
10622;2513
10624;2513
10626;2513
10628;2513
10630;2513
10632;2513
10634;2513
10636;2513
10638;2513
10640;2513
10642;2513
10644;2513
10646;2513
10648;2513
10650;2513
10652;2513
10654;2513
10656;2513
10658;2513
10660;2513
10662;2513
10664;2513
10666;2513
10668;2513
10670;2513
10672;2513
10674;2513
10676;2513
10678;2513
10680;2513
10682;2513
10684;2513
10686;2513
10688;2513
10690;2513
10692;2513
10694;2513
10696;2513
10698;2513
10700;2513
10702;2513
10704;2513
10706;2513
10708;2513
10710;2513
10712;2513
10714;2513
10716;2513
10718;2513
10720;2513
10722;2513
10724;2513
10726;2513
10728;2513
10730;2513
10732;2513
10734;2513
10736;2513
10738;2513
10740;2513
10742;2513
10744;2513
10746;2513
10748;2513
10750;2513
10752;2513
10754;2513
10756;2513
10758;2513
10760;2513
10762;2513
10764;2513
10766;2513
10768;2513
10770;2513
10772;2513
10774;2513
10776;2513
10778;2513
10780;2513
10782;2513
10784;2513
10786;2513
10788;2513
10790;2513
10792;2513
10794;2513
10796;2513
10798;2513
10800;2455
10802;2455
10804;2455
10806;2455
10808;2455
10810;2455
10812;2455
10814;2455
10816;2455
10818;2455
10820;2455
10822;2455
10824;2455
10826;2455
10828;2455
10830;2455
10832;2455
10834;2455
10836;2455
10838;2455
10840;2455
10842;2455
10844;2455
10846;2455
10848;2455
10850;2455
10852;2455
10854;2455
10856;2455
10858;2455
10860;2455
10862;2455
10864;2455
10866;2455
10868;2455
10870;2455
10872;2455
10874;2455
10876;2455
10878;2455
10880;2455
10882;2455
10884;2455
10886;2455
10888;2455
10890;2455
10892;2455
10894;2455
10896;2455
10898;2455
10900;2455
10902;2455
10904;2455
10906;2455
10908;2455
10910;2455
10912;2455
10914;2455
10916;2455
10918;2455
10920;2455
10922;2455
10924;2455
10926;2455
10928;2455
10930;2455
10932;2455
10934;2455
10936;2455
10938;2455
10940;2455
10942;2455
10944;2455
10946;2455
10948;2455
10950;2455
10952;2455
10954;2455
10956;2455
10958;2455
10960;2455
10962;2455
10964;2455
10966;2455
10968;2455
10970;2455
10972;2455
10974;2455
10976;2455
10978;2455
10980;2455
10982;2455
10984;2455
10986;2455
10988;2455
10990;2455
10992;2455
10994;2455
10996;2455
10998;2455
11000;2455
11002;2455
11004;2455
11006;2455
11008;2455
11010;2455
11012;2455
11014;2455
11016;2455
11018;2455
11020;2455
11022;2455
11024;2455
11026;2455
11028;2455
11030;2455
11032;2455
11034;2455
11036;2455
11038;2455
11040;2455
11042;2455
11044;2455
11046;2455
11048;2455
11050;2455
11052;2455
11054;2455
11056;2455
11058;2455
11060;2455
11062;2455
11064;2455
11066;2455
11068;2455
11070;2455
11072;2455
11074;2455
11076;2455
11078;2455
11080;2455
11082;2455
11084;2455
11086;2455
11088;2455
11090;2455
11092;2455
11094;2455
11096;2455
11098;2455
11100;2455
11102;2455
11104;2455
11106;2455
11108;2455
11110;2455
11112;2455
11114;2455
11116;2455
11118;2455
11120;2455
11122;2455
11124;2455
11126;2455
11128;2455
11130;2455
11132;2455
11134;2455
11136;2455
11138;2455
11140;2455
11142;2455
11144;2455
11146;2455
11148;2455
11150;2455
11152;2455
11154;2455
11156;2455
11158;2455
11160;2455
11162;2455
11164;2455
11166;2455
11168;2455
11170;2455
11172;2455
11174;2455
11176;2455
11178;2455
11180;2455
11182;2455
11184;2455
11186;2455
11188;2455
11190;2455
11192;2455
11194;2455
11196;2455
11198;2455
11200;2455
11202;2455
11204;2455
11206;2455
11208;2455
11210;2455
11212;2455
11214;2455
11216;2455
11218;2455
11220;2455
11222;2455
11224;2455
11226;2455
11228;2455
11230;2455
11232;2455
11234;2455
11236;2455
11238;2455
11240;2455
11242;2455
11244;2455
11246;2455
11248;2455
11250;2455
11252;2455
11254;2455
11256;2455
11258;2455
11260;2455
11262;2455
11264;2455
11266;2455
11268;2455
11270;2455
11272;2455
11274;2455
11276;2455
11278;2455
11280;2455
11282;2455
11284;2455
11286;2455
11288;2455
11290;2455
11292;2455
11294;2455
11296;2455
11298;2455
11300;2455
11302;2455
11304;2455
11306;2455
11308;2455
11310;2455
11312;2455
11314;2455
11316;2455
11318;2455
11320;2455
11322;2455
11324;2455
11326;2455
11328;2455
11330;2455
11332;2455
11334;2455
11336;2455
11338;2455
11340;2455
11342;2455
11344;2455
11346;2455
11348;2455
11350;2455
11352;2455
11354;2455
11356;2455
11358;2455
11360;2455
11362;2455
11364;2455
11366;2455
11368;2455
11370;2455
11372;2455
11374;2455
11376;2455
11378;2455
11380;2455
11382;2455
11384;2455
11386;2455
11388;2455
11390;2455
11392;2455
11394;2455
11396;2455
11398;2455
11400;2455
11402;2455
11404;2455
11406;2455
11408;2455
11410;2455
11412;2455
11414;2455
11416;2455
11418;2455
11420;2455
11422;2455
11424;2455
11426;2455
11428;2455
11430;2455
11432;2455
11434;2455
11436;2455
11438;2455
11440;2455
11442;2455
11444;2455
11446;2455
11448;2455
11450;2455
11452;2455
11454;2455
11456;2455
11458;2455
11460;2455
11462;2455
11464;2455
11466;2455
11468;2455
11470;2455
11472;2455
11474;2455
11476;2455
11478;2455
11480;2455
11482;2455
11484;2455
11486;2455
11488;2455
11490;2455
11492;2455
11494;2455
11496;2455
11498;2455
11500;2455
11502;2455
11504;2455
11506;2455
11508;2455
11510;2455
11512;2455
11514;2455
11516;2455
11518;2455
11520;2455
11522;2455
11524;2455
11526;2455
11528;2455
11530;2455
11532;2455
11534;2455
11536;2455
11538;2455
11540;2455
11542;2455
11544;2455
11546;2455
11548;2455
11550;2455
11552;2455
11554;2455
11556;2455
11558;2455
11560;2455
11562;2455
11564;2455
11566;2455
11568;2455
11570;2455
11572;2455
11574;2455
11576;2455
11578;2455
11580;2455
11582;2455
11584;2455
11586;2455
11588;2455
11590;2455
11592;2455
11594;2455
11596;2455
11598;2455
11600;2455
11602;2455
11604;2455
11606;2455
11608;2455
11610;2455
11612;2455
11614;2455
11616;2455
11618;2455
11620;2455
11622;2455
11624;2455
11626;2455
11628;2455
11630;2455
11632;2455
11634;2455
11636;2455
11638;2455
11640;2455
11642;2455
11644;2455
11646;2455
11648;2455
11650;2455
11652;2455
11654;2455
11656;2455
11658;2455
11660;2455
11662;2455
11664;2455
11666;2455
11668;2455
11670;2455
11672;2455
11674;2455
11676;2455
11678;2455
11680;2455
11682;2455
11684;2455
11686;2455
11688;2455
11690;2455
11692;2455
11694;2455
11696;2455
11698;2455
11700;2293
11702;2293
11704;2293
11706;2293
11708;2293
11710;2293
11712;2293
11714;2293
11716;2293
11718;2293
11720;2293
11722;2293
11724;2293
11726;2293
11728;2293
11730;2293
11732;2293
11734;2293
11736;2293
11738;2293
11740;2293
11742;2293
11744;2293
11746;2293
11748;2293
11750;2293
11752;2293
11754;2293
11756;2293
11758;2293
11760;2293
11762;2293
11764;2293
11766;2293
11768;2293
11770;2293
11772;2293
11774;2293
11776;2293
11778;2293
11780;2293
11782;2293
11784;2293
11786;2293
11788;2293
11790;2293
11792;2293
11794;2293
11796;2293
11798;2293
11800;2293
11802;2293
11804;2293
11806;2293
11808;2293
11810;2293
11812;2293
11814;2293
11816;2293
11818;2293
11820;2293
11822;2293
11824;2293
11826;2293
11828;2293
11830;2293
11832;2293
11834;2293
11836;2293
11838;2293
11840;2293
11842;2293
11844;2293
11846;2293
11848;2293
11850;2293
11852;2293
11854;2293
11856;2293
11858;2293
11860;2293
11862;2293
11864;2293
11866;2293
11868;2293
11870;2293
11872;2293
11874;2293
11876;2293
11878;2293
11880;2293
11882;2293
11884;2293
11886;2293
11888;2293
11890;2293
11892;2293
11894;2293
11896;2293
11898;2293
11900;2293
11902;2293
11904;2293
11906;2293
11908;2293
11910;2293
11912;2293
11914;2293
11916;2293
11918;2293
11920;2293
11922;2293
11924;2293
11926;2293
11928;2293
11930;2293
11932;2293
11934;2293
11936;2293
11938;2293
11940;2293
11942;2293
11944;2293
11946;2293
11948;2293
11950;2293
11952;2293
11954;2293
11956;2293
11958;2293
11960;2293
11962;2293
11964;2293
11966;2293
11968;2293
11970;2293
11972;2293
11974;2293
11976;2293
11978;2293
11980;2293
11982;2293
11984;2293
11986;2293
11988;2293
11990;2293
11992;2293
11994;2293
11996;2293
11998;2293
12000;2293
12002;2293
12004;2293
12006;2293
12008;2293
12010;2293
12012;2293
12014;2293
12016;2293
12018;2293
12020;2293
12022;2293
12024;2293
12026;2293
12028;2293
12030;2293
12032;2293
12034;2293
12036;2293
12038;2293
12040;2293
12042;2293
12044;2293
12046;2293
12048;2293
12050;2293
12052;2293
12054;2293
12056;2293
12058;2293
12060;2293
12062;2293
12064;2293
12066;2293
12068;2293
12070;2293
12072;2293
12074;2293
12076;2293
12078;2293
12080;2293
12082;2293
12084;2293
12086;2293
12088;2293
12090;2293
12092;2293
12094;2293
12096;2293
12098;2293
12100;2293
12102;2293
12104;2293
12106;2293
12108;2293
12110;2293
12112;2293
12114;2293
12116;2293
12118;2293
12120;2293
12122;2293
12124;2293
12126;2293
12128;2293
12130;2293
12132;2293
12134;2293
12136;2293
12138;2293
12140;2293
12142;2293
12144;2293
12146;2293
12148;2293
12150;2293
12152;2293
12154;2293
12156;2293
12158;2293
12160;2293
12162;2293
12164;2293
12166;2293
12168;2293
12170;2293
12172;2293
12174;2293
12176;2293
12178;2293
12180;2293
12182;2293
12184;2293
12186;2293
12188;2293
12190;2293
12192;2293
12194;2293
12196;2293
12198;2293
12200;2293
12202;2293
12204;2293
12206;2293
12208;2293
12210;2293
12212;2293
12214;2293
12216;2293
12218;2293
12220;2293
12222;2293
12224;2293
12226;2293
12228;2293
12230;2293
12232;2293
12234;2293
12236;2293
12238;2293
12240;2293
12242;2293
12244;2293
12246;2293
12248;2293
12250;2293
12252;2293
12254;2293
12256;2293
12258;2293
12260;2293
12262;2293
12264;2293
12266;2293
12268;2293
12270;2293
12272;2293
12274;2293
12276;2293
12278;2293
12280;2293
12282;2293
12284;2293
12286;2293
12288;2293
12290;2293
12292;2293
12294;2293
12296;2293
12298;2293
12300;2293
12302;2293
12304;2293
12306;2293
12308;2293
12310;2293
12312;2293
12314;2293
12316;2293
12318;2293
12320;2293
12322;2293
12324;2293
12326;2293
12328;2293
12330;2293
12332;2293
12334;2293
12336;2293
12338;2293
12340;2293
12342;2293
12344;2293
12346;2293
12348;2293
12350;2293
12352;2293
12354;2293
12356;2293
12358;2293
12360;2293
12362;2293
12364;2293
12366;2293
12368;2293
12370;2293
12372;2293
12374;2293
12376;2293
12378;2293
12380;2293
12382;2293
12384;2293
12386;2293
12388;2293
12390;2293
12392;2293
12394;2293
12396;2293
12398;2293
12400;2293
12402;2293
12404;2293
12406;2293
12408;2293
12410;2293
12412;2293
12414;2293
12416;2293
12418;2293
12420;2293
12422;2293
12424;2293
12426;2293
12428;2293
12430;2293
12432;2293
12434;2293
12436;2293
12438;2293
12440;2293
12442;2293
12444;2293
12446;2293
12448;2293
12450;2293
12452;2293
12454;2293
12456;2293
12458;2293
12460;2293
12462;2293
12464;2293
12466;2293
12468;2293
12470;2293
12472;2293
12474;2293
12476;2293
12478;2293
12480;2293
12482;2293
12484;2293
12486;2293
12488;2293
12490;2293
12492;2293
12494;2293
12496;2293
12498;2293
12500;2293
12502;2293
12504;2293
12506;2293
12508;2293
12510;2293
12512;2293
12514;2293
12516;2293
12518;2293
12520;2293
12522;2293
12524;2293
12526;2293
12528;2293
12530;2293
12532;2293
12534;2293
12536;2293
12538;2293
12540;2293
12542;2293
12544;2293
12546;2293
12548;2293
12550;2293
12552;2293
12554;2293
12556;2293
12558;2293
12560;2293
12562;2293
12564;2293
12566;2293
12568;2293
12570;2293
12572;2293
12574;2293
12576;2293
12578;2293
12580;2293
12582;2293
12584;2293
12586;2293
12588;2293
12590;2293
12592;2293
12594;2293
12596;2293
12598;2293
12600;2198
12602;2198
12604;2198
12606;2198
12608;2198
12610;2198
12612;2198
12614;2198
12616;2198
12618;2198
12620;2198
12622;2198
12624;2198
12626;2198
12628;2198
12630;2198
12632;2198
12634;2198
12636;2198
12638;2198
12640;2198
12642;2198
12644;2198
12646;2198
12648;2198
12650;2198
12652;2198
12654;2198
12656;2198
12658;2198
12660;2198
12662;2198
12664;2198
12666;2198
12668;2198
12670;2198
12672;2198
12674;2198
12676;2198
12678;2198
12680;2198
12682;2198
12684;2198
12686;2198
12688;2198
12690;2198
12692;2198
12694;2198
12696;2198
12698;2198
12700;2198
12702;2198
12704;2198
12706;2198
12708;2198
12710;2198
12712;2198
12714;2198
12716;2198
12718;2198
12720;2198
12722;2198
12724;2198
12726;2198
12728;2198
12730;2198
12732;2198
12734;2198
12736;2198
12738;2198
12740;2198
12742;2198
12744;2198
12746;2198
12748;2198
12750;2198
12752;2198
12754;2198
12756;2198
12758;2198
12760;2198
12762;2198
12764;2198
12766;2198
12768;2198
12770;2198
12772;2198
12774;2198
12776;2198
12778;2198
12780;2198
12782;2198
12784;2198
12786;2198
12788;2198
12790;2198
12792;2198
12794;2198
12796;2198
12798;2198
12800;2198
12802;2198
12804;2198
12806;2198
12808;2198
12810;2198
12812;2198
12814;2198
12816;2198
12818;2198
12820;2198
12822;2198
12824;2198
12826;2198
12828;2198
12830;2198
12832;2198
12834;2198
12836;2198
12838;2198
12840;2198
12842;2198
12844;2198
12846;2198
12848;2198
12850;2198
12852;2198
12854;2198
12856;2198
12858;2198
12860;2198
12862;2198
12864;2198
12866;2198
12868;2198
12870;2198
12872;2198
12874;2198
12876;2198
12878;2198
12880;2198
12882;2198
12884;2198
12886;2198
12888;2198
12890;2198
12892;2198
12894;2198
12896;2198
12898;2198
12900;2198
12902;2198
12904;2198
12906;2198
12908;2198
12910;2198
12912;2198
12914;2198
12916;2198
12918;2198
12920;2198
12922;2198
12924;2198
12926;2198
12928;2198
12930;2198
12932;2198
12934;2198
12936;2198
12938;2198
12940;2198
12942;2198
12944;2198
12946;2198
12948;2198
12950;2198
12952;2198
12954;2198
12956;2198
12958;2198
12960;2198
12962;2198
12964;2198
12966;2198
12968;2198
12970;2198
12972;2198
12974;2198
12976;2198
12978;2198
12980;2198
12982;2198
12984;2198
12986;2198
12988;2198
12990;2198
12992;2198
12994;2198
12996;2198
12998;2198
13000;2198
13002;2198
13004;2198
13006;2198
13008;2198
13010;2198
13012;2198
13014;2198
13016;2198
13018;2198
13020;2198
13022;2198
13024;2198
13026;2198
13028;2198
13030;2198
13032;2198
13034;2198
13036;2198
13038;2198
13040;2198
13042;2198
13044;2198
13046;2198
13048;2198
13050;2198
13052;2198
13054;2198
13056;2198
13058;2198
13060;2198
13062;2198
13064;2198
13066;2198
13068;2198
13070;2198
13072;2198
13074;2198
13076;2198
13078;2198
13080;2198
13082;2198
13084;2198
13086;2198
13088;2198
13090;2198
13092;2198
13094;2198
13096;2198
13098;2198
13100;2198
13102;2198
13104;2198
13106;2198
13108;2198
13110;2198
13112;2198
13114;2198
13116;2198
13118;2198
13120;2198
13122;2198
13124;2198
13126;2198
13128;2198
13130;2198
13132;2198
13134;2198
13136;2198
13138;2198
13140;2198
13142;2198
13144;2198
13146;2198
13148;2198
13150;2198
13152;2198
13154;2198
13156;2198
13158;2198
13160;2198
13162;2198
13164;2198
13166;2198
13168;2198
13170;2198
13172;2198
13174;2198
13176;2198
13178;2198
13180;2198
13182;2198
13184;2198
13186;2198
13188;2198
13190;2198
13192;2198
13194;2198
13196;2198
13198;2198
13200;2198
13202;2198
13204;2198
13206;2198
13208;2198
13210;2198
13212;2198
13214;2198
13216;2198
13218;2198
13220;2198
13222;2198
13224;2198
13226;2198
13228;2198
13230;2198
13232;2198
13234;2198
13236;2198
13238;2198
13240;2198
13242;2198
13244;2198
13246;2198
13248;2198
13250;2198
13252;2198
13254;2198
13256;2198
13258;2198
13260;2198
13262;2198
13264;2198
13266;2198
13268;2198
13270;2198
13272;2198
13274;2198
13276;2198
13278;2198
13280;2198
13282;2198
13284;2198
13286;2198
13288;2198
13290;2198
13292;2198
13294;2198
13296;2198
13298;2198
13300;2198
13302;2198
13304;2198
13306;2198
13308;2198
13310;2198
13312;2198
13314;2198
13316;2198
13318;2198
13320;2198
13322;2198
13324;2198
13326;2198
13328;2198
13330;2198
13332;2198
13334;2198
13336;2198
13338;2198
13340;2198
13342;2198
13344;2198
13346;2198
13348;2198
13350;2198
13352;2198
13354;2198
13356;2198
13358;2198
13360;2198
13362;2198
13364;2198
13366;2198
13368;2198
13370;2198
13372;2198
13374;2198
13376;2198
13378;2198
13380;2198
13382;2198
13384;2198
13386;2198
13388;2198
13390;2198
13392;2198
13394;2198
13396;2198
13398;2198
13400;2198
13402;2198
13404;2198
13406;2198
13408;2198
13410;2198
13412;2198
13414;2198
13416;2198
13418;2198
13420;2198
13422;2198
13424;2198
13426;2198
13428;2198
13430;2198
13432;2198
13434;2198
13436;2198
13438;2198
13440;2198
13442;2198
13444;2198
13446;2198
13448;2198
13450;2198
13452;2198
13454;2198
13456;2198
13458;2198
13460;2198
13462;2198
13464;2198
13466;2198
13468;2198
13470;2198
13472;2198
13474;2198
13476;2198
13478;2198
13480;2198
13482;2198
13484;2198
13486;2198
13488;2198
13490;2198
13492;2198
13494;2198
13496;2198
13498;2198
13500;2282
13502;2282
13504;2282
13506;2282
13508;2282
13510;2282
13512;2282
13514;2282
13516;2282
13518;2282
13520;2282
13522;2282
13524;2282
13526;2282
13528;2282
13530;2282
13532;2282
13534;2282
13536;2282
13538;2282
13540;2282
13542;2282
13544;2282
13546;2282
13548;2282
13550;2282
13552;2282
13554;2282
13556;2282
13558;2282
13560;2282
13562;2282
13564;2282
13566;2282
13568;2282
13570;2282
13572;2282
13574;2282
13576;2282
13578;2282
13580;2282
13582;2282
13584;2282
13586;2282
13588;2282
13590;2282
13592;2282
13594;2282
13596;2282
13598;2282
13600;2282
13602;2282
13604;2282
13606;2282
13608;2282
13610;2282
13612;2282
13614;2282
13616;2282
13618;2282
13620;2282
13622;2282
13624;2282
13626;2282
13628;2282
13630;2282
13632;2282
13634;2282
13636;2282
13638;2282
13640;2282
13642;2282
13644;2282
13646;2282
13648;2282
13650;2282
13652;2282
13654;2282
13656;2282
13658;2282
13660;2282
13662;2282
13664;2282
13666;2282
13668;2282
13670;2282
13672;2282
13674;2282
13676;2282
13678;2282
13680;2282
13682;2282
13684;2282
13686;2282
13688;2282
13690;2282
13692;2282
13694;2282
13696;2282
13698;2282
13700;2282
13702;2282
13704;2282
13706;2282
13708;2282
13710;2282
13712;2282
13714;2282
13716;2282
13718;2282
13720;2282
13722;2282
13724;2282
13726;2282
13728;2282
13730;2282
13732;2282
13734;2282
13736;2282
13738;2282
13740;2282
13742;2282
13744;2282
13746;2282
13748;2282
13750;2282
13752;2282
13754;2282
13756;2282
13758;2282
13760;2282
13762;2282
13764;2282
13766;2282
13768;2282
13770;2282
13772;2282
13774;2282
13776;2282
13778;2282
13780;2282
13782;2282
13784;2282
13786;2282
13788;2282
13790;2282
13792;2282
13794;2282
13796;2282
13798;2282
13800;2282
13802;2282
13804;2282
13806;2282
13808;2282
13810;2282
13812;2282
13814;2282
13816;2282
13818;2282
13820;2282
13822;2282
13824;2282
13826;2282
13828;2282
13830;2282
13832;2282
13834;2282
13836;2282
13838;2282
13840;2282
13842;2282
13844;2282
13846;2282
13848;2282
13850;2282
13852;2282
13854;2282
13856;2282
13858;2282
13860;2282
13862;2282
13864;2282
13866;2282
13868;2282
13870;2282
13872;2282
13874;2282
13876;2282
13878;2282
13880;2282
13882;2282
13884;2282
13886;2282
13888;2282
13890;2282
13892;2282
13894;2282
13896;2282
13898;2282
13900;2282
13902;2282
13904;2282
13906;2282
13908;2282
13910;2282
13912;2282
13914;2282
13916;2282
13918;2282
13920;2282
13922;2282
13924;2282
13926;2282
13928;2282
13930;2282
13932;2282
13934;2282
13936;2282
13938;2282
13940;2282
13942;2282
13944;2282
13946;2282
13948;2282
13950;2282
13952;2282
13954;2282
13956;2282
13958;2282
13960;2282
13962;2282
13964;2282
13966;2282
13968;2282
13970;2282
13972;2282
13974;2282
13976;2282
13978;2282
13980;2282
13982;2282
13984;2282
13986;2282
13988;2282
13990;2282
13992;2282
13994;2282
13996;2282
13998;2282
14000;2282
14002;2282
14004;2282
14006;2282
14008;2282
14010;2282
14012;2282
14014;2282
14016;2282
14018;2282
14020;2282
14022;2282
14024;2282
14026;2282
14028;2282
14030;2282
14032;2282
14034;2282
14036;2282
14038;2282
14040;2282
14042;2282
14044;2282
14046;2282
14048;2282
14050;2282
14052;2282
14054;2282
14056;2282
14058;2282
14060;2282
14062;2282
14064;2282
14066;2282
14068;2282
14070;2282
14072;2282
14074;2282
14076;2282
14078;2282
14080;2282
14082;2282
14084;2282
14086;2282
14088;2282
14090;2282
14092;2282
14094;2282
14096;2282
14098;2282
14100;2282
14102;2282
14104;2282
14106;2282
14108;2282
14110;2282
14112;2282
14114;2282
14116;2282
14118;2282
14120;2282
14122;2282
14124;2282
14126;2282
14128;2282
14130;2282
14132;2282
14134;2282
14136;2282
14138;2282
14140;2282
14142;2282
14144;2282
14146;2282
14148;2282
14150;2282
14152;2282
14154;2282
14156;2282
14158;2282
14160;2282
14162;2282
14164;2282
14166;2282
14168;2282
14170;2282
14172;2282
14174;2282
14176;2282
14178;2282
14180;2282
14182;2282
14184;2282
14186;2282
14188;2282
14190;2282
14192;2282
14194;2282
14196;2282
14198;2282
14200;2282
14202;2282
14204;2282
14206;2282
14208;2282
14210;2282
14212;2282
14214;2282
14216;2282
14218;2282
14220;2282
14222;2282
14224;2282
14226;2282
14228;2282
14230;2282
14232;2282
14234;2282
14236;2282
14238;2282
14240;2282
14242;2282
14244;2282
14246;2282
14248;2282
14250;2282
14252;2282
14254;2282
14256;2282
14258;2282
14260;2282
14262;2282
14264;2282
14266;2282
14268;2282
14270;2282
14272;2282
14274;2282
14276;2282
14278;2282
14280;2282
14282;2282
14284;2282
14286;2282
14288;2282
14290;2282
14292;2282
14294;2282
14296;2282
14298;2282
14300;2282
14302;2282
14304;2282
14306;2282
14308;2282
14310;2282
14312;2282
14314;2282
14316;2282
14318;2282
14320;2282
14322;2282
14324;2282
14326;2282
14328;2282
14330;2282
14332;2282
14334;2282
14336;2282
14338;2282
14340;2282
14342;2282
14344;2282
14346;2282
14348;2282
14350;2282
14352;2282
14354;2282
14356;2282
14358;2282
14360;2282
14362;2282
14364;2282
14366;2282
14368;2282
14370;2282
14372;2282
14374;2282
14376;2282
14378;2282
14380;2282
14382;2282
14384;2282
14386;2282
14388;2282
14390;2282
14392;2282
14394;2282
14396;2282
14398;2282
14400;2225
14402;2225
14404;2225
14406;2225
14408;2225
14410;2225
14412;2225
14414;2225
14416;2225
14418;2225
14420;2225
14422;2225
14424;2225
14426;2225
14428;2225
14430;2225
14432;2225
14434;2225
14436;2225
14438;2225
14440;2225
14442;2225
14444;2225
14446;2225
14448;2225
14450;2225
14452;2225
14454;2225
14456;2225
14458;2225
14460;2225
14462;2225
14464;2225
14466;2225
14468;2225
14470;2225
14472;2225
14474;2225
14476;2225
14478;2225
14480;2225
14482;2225
14484;2225
14486;2225
14488;2225
14490;2225
14492;2225
14494;2225
14496;2225
14498;2225
14500;2225
14502;2225
14504;2225
14506;2225
14508;2225
14510;2225
14512;2225
14514;2225
14516;2225
14518;2225
14520;2225
14522;2225
14524;2225
14526;2225
14528;2225
14530;2225
14532;2225
14534;2225
14536;2225
14538;2225
14540;2225
14542;2225
14544;2225
14546;2225
14548;2225
14550;2225
14552;2225
14554;2225
14556;2225
14558;2225
14560;2225
14562;2225
14564;2225
14566;2225
14568;2225
14570;2225
14572;2225
14574;2225
14576;2225
14578;2225
14580;2225
14582;2225
14584;2225
14586;2225
14588;2225
14590;2225
14592;2225
14594;2225
14596;2225
14598;2225
14600;2225
14602;2225
14604;2225
14606;2225
14608;2225
14610;2225
14612;2225
14614;2225
14616;2225
14618;2225
14620;2225
14622;2225
14624;2225
14626;2225
14628;2225
14630;2225
14632;2225
14634;2225
14636;2225
14638;2225
14640;2225
14642;2225
14644;2225
14646;2225
14648;2225
14650;2225
14652;2225
14654;2225
14656;2225
14658;2225
14660;2225
14662;2225
14664;2225
14666;2225
14668;2225
14670;2225
14672;2225
14674;2225
14676;2225
14678;2225
14680;2225
14682;2225
14684;2225
14686;2225
14688;2225
14690;2225
14692;2225
14694;2225
14696;2225
14698;2225
14700;2225
14702;2225
14704;2225
14706;2225
14708;2225
14710;2225
14712;2225
14714;2225
14716;2225
14718;2225
14720;2225
14722;2225
14724;2225
14726;2225
14728;2225
14730;2225
14732;2225
14734;2225
14736;2225
14738;2225
14740;2225
14742;2225
14744;2225
14746;2225
14748;2225
14750;2225
14752;2225
14754;2225
14756;2225
14758;2225
14760;2225
14762;2225
14764;2225
14766;2225
14768;2225
14770;2225
14772;2225
14774;2225
14776;2225
14778;2225
14780;2225
14782;2225
14784;2225
14786;2225
14788;2225
14790;2225
14792;2225
14794;2225
14796;2225
14798;2225
14800;2225
14802;2225
14804;2225
14806;2225
14808;2225
14810;2225
14812;2225
14814;2225
14816;2225
14818;2225
14820;2225
14822;2225
14824;2225
14826;2225
14828;2225
14830;2225
14832;2225
14834;2225
14836;2225
14838;2225
14840;2225
14842;2225
14844;2225
14846;2225
14848;2225
14850;2225
14852;2225
14854;2225
14856;2225
14858;2225
14860;2225
14862;2225
14864;2225
14866;2225
14868;2225
14870;2225
14872;2225
14874;2225
14876;2225
14878;2225
14880;2225
14882;2225
14884;2225
14886;2225
14888;2225
14890;2225
14892;2225
14894;2225
14896;2225
14898;2225
14900;2225
14902;2225
14904;2225
14906;2225
14908;2225
14910;2225
14912;2225
14914;2225
14916;2225
14918;2225
14920;2225
14922;2225
14924;2225
14926;2225
14928;2225
14930;2225
14932;2225
14934;2225
14936;2225
14938;2225
14940;2225
14942;2225
14944;2225
14946;2225
14948;2225
14950;2225
14952;2225
14954;2225
14956;2225
14958;2225
14960;2225
14962;2225
14964;2225
14966;2225
14968;2225
14970;2225
14972;2225
14974;2225
14976;2225
14978;2225
14980;2225
14982;2225
14984;2225
14986;2225
14988;2225
14990;2225
14992;2225
14994;2225
14996;2225
14998;2225
15000;2225
15002;2225
15004;2225
15006;2225
15008;2225
15010;2225
15012;2225
15014;2225
15016;2225
15018;2225
15020;2225
15022;2225
15024;2225
15026;2225
15028;2225
15030;2225
15032;2225
15034;2225
15036;2225
15038;2225
15040;2225
15042;2225
15044;2225
15046;2225
15048;2225
15050;2225
15052;2225
15054;2225
15056;2225
15058;2225
15060;2225
15062;2225
15064;2225
15066;2225
15068;2225
15070;2225
15072;2225
15074;2225
15076;2225
15078;2225
15080;2225
15082;2225
15084;2225
15086;2225
15088;2225
15090;2225
15092;2225
15094;2225
15096;2225
15098;2225
15100;2225
15102;2225
15104;2225
15106;2225
15108;2225
15110;2225
15112;2225
15114;2225
15116;2225
15118;2225
15120;2225
15122;2225
15124;2225
15126;2225
15128;2225
15130;2225
15132;2225
15134;2225
15136;2225
15138;2225
15140;2225
15142;2225
15144;2225
15146;2225
15148;2225
15150;2225
15152;2225
15154;2225
15156;2225
15158;2225
15160;2225
15162;2225
15164;2225
15166;2225
15168;2225
15170;2225
15172;2225
15174;2225
15176;2225
15178;2225
15180;2225
15182;2225
15184;2225
15186;2225
15188;2225
15190;2225
15192;2225
15194;2225
15196;2225
15198;2225
15200;2225
15202;2225
15204;2225
15206;2225
15208;2225
15210;2225
15212;2225
15214;2225
15216;2225
15218;2225
15220;2225
15222;2225
15224;2225
15226;2225
15228;2225
15230;2225
15232;2225
15234;2225
15236;2225
15238;2225
15240;2225
15242;2225
15244;2225
15246;2225
15248;2225
15250;2225
15252;2225
15254;2225
15256;2225
15258;2225
15260;2225
15262;2225
15264;2225
15266;2225
15268;2225
15270;2225
15272;2225
15274;2225
15276;2225
15278;2225
15280;2225
15282;2225
15284;2225
15286;2225
15288;2225
15290;2225
15292;2225
15294;2225
15296;2225
15298;2225
15300;2432
15302;2432
15304;2432
15306;2432
15308;2432
15310;2432
15312;2432
15314;2432
15316;2432
15318;2432
15320;2432
15322;2432
15324;2432
15326;2432
15328;2432
15330;2432
15332;2432
15334;2432
15336;2432
15338;2432
15340;2432
15342;2432
15344;2432
15346;2432
15348;2432
15350;2432
15352;2432
15354;2432
15356;2432
15358;2432
15360;2432
15362;2432
15364;2432
15366;2432
15368;2432
15370;2432
15372;2432
15374;2432
15376;2432
15378;2432
15380;2432
15382;2432
15384;2432
15386;2432
15388;2432
15390;2432
15392;2432
15394;2432
15396;2432
15398;2432
15400;2432
15402;2432
15404;2432
15406;2432
15408;2432
15410;2432
15412;2432
15414;2432
15416;2432
15418;2432
15420;2432
15422;2432
15424;2432
15426;2432
15428;2432
15430;2432
15432;2432
15434;2432
15436;2432
15438;2432
15440;2432
15442;2432
15444;2432
15446;2432
15448;2432
15450;2432
15452;2432
15454;2432
15456;2432
15458;2432
15460;2432
15462;2432
15464;2432
15466;2432
15468;2432
15470;2432
15472;2432
15474;2432
15476;2432
15478;2432
15480;2432
15482;2432
15484;2432
15486;2432
15488;2432
15490;2432
15492;2432
15494;2432
15496;2432
15498;2432
15500;2432
15502;2432
15504;2432
15506;2432
15508;2432
15510;2432
15512;2432
15514;2432
15516;2432
15518;2432
15520;2432
15522;2432
15524;2432
15526;2432
15528;2432
15530;2432
15532;2432
15534;2432
15536;2432
15538;2432
15540;2432
15542;2432
15544;2432
15546;2432
15548;2432
15550;2432
15552;2432
15554;2432
15556;2432
15558;2432
15560;2432
15562;2432
15564;2432
15566;2432
15568;2432
15570;2432
15572;2432
15574;2432
15576;2432
15578;2432
15580;2432
15582;2432
15584;2432
15586;2432
15588;2432
15590;2432
15592;2432
15594;2432
15596;2432
15598;2432
15600;2432
15602;2432
15604;2432
15606;2432
15608;2432
15610;2432
15612;2432
15614;2432
15616;2432
15618;2432
15620;2432
15622;2432
15624;2432
15626;2432
15628;2432
15630;2432
15632;2432
15634;2432
15636;2432
15638;2432
15640;2432
15642;2432
15644;2432
15646;2432
15648;2432
15650;2432
15652;2432
15654;2432
15656;2432
15658;2432
15660;2432
15662;2432
15664;2432
15666;2432
15668;2432
15670;2432
15672;2432
15674;2432
15676;2432
15678;2432
15680;2432
15682;2432
15684;2432
15686;2432
15688;2432
15690;2432
15692;2432
15694;2432
15696;2432
15698;2432
15700;2432
15702;2432
15704;2432
15706;2432
15708;2432
15710;2432
15712;2432
15714;2432
15716;2432
15718;2432
15720;2432
15722;2432
15724;2432
15726;2432
15728;2432
15730;2432
15732;2432
15734;2432
15736;2432
15738;2432
15740;2432
15742;2432
15744;2432
15746;2432
15748;2432
15750;2432
15752;2432
15754;2432
15756;2432
15758;2432
15760;2432
15762;2432
15764;2432
15766;2432
15768;2432
15770;2432
15772;2432
15774;2432
15776;2432
15778;2432
15780;2432
15782;2432
15784;2432
15786;2432
15788;2432
15790;2432
15792;2432
15794;2432
15796;2432
15798;2432
15800;2432
15802;2432
15804;2432
15806;2432
15808;2432
15810;2432
15812;2432
15814;2432
15816;2432
15818;2432
15820;2432
15822;2432
15824;2432
15826;2432
15828;2432
15830;2432
15832;2432
15834;2432
15836;2432
15838;2432
15840;2432
15842;2432
15844;2432
15846;2432
15848;2432
15850;2432
15852;2432
15854;2432
15856;2432
15858;2432
15860;2432
15862;2432
15864;2432
15866;2432
15868;2432
15870;2432
15872;2432
15874;2432
15876;2432
15878;2432
15880;2432
15882;2432
15884;2432
15886;2432
15888;2432
15890;2432
15892;2432
15894;2432
15896;2432
15898;2432
15900;2432
15902;2432
15904;2432
15906;2432
15908;2432
15910;2432
15912;2432
15914;2432
15916;2432
15918;2432
15920;2432
15922;2432
15924;2432
15926;2432
15928;2432
15930;2432
15932;2432
15934;2432
15936;2432
15938;2432
15940;2432
15942;2432
15944;2432
15946;2432
15948;2432
15950;2432
15952;2432
15954;2432
15956;2432
15958;2432
15960;2432
15962;2432
15964;2432
15966;2432
15968;2432
15970;2432
15972;2432
15974;2432
15976;2432
15978;2432
15980;2432
15982;2432
15984;2432
15986;2432
15988;2432
15990;2432
15992;2432
15994;2432
15996;2432
15998;2432
16000;2432
16002;2432
16004;2432
16006;2432
16008;2432
16010;2432
16012;2432
16014;2432
16016;2432
16018;2432
16020;2432
16022;2432
16024;2432
16026;2432
16028;2432
16030;2432
16032;2432
16034;2432
16036;2432
16038;2432
16040;2432
16042;2432
16044;2432
16046;2432
16048;2432
16050;2432
16052;2432
16054;2432
16056;2432
16058;2432
16060;2432
16062;2432
16064;2432
16066;2432
16068;2432
16070;2432
16072;2432
16074;2432
16076;2432
16078;2432
16080;2432
16082;2432
16084;2432
16086;2432
16088;2432
16090;2432
16092;2432
16094;2432
16096;2432
16098;2432
16100;2432
16102;2432
16104;2432
16106;2432
16108;2432
16110;2432
16112;2432
16114;2432
16116;2432
16118;2432
16120;2432
16122;2432
16124;2432
16126;2432
16128;2432
16130;2432
16132;2432
16134;2432
16136;2432
16138;2432
16140;2432
16142;2432
16144;2432
16146;2432
16148;2432
16150;2432
16152;2432
16154;2432
16156;2432
16158;2432
16160;2432
16162;2432
16164;2432
16166;2432
16168;2432
16170;2432
16172;2432
16174;2432
16176;2432
16178;2432
16180;2432
16182;2432
16184;2432
16186;2432
16188;2432
16190;2432
16192;2432
16194;2432
16196;2432
16198;2432
16200;2361
16202;2361
16204;2361
16206;2361
16208;2361
16210;2361
16212;2361
16214;2361
16216;2361
16218;2361
16220;2361
16222;2361
16224;2361
16226;2361
16228;2361
16230;2361
16232;2361
16234;2361
16236;2361
16238;2361
16240;2361
16242;2361
16244;2361
16246;2361
16248;2361
16250;2361
16252;2361
16254;2361
16256;2361
16258;2361
16260;2361
16262;2361
16264;2361
16266;2361
16268;2361
16270;2361
16272;2361
16274;2361
16276;2361
16278;2361
16280;2361
16282;2361
16284;2361
16286;2361
16288;2361
16290;2361
16292;2361
16294;2361
16296;2361
16298;2361
16300;2361
16302;2361
16304;2361
16306;2361
16308;2361
16310;2361
16312;2361
16314;2361
16316;2361
16318;2361
16320;2361
16322;2361
16324;2361
16326;2361
16328;2361
16330;2361
16332;2361
16334;2361
16336;2361
16338;2361
16340;2361
16342;2361
16344;2361
16346;2361
16348;2361
16350;2361
16352;2361
16354;2361
16356;2361
16358;2361
16360;2361
16362;2361
16364;2361
16366;2361
16368;2361
16370;2361
16372;2361
16374;2361
16376;2361
16378;2361
16380;2361
16382;2361
16384;2361
16386;2361
16388;2361
16390;2361
16392;2361
16394;2361
16396;2361
16398;2361
16400;2361
16402;2361
16404;2361
16406;2361
16408;2361
16410;2361
16412;2361
16414;2361
16416;2361
16418;2361
16420;2361
16422;2361
16424;2361
16426;2361
16428;2361
16430;2361
16432;2361
16434;2361
16436;2361
16438;2361
16440;2361
16442;2361
16444;2361
16446;2361
16448;2361
16450;2361
16452;2361
16454;2361
16456;2361
16458;2361
16460;2361
16462;2361
16464;2361
16466;2361
16468;2361
16470;2361
16472;2361
16474;2361
16476;2361
16478;2361
16480;2361
16482;2361
16484;2361
16486;2361
16488;2361
16490;2361
16492;2361
16494;2361
16496;2361
16498;2361
16500;2361
16502;2361
16504;2361
16506;2361
16508;2361
16510;2361
16512;2361
16514;2361
16516;2361
16518;2361
16520;2361
16522;2361
16524;2361
16526;2361
16528;2361
16530;2361
16532;2361
16534;2361
16536;2361
16538;2361
16540;2361
16542;2361
16544;2361
16546;2361
16548;2361
16550;2361
16552;2361
16554;2361
16556;2361
16558;2361
16560;2361
16562;2361
16564;2361
16566;2361
16568;2361
16570;2361
16572;2361
16574;2361
16576;2361
16578;2361
16580;2361
16582;2361
16584;2361
16586;2361
16588;2361
16590;2361
16592;2361
16594;2361
16596;2361
16598;2361
16600;2361
16602;2361
16604;2361
16606;2361
16608;2361
16610;2361
16612;2361
16614;2361
16616;2361
16618;2361
16620;2361
16622;2361
16624;2361
16626;2361
16628;2361
16630;2361
16632;2361
16634;2361
16636;2361
16638;2361
16640;2361
16642;2361
16644;2361
16646;2361
16648;2361
16650;2361
16652;2361
16654;2361
16656;2361
16658;2361
16660;2361
16662;2361
16664;2361
16666;2361
16668;2361
16670;2361
16672;2361
16674;2361
16676;2361
16678;2361
16680;2361
16682;2361
16684;2361
16686;2361
16688;2361
16690;2361
16692;2361
16694;2361
16696;2361
16698;2361
16700;2361
16702;2361
16704;2361
16706;2361
16708;2361
16710;2361
16712;2361
16714;2361
16716;2361
16718;2361
16720;2361
16722;2361
16724;2361
16726;2361
16728;2361
16730;2361
16732;2361
16734;2361
16736;2361
16738;2361
16740;2361
16742;2361
16744;2361
16746;2361
16748;2361
16750;2361
16752;2361
16754;2361
16756;2361
16758;2361
16760;2361
16762;2361
16764;2361
16766;2361
16768;2361
16770;2361
16772;2361
16774;2361
16776;2361
16778;2361
16780;2361
16782;2361
16784;2361
16786;2361
16788;2361
16790;2361
16792;2361
16794;2361
16796;2361
16798;2361
16800;2361
16802;2361
16804;2361
16806;2361
16808;2361
16810;2361
16812;2361
16814;2361
16816;2361
16818;2361
16820;2361
16822;2361
16824;2361
16826;2361
16828;2361
16830;2361
16832;2361
16834;2361
16836;2361
16838;2361
16840;2361
16842;2361
16844;2361
16846;2361
16848;2361
16850;2361
16852;2361
16854;2361
16856;2361
16858;2361
16860;2361
16862;2361
16864;2361
16866;2361
16868;2361
16870;2361
16872;2361
16874;2361
16876;2361
16878;2361
16880;2361
16882;2361
16884;2361
16886;2361
16888;2361
16890;2361
16892;2361
16894;2361
16896;2361
16898;2361
16900;2361
16902;2361
16904;2361
16906;2361
16908;2361
16910;2361
16912;2361
16914;2361
16916;2361
16918;2361
16920;2361
16922;2361
16924;2361
16926;2361
16928;2361
16930;2361
16932;2361
16934;2361
16936;2361
16938;2361
16940;2361
16942;2361
16944;2361
16946;2361
16948;2361
16950;2361
16952;2361
16954;2361
16956;2361
16958;2361
16960;2361
16962;2361
16964;2361
16966;2361
16968;2361
16970;2361
16972;2361
16974;2361
16976;2361
16978;2361
16980;2361
16982;2361
16984;2361
16986;2361
16988;2361
16990;2361
16992;2361
16994;2361
16996;2361
16998;2361
17000;2361
17002;2361
17004;2361
17006;2361
17008;2361
17010;2361
17012;2361
17014;2361
17016;2361
17018;2361
17020;2361
17022;2361
17024;2361
17026;2361
17028;2361
17030;2361
17032;2361
17034;2361
17036;2361
17038;2361
17040;2361
17042;2361
17044;2361
17046;2361
17048;2361
17050;2361
17052;2361
17054;2361
17056;2361
17058;2361
17060;2361
17062;2361
17064;2361
17066;2361
17068;2361
17070;2361
17072;2361
17074;2361
17076;2361
17078;2361
17080;2361
17082;2361
17084;2361
17086;2361
17088;2361
17090;2361
17092;2361
17094;2361
17096;2361
17098;2361
17100;2080
17102;2080
17104;2080
17106;2080
17108;2080
17110;2080
17112;2080
17114;2080
17116;2080
17118;2080
17120;2080
17122;2080
17124;2080
17126;2080
17128;2080
17130;2080
17132;2080
17134;2080
17136;2080
17138;2080
17140;2080
17142;2080
17144;2080
17146;2080
17148;2080
17150;2080
17152;2080
17154;2080
17156;2080
17158;2080
17160;2080
17162;2080
17164;2080
17166;2080
17168;2080
17170;2080
17172;2080
17174;2080
17176;2080
17178;2080
17180;2080
17182;2080
17184;2080
17186;2080
17188;2080
17190;2080
17192;2080
17194;2080
17196;2080
17198;2080
17200;2080
17202;2080
17204;2080
17206;2080
17208;2080
17210;2080
17212;2080
17214;2080
17216;2080
17218;2080
17220;2080
17222;2080
17224;2080
17226;2080
17228;2080
17230;2080
17232;2080
17234;2080
17236;2080
17238;2080
17240;2080
17242;2080
17244;2080
17246;2080
17248;2080
17250;2080
17252;2080
17254;2080
17256;2080
17258;2080
17260;2080
17262;2080
17264;2080
17266;2080
17268;2080
17270;2080
17272;2080
17274;2080
17276;2080
17278;2080
17280;2080
17282;2080
17284;2080
17286;2080
17288;2080
17290;2080
17292;2080
17294;2080
17296;2080
17298;2080
17300;2080
17302;2080
17304;2080
17306;2080
17308;2080
17310;2080
17312;2080
17314;2080
17316;2080
17318;2080
17320;2080
17322;2080
17324;2080
17326;2080
17328;2080
17330;2080
17332;2080
17334;2080
17336;2080
17338;2080
17340;2080
17342;2080
17344;2080
17346;2080
17348;2080
17350;2080
17352;2080
17354;2080
17356;2080
17358;2080
17360;2080
17362;2080
17364;2080
17366;2080
17368;2080
17370;2080
17372;2080
17374;2080
17376;2080
17378;2080
17380;2080
17382;2080
17384;2080
17386;2080
17388;2080
17390;2080
17392;2080
17394;2080
17396;2080
17398;2080
17400;2080
17402;2080
17404;2080
17406;2080
17408;2080
17410;2080
17412;2080
17414;2080
17416;2080
17418;2080
17420;2080
17422;2080
17424;2080
17426;2080
17428;2080
17430;2080
17432;2080
17434;2080
17436;2080
17438;2080
17440;2080
17442;2080
17444;2080
17446;2080
17448;2080
17450;2080
17452;2080
17454;2080
17456;2080
17458;2080
17460;2080
17462;2080
17464;2080
17466;2080
17468;2080
17470;2080
17472;2080
17474;2080
17476;2080
17478;2080
17480;2080
17482;2080
17484;2080
17486;2080
17488;2080
17490;2080
17492;2080
17494;2080
17496;2080
17498;2080
17500;2080
17502;2080
17504;2080
17506;2080
17508;2080
17510;2080
17512;2080
17514;2080
17516;2080
17518;2080
17520;2080
17522;2080
17524;2080
17526;2080
17528;2080
17530;2080
17532;2080
17534;2080
17536;2080
17538;2080
17540;2080
17542;2080
17544;2080
17546;2080
17548;2080
17550;2080
17552;2080
17554;2080
17556;2080
17558;2080
17560;2080
17562;2080
17564;2080
17566;2080
17568;2080
17570;2080
17572;2080
17574;2080
17576;2080
17578;2080
17580;2080
17582;2080
17584;2080
17586;2080
17588;2080
17590;2080
17592;2080
17594;2080
17596;2080
17598;2080
17600;2080
17602;2080
17604;2080
17606;2080
17608;2080
17610;2080
17612;2080
17614;2080
17616;2080
17618;2080
17620;2080
17622;2080
17624;2080
17626;2080
17628;2080
17630;2080
17632;2080
17634;2080
17636;2080
17638;2080
17640;2080
17642;2080
17644;2080
17646;2080
17648;2080
17650;2080
17652;2080
17654;2080
17656;2080
17658;2080
17660;2080
17662;2080
17664;2080
17666;2080
17668;2080
17670;2080
17672;2080
17674;2080
17676;2080
17678;2080
17680;2080
17682;2080
17684;2080
17686;2080
17688;2080
17690;2080
17692;2080
17694;2080
17696;2080
17698;2080
17700;2080
17702;2080
17704;2080
17706;2080
17708;2080
17710;2080
17712;2080
17714;2080
17716;2080
17718;2080
17720;2080
17722;2080
17724;2080
17726;2080
17728;2080
17730;2080
17732;2080
17734;2080
17736;2080
17738;2080
17740;2080
17742;2080
17744;2080
17746;2080
17748;2080
17750;2080
17752;2080
17754;2080
17756;2080
17758;2080
17760;2080
17762;2080
17764;2080
17766;2080
17768;2080
17770;2080
17772;2080
17774;2080
17776;2080
17778;2080
17780;2080
17782;2080
17784;2080
17786;2080
17788;2080
17790;2080
17792;2080
17794;2080
17796;2080
17798;2080
17800;2080
17802;2080
17804;2080
17806;2080
17808;2080
17810;2080
17812;2080
17814;2080
17816;2080
17818;2080
17820;2080
17822;2080
17824;2080
17826;2080
17828;2080
17830;2080
17832;2080
17834;2080
17836;2080
17838;2080
17840;2080
17842;2080
17844;2080
17846;2080
17848;2080
17850;2080
17852;2080
17854;2080
17856;2080
17858;2080
17860;2080
17862;2080
17864;2080
17866;2080
17868;2080
17870;2080
17872;2080
17874;2080
17876;2080
17878;2080
17880;2080
17882;2080
17884;2080
17886;2080
17888;2080
17890;2080
17892;2080
17894;2080
17896;2080
17898;2080
17900;2080
17902;2080
17904;2080
17906;2080
17908;2080
17910;2080
17912;2080
17914;2080
17916;2080
17918;2080
17920;2080
17922;2080
17924;2080
17926;2080
17928;2080
17930;2080
17932;2080
17934;2080
17936;2080
17938;2080
17940;2080
17942;2080
17944;2080
17946;2080
17948;2080
17950;2080
17952;2080
17954;2080
17956;2080
17958;2080
17960;2080
17962;2080
17964;2080
17966;2080
17968;2080
17970;2080
17972;2080
17974;2080
17976;2080
17978;2080
17980;2080
17982;2080
17984;2080
17986;2080
17988;2080
17990;2080
17992;2080
17994;2080
17996;2080
