#	X	Y
4.33202;425
6.33202;425
8.33202;425
10.332;425
12.332;425
14.332;425
16.332;425
18.332;425
20.332;425
22.332;425
24.332;425
26.332;425
28.332;425
30.332;425
32.332;425
34.332;425
36.332;425
38.332;425
40.332;425
42.332;425
44.332;425
46.332;425
48.332;425
50.332;425
52.332;425
54.332;425
56.332;425
58.332;425
60.332;425
62.332;425
64.332;425
66.332;425
68.332;425
70.332;425
72.332;425
74.332;425
76.332;425
78.332;425
80.332;425
82.332;425
84.332;425
86.332;425
88.332;425
90.332;425
92.332;425
94.332;425
96.332;425
98.332;425
100.332;425
102.332;425
104.332;425
106.332;425
108.332;425
110.332;425
112.332;425
114.332;425
116.332;425
118.332;425
120.332;425
122.332;425
124.332;425
126.332;1061
128.332;1061
130.332;1061
132.332;1061
134.332;1061
136.332;1061
138.332;1061
140.332;1061
142.332;1061
144.332;1061
146.332;1061
148.332;1061
150.332;1061
152.332;1061
154.332;1061
156.332;1061
158.332;1061
160.332;1061
162.332;1061
164.332;1061
166.332;1061
168.332;1061
170.332;1061
172.332;1061
174.332;1061
176.332;1061
178.332;1061
180.332;1061
182.332;1061
184.332;1061
186.332;1061
188.332;1061
190.332;1061
192.332;1061
194.332;1061
196.332;1061
198.332;1061
200.332;1061
202.332;1061
204.332;1061
206.332;1061
208.332;1061
210.332;1061
212.332;1061
214.332;1061
216.332;1061
218.332;1061
220.332;1061
222.332;1061
224.332;1061
226.332;1061
228.332;1061
230.332;1061
232.332;1061
234.332;1061
236.332;1061
238.332;1061
240.332;1061
242.332;1061
244.332;1061
246.332;1061
248.332;1061
250.332;1061
252.332;1061
254.332;1061
256.332;1061
258.332;1061
260.332;1061
262.332;1061
264.332;1061
266.332;1061
268.332;1061
270.332;1061
272.332;1061
274.332;1061
276.332;1061
278.332;1061
280.332;1061
282.332;1061
284.332;1061
286.332;1061
288.332;1061
290.332;1061
292.332;1061
294.332;1061
296.332;1061
298.332;1061
300.332;1061
302.332;1061
304.332;1061
306.332;1061
308.332;1061
310.332;1061
312.332;1061
314.332;1061
316.332;1061
318.332;1061
320.332;1061
322.332;1061
324.332;1061
326.332;1061
328.332;1061
330.332;1061
332.332;1061
334.332;1061
336.332;1061
338.332;1061
340.332;1061
342.332;1061
344.332;1061
346.332;1061
348.332;1061
350.332;1061
352.332;1061
354.332;1061
356.332;1061
358.332;1061
360.332;1061
362.332;1061
364.332;1061
366.332;1061
368.332;1061
370.332;1061
372.332;1061
374.332;1061
376.332;1061
378.332;1061
380.332;1061
382.332;1061
384.332;1061
386.332;1061
388.332;1061
390.332;1061
392.332;1061
394.332;1061
396.332;1061
398.332;1061
400.332;1061
402.332;1061
404.332;1061
406.332;1061
408.332;1061
410.332;1061
412.332;1061
414.332;1061
416.332;1061
418.332;1061
420.332;1061
422.332;1061
424.332;1061
426.332;1061
428.332;1061
430.332;1061
432.332;1061
434.332;1061
436.332;1061
438.332;1061
440.332;1061
442.332;1061
444.332;1061
446.332;1061
448.332;1061
450.332;1061
452.332;1061
454.332;1061
456.332;1061
458.332;1061
460.332;1061
462.332;1061
464.332;1061
466.332;1061
468.332;1061
470.332;1061
472.332;1061
474.332;1061
476.332;1061
478.332;1061
480.332;1061
482.332;1061
484.332;1061
486.332;1061
488.332;1061
490.332;1061
492.332;1061
494.332;1061
496.332;1061
498.332;1061
500.332;1061
502.332;1061
504.332;1061
506.332;1061
508.332;1061
510.332;1061
512.332;1061
514.332;1061
516.332;1061
518.332;1061
520.332;1061
522.332;1061
524.332;1061
526.332;1061
528.332;1061
530.332;1061
532.332;1061
534.332;1061
536.332;1061
538.332;1061
540.332;1061
542.332;1061
544.332;1061
546.332;1061
548.332;1061
550.332;1061
552.332;1061
554.332;1061
556.332;1061
558.332;1061
560.332;1061
562.332;1061
564.332;1061
566.332;1061
568.332;1061
570.332;1061
572.332;1061
574.332;1061
576.332;1061
578.332;1061
580.332;1061
582.332;1061
584.332;1061
586.332;1061
588.332;1061
590.332;1061
592.332;1061
594.332;1061
596.332;1061
598.332;1061
600.332;1061
602.332;1061
604.332;1061
606.332;1061
608.332;1061
610.332;1061
612.332;1061
614.332;1061
616.332;1061
618.332;1061
620.332;1061
622.332;1061
624.332;1061
626.332;1061
628.332;1061
630.332;1061
632.332;1061
634.332;1061
636.332;1061
638.332;1061
640.332;1061
642.332;1061
644.332;1061
646.332;1061
648.332;1061
650.332;1061
652.332;1061
654.332;1061
656.332;1061
658.332;1061
660.332;1061
662.332;1061
664.332;1061
666.332;1061
668.332;1061
670.332;1061
672.332;1061
674.332;1061
676.332;1061
678.332;1061
680.332;1061
682.332;1061
684.332;1061
686.332;1061
688.332;1061
690.332;1061
692.332;1061
694.332;1061
696.332;1061
698.332;1061
700.332;1061
702.332;1061
704.332;1061
706.332;1061
708.332;1061
710.332;1061
712.332;1061
714.332;1061
716.332;1061
718.332;1061
720.332;1061
722.332;1061
724.332;1061
726.332;1061
728.332;1061
730.332;1061
732.332;1061
734.332;1061
736.332;1061
738.332;1061
740.332;1061
742.332;1061
744.332;1061
746.332;1061
748.332;1061
750.332;1061
752.332;1061
754.332;1061
756.332;1061
758.332;1061
760.332;1061
762.332;1061
764.332;1061
766.332;1061
768.332;1061
770.332;1061
772.332;1061
774.332;1061
776.332;1061
778.332;1061
780.332;1061
782.332;1061
784.332;1061
786.332;1061
788.332;1061
790.332;1061
792.332;1061
794.332;1061
796.332;1061
798.332;1061
800.332;1061
802.332;1061
804.332;1061
806.332;1061
808.332;1061
810.332;1061
812.332;1061
814.332;1061
816.332;1061
818.332;1061
820.332;1061
822.332;1061
824.332;1061
826.332;1061
828.332;1061
830.332;1061
832.332;1061
834.332;1061
836.332;1061
838.332;1061
840.332;1061
842.332;1061
844.332;1061
846.332;1061
848.332;1061
850.332;1061
852.332;1061
854.332;1061
856.332;1061
858.332;1061
860.332;1061
862.332;1061
864.332;1061
866.332;1061
868.332;1061
870.332;1061
872.332;1061
874.332;1061
876.332;1061
878.332;1061
880.332;1061
882.332;1061
884.332;1061
886.332;1061
888.332;1061
890.332;1061
892.332;1061
894.332;1061
896.332;1061
898.332;1061
900.332;1061
902.332;1061
904.332;1061
906.332;1061
908.332;1061
910.332;1061
912.332;1061
914.332;1061
916.332;1061
918.332;1938
920.332;1938
922.332;1938
924.332;1938
926.332;1938
928.332;1938
930.332;1938
932.332;1938
934.332;1938
936.332;1938
938.332;1938
940.332;1938
942.332;1938
944.332;1938
946.332;1938
948.332;1938
950.332;1938
952.332;1938
954.332;1938
956.332;1938
958.332;1938
960.332;1938
962.332;1938
964.332;1938
966.332;1938
968.332;1938
970.332;1938
972.332;1938
974.332;1938
976.332;1938
978.332;1938
980.332;1938
982.332;1938
984.332;1938
986.332;1938
988.332;1938
990.332;1938
992.332;1938
994.332;1938
996.332;1938
998.332;1938
1000.33;1938
1002.33;1938
1004.33;1938
1006.33;1938
1008.33;1938
1010.33;1938
1012.33;1938
1014.33;1938
1016.33;1938
1018.33;1938
1020.33;1938
1022.33;1938
1024.33;1938
1026.33;1938
1028.33;1938
1030.33;1938
1032.33;1938
1034.33;1938
1036.33;1938
1038.33;1938
1040.33;1938
1042.33;1938
1044.33;1938
1046.33;1938
1048.33;1938
1050.33;1938
1052.33;1938
1054.33;1938
1056.33;1938
1058.33;1938
1060.33;1938
1062.33;1938
1064.33;1938
1066.33;1938
1068.33;1938
1070.33;1938
1072.33;1938
1074.33;1938
1076.33;1938
1078.33;1938
1080.33;1938
1082.33;1938
1084.33;1938
1086.33;1938
1088.33;1938
1090.33;1938
1092.33;1938
1094.33;1938
1096.33;1938
1098.33;1938
1100.33;1938
1102.33;1938
1104.33;1938
1106.33;1938
1108.33;1938
1110.33;1938
1112.33;1938
1114.33;1938
1116.33;1938
1118.33;1938
1120.33;1938
1122.33;1938
1124.33;1938
1126.33;1938
1128.33;1938
1130.33;1938
1132.33;1938
1134.33;1938
1136.33;1938
1138.33;1938
1140.33;1938
1142.33;1938
1144.33;1938
1146.33;1938
1148.33;1938
1150.33;1938
1152.33;1938
1154.33;1938
1156.33;1938
1158.33;1938
1160.33;1938
1162.33;1938
1164.33;1938
1166.33;1938
1168.33;1938
1170.33;1938
1172.33;1938
1174.33;1938
1176.33;1938
1178.33;1938
1180.33;1938
1182.33;1938
1184.33;1938
1186.33;1938
1188.33;1938
1190.33;1938
1192.33;1938
1194.33;1938
1196.33;1938
1198.33;1938
1200.33;1938
1202.33;1938
1204.33;1938
1206.33;1938
1208.33;1938
1210.33;1938
1212.33;1938
1214.33;1938
1216.33;1938
1218.33;1938
1220.33;1938
1222.33;1938
1224.33;1938
1226.33;1938
1228.33;1938
1230.33;1938
1232.33;1938
1234.33;1938
1236.33;1938
1238.33;1938
1240.33;1938
1242.33;1938
1244.33;1938
1246.33;1938
1248.33;1938
1250.33;1938
1252.33;1938
1254.33;1938
1256.33;1938
1258.33;1938
1260.33;1938
1262.33;1938
1264.33;1938
1266.33;1938
1268.33;1938
1270.33;1938
1272.33;1938
1274.33;1938
1276.33;1938
1278.33;1938
1280.33;1938
1282.33;1938
1284.33;1938
1286.33;1938
1288.33;1938
1290.33;1938
1292.33;1938
1294.33;1938
1296.33;1938
1298.33;1938
1300.33;1938
1302.33;1938
1304.33;1938
1306.33;1938
1308.33;1938
1310.33;1938
1312.33;1938
1314.33;1938
1316.33;1938
1318.33;1938
1320.33;1938
1322.33;1938
1324.33;1938
1326.33;1938
1328.33;1938
1330.33;1938
1332.33;1938
1334.33;1938
1336.33;1938
1338.33;1938
1340.33;1938
1342.33;1938
1344.33;1938
1346.33;1938
1348.33;1938
1350.33;1938
1352.33;1938
1354.33;1938
1356.33;1938
1358.33;1938
1360.33;1938
1362.33;1938
1364.33;1938
1366.33;1938
1368.33;1938
1370.33;1938
1372.33;1938
1374.33;1938
1376.33;1938
1378.33;1938
1380.33;1938
1382.33;1938
1384.33;1938
1386.33;1938
1388.33;1938
1390.33;1938
1392.33;1938
1394.33;1938
1396.33;1938
1398.33;1938
1400.33;1938
1402.33;1938
1404.33;1938
1406.33;1938
1408.33;1938
1410.33;1938
1412.33;1938
1414.33;1938
1416.33;1938
1418.33;1938
1420.33;1938
1422.33;1938
1424.33;1938
1426.33;1938
1428.33;1938
1430.33;1938
1432.33;1938
1434.33;1938
1436.33;1938
1438.33;1938
1440.33;1938
1442.33;1938
1444.33;1938
1446.33;1938
1448.33;1938
1450.33;1938
1452.33;1938
1454.33;1938
1456.33;1938
1458.33;1938
1460.33;1938
1462.33;1938
1464.33;1938
1466.33;1938
1468.33;1938
1470.33;1938
1472.33;1938
1474.33;1938
1476.33;1938
1478.33;1938
1480.33;1938
1482.33;1938
1484.33;1938
1486.33;1938
1488.33;1938
1490.33;1938
1492.33;1938
1494.33;1938
1496.33;1938
1498.33;1938
1500.33;1938
1502.33;1938
1504.33;1938
1506.33;1938
1508.33;1938
1510.33;1938
1512.33;1938
1514.33;1938
1516.33;1938
1518.33;1938
1520.33;1938
1522.33;1938
1524.33;1938
1526.33;1938
1528.33;1938
1530.33;1938
1532.33;1938
1534.33;1938
1536.33;1938
1538.33;1938
1540.33;1938
1542.33;1938
1544.33;1938
1546.33;1938
1548.33;1938
1550.33;1938
1552.33;1938
1554.33;1938
1556.33;1938
1558.33;1938
1560.33;1938
1562.33;1938
1564.33;1938
1566.33;1938
1568.33;1938
1570.33;1938
1572.33;1938
1574.33;1938
1576.33;1938
1578.33;1938
1580.33;1938
1582.33;1938
1584.33;1938
1586.33;1938
1588.33;1938
1590.33;1938
1592.33;1938
1594.33;1938
1596.33;1938
1598.33;1938
1600.33;1938
1602.33;1938
1604.33;1938
1606.33;1938
1608.33;1938
1610.33;1938
1612.33;1938
1614.33;1938
1616.33;1938
1618.33;1938
1620.33;1938
1622.33;1938
1624.33;1938
1626.33;1938
1628.33;1938
1630.33;1938
1632.33;1938
1634.33;1938
1636.33;1938
1638.33;1938
1640.33;1938
1642.33;1938
1644.33;1938
1646.33;1938
1648.33;1938
1650.33;1938
1652.33;1938
1654.33;1938
1656.33;1938
1658.33;1938
1660.33;1938
1662.33;1938
1664.33;1938
1666.33;1938
1668.33;1938
1670.33;1938
1672.33;1938
1674.33;1938
1676.33;1938
1678.33;1938
1680.33;1938
1682.33;1938
1684.33;1938
1686.33;1938
1688.33;1938
1690.33;1938
1692.33;1938
1694.33;1938
1696.33;1938
1698.33;1938
1700.33;1938
1702.33;1938
1704.33;1938
1706.33;1938
1708.33;1938
1710.33;1938
1712.33;1938
1714.33;1938
1716.33;1938
1718.33;1938
1720.33;1938
1722.33;1938
1724.33;1938
1726.33;1938
1728.33;1938
1730.33;1938
1732.33;1938
1734.33;1938
1736.33;1938
1738.33;1938
1740.33;1938
1742.33;1938
1744.33;1938
1746.33;1938
1748.33;1938
1750.33;1938
1752.33;1938
1754.33;1938
1756.33;1938
1758.33;1938
1760.33;1938
1762.33;1938
1764.33;1938
1766.33;1938
1768.33;1938
1770.33;1938
1772.33;1938
1774.33;1938
1776.33;1938
1778.33;1938
1780.33;1938
1782.33;1938
1784.33;1938
1786.33;1938
1788.33;1938
1790.33;1938
1792.33;1938
1794.33;1938
1796.33;1938
