#	X	Y
4.55006;386
6.55006;386
8.55006;386
10.5501;386
12.5501;386
14.5501;386
16.5501;386
18.5501;386
20.5501;386
22.5501;386
24.5501;386
26.5501;386
28.5501;386
30.5501;386
32.5501;386
34.5501;386
36.5501;386
38.5501;386
40.5501;386
42.5501;386
44.5501;386
46.5501;386
48.5501;386
50.5501;386
52.5501;386
54.5501;386
56.5501;386
58.5501;386
60.5501;386
62.5501;386
64.5501;386
66.5501;386
68.5501;386
70.5501;386
72.5501;386
74.5501;386
76.5501;386
78.5501;386
80.5501;386
82.5501;386
84.5501;386
86.5501;386
88.5501;386
90.5501;386
92.5501;386
94.5501;386
96.5501;386
98.5501;386
100.55;386
102.55;386
104.55;386
106.55;386
108.55;386
110.55;386
112.55;386
114.55;386
116.55;386
118.55;386
120.55;386
122.55;386
124.55;386
126.55;386
128.55;386
130.55;386
132.55;386
134.55;386
136.55;386
138.55;386
140.55;386
142.55;386
144.55;386
146.55;386
148.55;386
150.55;386
152.55;386
154.55;386
156.55;386
158.55;386
160.55;386
162.55;386
164.55;386
166.55;386
168.55;386
170.55;386
172.55;386
174.55;386
176.55;902
178.55;902
180.55;902
182.55;902
184.55;902
186.55;902
188.55;902
190.55;902
192.55;902
194.55;902
196.55;902
198.55;902
200.55;902
202.55;902
204.55;902
206.55;902
208.55;902
210.55;902
212.55;902
214.55;902
216.55;902
218.55;902
220.55;902
222.55;902
224.55;902
226.55;902
228.55;902
230.55;902
232.55;902
234.55;902
236.55;902
238.55;902
240.55;902
242.55;902
244.55;902
246.55;902
248.55;902
250.55;902
252.55;902
254.55;902
256.55;902
258.55;902
260.55;902
262.55;902
264.55;902
266.55;902
268.55;902
270.55;902
272.55;902
274.55;902
276.55;902
278.55;902
280.55;902
282.55;902
284.55;902
286.55;902
288.55;902
290.55;902
292.55;902
294.55;902
296.55;902
298.55;902
300.55;902
302.55;902
304.55;902
306.55;902
308.55;902
310.55;902
312.55;902
314.55;902
316.55;902
318.55;902
320.55;902
322.55;902
324.55;902
326.55;902
328.55;902
330.55;902
332.55;902
334.55;902
336.55;902
338.55;902
340.55;902
342.55;902
344.55;902
346.55;902
348.55;902
350.55;902
352.55;902
354.55;902
356.55;902
358.55;902
360.55;902
362.55;902
364.55;902
366.55;902
368.55;902
370.55;902
372.55;902
374.55;902
376.55;902
378.55;902
380.55;902
382.55;902
384.55;902
386.55;902
388.55;902
390.55;902
392.55;902
394.55;902
396.55;902
398.55;902
400.55;902
402.55;902
404.55;902
406.55;902
408.55;902
410.55;902
412.55;902
414.55;902
416.55;902
418.55;902
420.55;902
422.55;902
424.55;902
426.55;902
428.55;902
430.55;902
432.55;902
434.55;902
436.55;902
438.55;902
440.55;902
442.55;902
444.55;902
446.55;902
448.55;902
450.55;902
452.55;902
454.55;902
456.55;902
458.55;902
460.55;902
462.55;902
464.55;902
466.55;902
468.55;902
470.55;902
472.55;902
474.55;902
476.55;902
478.55;902
480.55;902
482.55;902
484.55;902
486.55;902
488.55;902
490.55;902
492.55;902
494.55;902
496.55;902
498.55;902
500.55;902
502.55;902
504.55;902
506.55;902
508.55;902
510.55;902
512.55;902
514.55;902
516.55;902
518.55;902
520.55;902
522.55;902
524.55;902
526.55;902
528.55;902
530.55;902
532.55;902
534.55;902
536.55;902
538.55;902
540.55;902
542.55;902
544.55;902
546.55;902
548.55;902
550.55;902
552.55;902
554.55;902
556.55;902
558.55;902
560.55;902
562.55;902
564.55;902
566.55;902
568.55;902
570.55;902
572.55;902
574.55;902
576.55;902
578.55;902
580.55;902
582.55;902
584.55;902
586.55;902
588.55;902
590.55;902
592.55;902
594.55;902
596.55;902
598.55;902
600.55;902
602.55;902
604.55;902
606.55;902
608.55;902
610.55;902
612.55;902
614.55;902
616.55;902
618.55;902
620.55;902
622.55;902
624.55;902
626.55;902
628.55;902
630.55;902
632.55;902
634.55;902
636.55;902
638.55;902
640.55;902
642.55;902
644.55;902
646.55;902
648.55;902
650.55;902
652.55;902
654.55;902
656.55;902
658.55;902
660.55;902
662.55;902
664.55;902
666.55;902
668.55;902
670.55;902
672.55;902
674.55;902
676.55;902
678.55;902
680.55;902
682.55;902
684.55;902
686.55;902
688.55;902
690.55;902
692.55;902
694.55;902
696.55;902
698.55;902
700.55;902
702.55;902
704.55;902
706.55;902
708.55;902
710.55;902
712.55;902
714.55;902
716.55;902
718.55;902
720.55;902
722.55;902
724.55;902
726.55;902
728.55;902
730.55;902
732.55;902
734.55;902
736.55;902
738.55;902
740.55;902
742.55;902
744.55;902
746.55;902
748.55;902
750.55;902
752.55;902
754.55;902
756.55;902
758.55;902
760.55;902
762.55;902
764.55;902
766.55;902
768.55;902
770.55;902
772.55;902
774.55;902
776.55;902
778.55;902
780.55;902
782.55;902
784.55;902
786.55;902
788.55;902
790.55;902
792.55;902
794.55;902
796.55;902
798.55;902
800.55;902
802.55;902
804.55;902
806.55;902
808.55;902
810.55;902
812.55;902
814.55;902
816.55;902
818.55;902
820.55;902
822.55;902
824.55;902
826.55;902
828.55;902
830.55;902
832.55;902
834.55;902
836.55;902
838.55;902
840.55;902
842.55;902
844.55;902
846.55;902
848.55;902
850.55;902
852.55;902
854.55;902
856.55;902
858.55;902
860.55;902
862.55;902
864.55;902
866.55;902
868.55;902
870.55;902
872.55;902
874.55;902
876.55;902
878.55;902
880.55;902
882.55;902
884.55;902
886.55;902
888.55;902
890.55;902
892.55;902
894.55;902
896.55;902
898.55;902
900.55;902
902.55;902
904.55;902
906.55;902
908.55;902
910.55;902
912.55;902
914.55;645
916.55;645
918.55;645
920.55;645
922.55;645
924.55;645
926.55;645
928.55;645
930.55;645
932.55;645
934.55;645
936.55;645
938.55;645
940.55;645
942.55;645
944.55;645
946.55;645
948.55;645
950.55;645
952.55;645
954.55;645
956.55;645
958.55;645
960.55;645
962.55;645
964.55;645
966.55;645
968.55;645
970.55;645
972.55;645
974.55;645
976.55;645
978.55;645
980.55;645
982.55;645
984.55;645
986.55;645
988.55;645
990.55;645
992.55;645
994.55;645
996.55;645
998.55;645
1000.55;645
1002.55;645
1004.55;645
1006.55;645
1008.55;645
1010.55;645
1012.55;645
1014.55;645
1016.55;645
1018.55;645
1020.55;645
1022.55;645
1024.55;645
1026.55;645
1028.55;645
1030.55;645
1032.55;645
1034.55;645
1036.55;645
1038.55;645
1040.55;645
1042.55;645
1044.55;645
1046.55;645
1048.55;645
1050.55;645
1052.55;645
1054.55;645
1056.55;645
1058.55;645
1060.55;645
1062.55;645
1064.55;645
1066.55;645
1068.55;645
1070.55;645
1072.55;645
1074.55;645
1076.55;645
1078.55;645
1080.55;645
1082.55;645
1084.55;645
1086.55;645
1088.55;645
1090.55;645
1092.55;645
1094.55;645
1096.55;645
1098.55;645
1100.55;645
1102.55;645
1104.55;645
1106.55;645
1108.55;645
1110.55;645
1112.55;645
1114.55;645
1116.55;645
1118.55;645
1120.55;645
1122.55;645
1124.55;645
1126.55;645
1128.55;645
1130.55;645
1132.55;645
1134.55;645
1136.55;645
1138.55;645
1140.55;645
1142.55;645
1144.55;645
1146.55;645
1148.55;645
1150.55;645
1152.55;645
1154.55;645
1156.55;645
1158.55;645
1160.55;645
1162.55;645
1164.55;645
1166.55;645
1168.55;645
1170.55;645
1172.55;645
1174.55;645
1176.55;645
1178.55;645
1180.55;645
1182.55;645
1184.55;645
1186.55;645
1188.55;645
1190.55;645
1192.55;645
1194.55;645
1196.55;645
1198.55;645
1200.55;645
1202.55;645
1204.55;645
1206.55;645
1208.55;645
1210.55;645
1212.55;645
1214.55;645
1216.55;645
1218.55;645
1220.55;645
1222.55;645
1224.55;645
1226.55;645
1228.55;645
1230.55;645
1232.55;645
1234.55;645
1236.55;645
1238.55;645
1240.55;645
1242.55;645
1244.55;645
1246.55;645
1248.55;645
1250.55;645
1252.55;645
1254.55;645
1256.55;645
1258.55;645
1260.55;645
1262.55;645
1264.55;645
1266.55;645
1268.55;645
1270.55;645
1272.55;645
1274.55;645
1276.55;645
1278.55;645
1280.55;645
1282.55;645
1284.55;645
1286.55;645
1288.55;645
1290.55;645
1292.55;645
1294.55;645
1296.55;645
1298.55;645
1300.55;645
1302.55;645
1304.55;645
1306.55;645
1308.55;645
1310.55;645
1312.55;645
1314.55;645
1316.55;645
1318.55;645
1320.55;645
1322.55;645
1324.55;645
1326.55;645
1328.55;645
1330.55;645
1332.55;645
1334.55;645
1336.55;645
1338.55;645
1340.55;645
1342.55;645
1344.55;645
1346.55;645
1348.55;645
1350.55;645
1352.55;645
1354.55;645
1356.55;645
1358.55;645
1360.55;645
1362.55;645
1364.55;645
1366.55;645
1368.55;645
1370.55;645
1372.55;645
1374.55;645
1376.55;645
1378.55;645
1380.55;645
1382.55;645
1384.55;645
1386.55;645
1388.55;645
1390.55;645
1392.55;645
1394.55;645
1396.55;645
1398.55;645
1400.55;645
1402.55;645
1404.55;645
1406.55;645
1408.55;645
1410.55;645
1412.55;645
1414.55;645
1416.55;645
1418.55;645
1420.55;645
1422.55;645
1424.55;645
1426.55;645
1428.55;645
1430.55;645
1432.55;645
1434.55;645
1436.55;645
1438.55;645
1440.55;645
1442.55;645
1444.55;645
1446.55;645
1448.55;645
1450.55;645
1452.55;645
1454.55;645
1456.55;645
1458.55;645
1460.55;645
1462.55;645
1464.55;645
1466.55;645
1468.55;645
1470.55;645
1472.55;645
1474.55;645
1476.55;645
1478.55;645
1480.55;645
1482.55;645
1484.55;645
1486.55;645
1488.55;645
1490.55;645
1492.55;645
1494.55;645
1496.55;645
1498.55;645
1500.55;645
1502.55;645
1504.55;645
1506.55;645
1508.55;645
1510.55;645
1512.55;645
1514.55;645
1516.55;645
1518.55;645
1520.55;645
1522.55;645
1524.55;645
1526.55;645
1528.55;645
1530.55;645
1532.55;645
1534.55;645
1536.55;645
1538.55;645
1540.55;645
1542.55;645
1544.55;645
1546.55;645
1548.55;645
1550.55;645
1552.55;645
1554.55;645
1556.55;645
1558.55;645
1560.55;645
1562.55;645
1564.55;645
1566.55;645
1568.55;645
1570.55;645
1572.55;645
1574.55;645
1576.55;645
1578.55;645
1580.55;645
1582.55;645
1584.55;645
1586.55;645
1588.55;645
1590.55;645
1592.55;645
1594.55;645
1596.55;645
1598.55;645
1600.55;645
1602.55;645
1604.55;645
1606.55;645
1608.55;645
1610.55;645
1612.55;645
1614.55;645
1616.55;645
1618.55;645
1620.55;645
1622.55;645
1624.55;645
1626.55;645
1628.55;645
1630.55;645
1632.55;645
1634.55;645
1636.55;645
1638.55;645
1640.55;645
1642.55;645
1644.55;645
1646.55;645
1648.55;645
1650.55;645
1652.55;645
1654.55;645
1656.55;645
1658.55;645
1660.55;645
1662.55;645
1664.55;645
1666.55;645
1668.55;645
1670.55;645
1672.55;645
1674.55;645
1676.55;645
1678.55;645
1680.55;645
1682.55;645
1684.55;645
1686.55;645
1688.55;645
1690.55;645
1692.55;645
1694.55;645
1696.55;645
1698.55;645
1700.55;645
1702.55;645
1704.55;645
1706.55;645
1708.55;645
1710.55;645
1712.55;645
1714.55;645
1716.55;645
1718.55;645
1720.55;645
1722.55;645
1724.55;645
1726.55;645
1728.55;645
1730.55;645
1732.55;645
1734.55;645
1736.55;645
1738.55;645
1740.55;645
1742.55;645
1744.55;645
1746.55;645
1748.55;645
1750.55;645
1752.55;645
1754.55;645
1756.55;645
1758.55;645
1760.55;645
1762.55;645
1764.55;645
1766.55;645
1768.55;645
1770.55;645
1772.55;645
1774.55;645
1776.55;645
1778.55;645
1780.55;645
1782.55;645
1784.55;645
1786.55;645
1788.55;645
1790.55;645
1792.55;645
1794.55;645
1796.55;645
