#	X	Y
4.32602;51
6.32602;51
8.32603;51
10.326;51
12.326;51
14.326;51
16.326;51
18.326;51
20.326;51
22.326;51
24.326;51
26.326;51
28.326;51
30.326;51
32.326;51
34.326;51
36.326;51
38.326;51
40.326;51
42.326;51
44.326;51
46.326;51
48.326;51
50.326;51
52.326;51
54.326;51
56.326;51
58.326;51
60.326;51
62.326;51
64.326;51
66.326;51
68.326;51
70.326;51
72.326;51
74.326;51
76.326;51
78.326;51
80.326;51
82.326;81
84.326;81
86.326;81
88.326;81
90.326;81
92.326;81
94.326;81
96.326;81
98.326;81
100.326;81
102.326;81
104.326;81
106.326;81
108.326;81
110.326;81
112.326;81
114.326;81
116.326;81
118.326;81
120.326;81
122.326;81
124.326;81
126.326;81
128.326;81
130.326;81
132.326;81
134.326;81
136.326;81
138.326;81
140.326;81
142.326;81
144.326;81
146.326;81
148.326;81
150.326;81
152.326;81
154.326;81
156.326;81
158.326;81
160.326;81
162.326;81
164.326;81
166.326;81
168.326;81
170.326;81
172.326;81
174.326;81
176.326;81
178.326;81
180.326;81
182.326;81
184.326;81
186.326;81
188.326;81
190.326;81
192.326;81
194.326;81
196.326;81
198.326;81
200.326;81
202.326;81
204.326;81
206.326;81
208.326;81
210.326;81
212.326;81
214.326;81
216.326;81
218.326;81
220.326;81
222.326;81
224.326;81
226.326;81
228.326;81
230.326;81
232.326;81
234.326;81
236.326;81
238.326;81
240.326;81
242.326;81
244.326;81
246.326;81
248.326;81
250.326;81
252.326;81
254.326;81
256.326;81
258.326;81
260.326;81
262.326;81
264.326;81
266.326;81
268.326;81
270.326;81
272.326;81
274.326;81
276.326;81
278.326;81
280.326;81
282.326;81
284.326;81
286.326;81
288.326;81
290.326;81
292.326;81
294.326;81
296.326;81
298.326;81
300.326;81
302.326;81
304.326;81
306.326;81
308.326;81
310.326;81
312.326;81
314.326;81
316.326;81
318.326;81
320.326;81
322.326;81
324.326;81
326.326;81
328.326;81
330.326;81
332.326;81
334.326;81
336.326;81
338.326;81
340.326;81
342.326;81
344.326;81
346.326;81
348.326;81
350.326;81
352.326;81
354.326;81
356.326;81
358.326;81
360.326;81
362.326;81
364.326;81
366.326;81
368.326;81
370.326;81
372.326;81
374.326;81
376.326;81
378.326;81
380.326;81
382.326;81
384.326;81
386.326;81
388.326;81
390.326;81
392.326;81
394.326;81
396.326;81
398.326;81
400.326;81
402.326;81
404.326;81
406.326;81
408.326;81
410.326;81
412.326;81
414.326;81
416.326;81
418.326;81
420.326;81
422.326;81
424.326;81
426.326;81
428.326;81
430.326;81
432.326;81
434.326;81
436.326;81
438.326;81
440.326;81
442.326;81
444.326;81
446.326;81
448.326;81
450.326;81
452.326;81
454.326;81
456.326;81
458.326;81
460.326;81
462.326;81
464.326;81
466.326;81
468.326;81
470.326;81
472.326;81
474.326;81
476.326;81
478.326;81
480.326;81
482.326;81
484.326;81
486.326;81
488.326;81
490.326;81
492.326;81
494.326;81
496.326;81
498.326;81
500.326;81
502.326;81
504.326;81
506.326;81
508.326;81
510.326;81
512.326;81
514.326;81
516.326;81
518.326;81
520.326;81
522.326;81
524.326;81
526.326;81
528.326;81
530.326;81
532.326;81
534.326;81
536.326;81
538.326;81
540.326;81
542.326;81
544.326;81
546.326;81
548.326;81
550.326;81
552.326;81
554.326;81
556.326;81
558.326;81
560.326;81
562.326;81
564.326;81
566.326;81
568.326;81
570.326;81
572.326;81
574.326;81
576.326;81
578.326;81
580.326;81
582.326;81
584.326;81
586.326;81
588.326;81
590.326;81
592.326;81
594.326;81
596.326;81
598.326;81
600.326;81
602.326;81
604.326;81
606.326;81
608.326;81
610.326;81
612.326;81
614.326;81
616.326;81
618.326;81
620.326;81
622.326;81
624.326;81
626.326;81
628.326;81
630.326;81
632.326;81
634.326;81
636.326;81
638.326;81
640.326;81
642.326;81
644.326;81
646.326;81
648.326;81
650.326;81
652.326;81
654.326;81
656.326;81
658.326;81
660.326;81
662.326;81
664.326;81
666.326;81
668.326;81
670.326;81
672.326;81
674.326;81
676.326;81
678.326;81
680.326;81
682.326;81
684.326;81
686.326;81
688.326;81
690.326;81
692.326;81
694.326;81
696.326;81
698.326;81
700.326;81
702.326;81
704.326;81
706.326;81
708.326;81
710.326;81
712.326;81
714.326;81
716.326;81
718.326;81
720.326;81
722.326;81
724.326;81
726.326;81
728.326;81
730.326;81
732.326;81
734.326;81
736.326;81
738.326;81
740.326;81
742.326;81
744.326;81
746.326;81
748.326;81
750.326;81
752.326;81
754.326;81
756.326;81
758.326;81
760.326;81
762.326;81
764.326;81
766.326;81
768.326;81
770.326;81
772.326;81
774.326;81
776.326;81
778.326;81
780.326;81
782.326;81
784.326;81
786.326;81
788.326;81
790.326;81
792.326;81
794.326;81
796.326;81
798.326;81
800.326;81
802.326;81
804.326;81
806.326;81
808.326;81
810.326;81
812.326;81
814.326;81
816.326;81
818.326;81
820.326;81
822.326;81
824.326;81
826.326;81
828.326;81
830.326;81
832.326;81
834.326;81
836.326;81
838.326;81
840.326;81
842.326;81
844.326;81
846.326;81
848.326;81
850.326;81
852.326;81
854.326;81
856.326;81
858.326;81
860.326;81
862.326;81
864.326;81
866.326;81
868.326;81
870.326;81
872.326;81
874.326;81
876.326;81
878.326;81
880.326;81
882.326;81
884.326;81
886.326;81
888.326;81
890.326;81
892.326;81
894.326;81
896.326;81
898.326;81
900.326;81
902.326;81
904.326;81
906.326;81
908.326;81
910.326;81
912.326;81
914.326;81
916.326;81
918.326;278
920.326;278
922.326;278
924.326;278
926.326;278
928.326;278
930.326;278
932.326;278
934.326;278
936.326;278
938.326;278
940.326;278
942.326;278
944.326;278
946.326;278
948.326;278
950.326;278
952.326;278
954.326;278
956.326;278
958.326;278
960.326;278
962.326;278
964.326;278
966.326;278
968.326;278
970.326;278
972.326;278
974.326;278
976.326;278
978.326;278
980.326;278
982.326;278
984.326;278
986.326;278
988.326;278
990.326;278
992.326;278
994.326;278
996.326;278
998.326;278
1000.33;278
1002.33;278
1004.33;278
1006.33;278
1008.33;278
1010.33;278
1012.33;278
1014.33;278
1016.33;278
1018.33;278
1020.33;278
1022.33;278
1024.33;278
1026.33;278
1028.33;278
1030.33;278
1032.33;278
1034.33;278
1036.33;278
1038.33;278
1040.33;278
1042.33;278
1044.33;278
1046.33;278
1048.33;278
1050.33;278
1052.33;278
1054.33;278
1056.33;278
1058.33;278
1060.33;278
1062.33;278
1064.33;278
1066.33;278
1068.33;278
1070.33;278
1072.33;278
1074.33;278
1076.33;278
1078.33;278
1080.33;278
1082.33;278
1084.33;278
1086.33;278
1088.33;278
1090.33;278
1092.33;278
1094.33;278
1096.33;278
1098.33;278
1100.33;278
1102.33;278
1104.33;278
1106.33;278
1108.33;278
1110.33;278
1112.33;278
1114.33;278
1116.33;278
1118.33;278
1120.33;278
1122.33;278
1124.33;278
1126.33;278
1128.33;278
1130.33;278
1132.33;278
1134.33;278
1136.33;278
1138.33;278
1140.33;278
1142.33;278
1144.33;278
1146.33;278
1148.33;278
1150.33;278
1152.33;278
1154.33;278
1156.33;278
1158.33;278
1160.33;278
1162.33;278
1164.33;278
1166.33;278
1168.33;278
1170.33;278
1172.33;278
1174.33;278
1176.33;278
1178.33;278
1180.33;278
1182.33;278
1184.33;278
1186.33;278
1188.33;278
1190.33;278
1192.33;278
1194.33;278
1196.33;278
1198.33;278
1200.33;278
1202.33;278
1204.33;278
1206.33;278
1208.33;278
1210.33;278
1212.33;278
1214.33;278
1216.33;278
1218.33;278
1220.33;278
1222.33;278
1224.33;278
1226.33;278
1228.33;278
1230.33;278
1232.33;278
1234.33;278
1236.33;278
1238.33;278
1240.33;278
1242.33;278
1244.33;278
1246.33;278
1248.33;278
1250.33;278
1252.33;278
1254.33;278
1256.33;278
1258.33;278
1260.33;278
1262.33;278
1264.33;278
1266.33;278
1268.33;278
1270.33;278
1272.33;278
1274.33;278
1276.33;278
1278.33;278
1280.33;278
1282.33;278
1284.33;278
1286.33;278
1288.33;278
1290.33;278
1292.33;278
1294.33;278
1296.33;278
1298.33;278
1300.33;278
1302.33;278
1304.33;278
1306.33;278
1308.33;278
1310.33;278
1312.33;278
1314.33;278
1316.33;278
1318.33;278
1320.33;278
1322.33;278
1324.33;278
1326.33;278
1328.33;278
1330.33;278
1332.33;278
1334.33;278
1336.33;278
1338.33;278
1340.33;278
1342.33;278
1344.33;278
1346.33;278
1348.33;278
1350.33;278
1352.33;278
1354.33;278
1356.33;278
1358.33;278
1360.33;278
1362.33;278
1364.33;278
1366.33;278
1368.33;278
1370.33;278
1372.33;278
1374.33;278
1376.33;278
1378.33;278
1380.33;278
1382.33;278
1384.33;278
1386.33;278
1388.33;278
1390.33;278
1392.33;278
1394.33;278
1396.33;278
1398.33;278
1400.33;278
1402.33;278
1404.33;278
1406.33;278
1408.33;278
1410.33;278
1412.33;278
1414.33;278
1416.33;278
1418.33;278
1420.33;278
1422.33;278
1424.33;278
1426.33;278
1428.33;278
1430.33;278
1432.33;278
1434.33;278
1436.33;278
1438.33;278
1440.33;278
1442.33;278
1444.33;278
1446.33;278
1448.33;278
1450.33;278
1452.33;278
1454.33;278
1456.33;278
1458.33;278
1460.33;278
1462.33;278
1464.33;278
1466.33;278
1468.33;278
1470.33;278
1472.33;278
1474.33;278
1476.33;278
1478.33;278
1480.33;278
1482.33;278
1484.33;278
1486.33;278
1488.33;278
1490.33;278
1492.33;278
1494.33;278
1496.33;278
1498.33;278
1500.33;278
1502.33;278
1504.33;278
1506.33;278
1508.33;278
1510.33;278
1512.33;278
1514.33;278
1516.33;278
1518.33;278
1520.33;278
1522.33;278
1524.33;278
1526.33;278
1528.33;278
1530.33;278
1532.33;278
1534.33;278
1536.33;278
1538.33;278
1540.33;278
1542.33;278
1544.33;278
1546.33;278
1548.33;278
1550.33;278
1552.33;278
1554.33;278
1556.33;278
1558.33;278
1560.33;278
1562.33;278
1564.33;278
1566.33;278
1568.33;278
1570.33;278
1572.33;278
1574.33;278
1576.33;278
1578.33;278
1580.33;278
1582.33;278
1584.33;278
1586.33;278
1588.33;278
1590.33;278
1592.33;278
1594.33;278
1596.33;278
1598.33;278
1600.33;278
1602.33;278
1604.33;278
1606.33;278
1608.33;278
1610.33;278
1612.33;278
1614.33;278
1616.33;278
1618.33;278
1620.33;278
1622.33;278
1624.33;278
1626.33;278
1628.33;278
1630.33;278
1632.33;278
1634.33;278
1636.33;278
1638.33;278
1640.33;278
1642.33;278
1644.33;278
1646.33;278
1648.33;278
1650.33;278
1652.33;278
1654.33;278
1656.33;278
1658.33;278
1660.33;278
1662.33;278
1664.33;278
1666.33;278
1668.33;278
1670.33;278
1672.33;278
1674.33;278
1676.33;278
1678.33;278
1680.33;278
1682.33;278
1684.33;278
1686.33;278
1688.33;278
1690.33;278
1692.33;278
1694.33;278
1696.33;278
1698.33;278
1700.33;278
1702.33;278
1704.33;278
1706.33;278
1708.33;278
1710.33;278
1712.33;278
1714.33;278
1716.33;278
1718.33;278
1720.33;278
1722.33;278
1724.33;278
1726.33;278
1728.33;278
1730.33;278
1732.33;278
1734.33;278
1736.33;278
1738.33;278
1740.33;278
1742.33;278
1744.33;278
1746.33;278
1748.33;278
1750.33;278
1752.33;278
1754.33;278
1756.33;278
1758.33;278
1760.33;278
1762.33;278
1764.33;278
1766.33;278
1768.33;278
1770.33;278
1772.33;278
1774.33;278
1776.33;278
1778.33;278
1780.33;278
1782.33;278
1784.33;278
1786.33;278
1788.33;278
1790.33;278
1792.33;278
1794.33;278
1796.33;278
