#	X	Y
4.49208;288
6.49208;288
8.49208;288
10.4921;288
12.4921;288
14.4921;288
16.4921;288
18.4921;288
20.4921;288
22.4921;288
24.4921;288
26.4921;288
28.4921;288
30.4921;288
32.4921;288
34.4921;288
36.4921;288
38.4921;288
40.4921;288
42.4921;288
44.4921;288
46.4921;288
48.4921;288
50.4921;288
52.4921;288
54.4921;288
56.4921;288
58.4921;288
60.4921;288
62.4921;288
64.4921;288
66.4921;288
68.4921;288
70.4921;288
72.4921;288
74.4921;288
76.4921;288
78.4921;288
80.4921;288
82.4921;288
84.4921;288
86.4921;288
88.4921;288
90.4921;288
92.4921;288
94.4921;648
96.4921;648
98.4921;648
100.492;648
102.492;648
104.492;648
106.492;648
108.492;648
110.492;648
112.492;648
114.492;648
116.492;648
118.492;648
120.492;648
122.492;648
124.492;648
126.492;648
128.492;648
130.492;648
132.492;648
134.492;648
136.492;648
138.492;648
140.492;648
142.492;648
144.492;648
146.492;648
148.492;648
150.492;648
152.492;648
154.492;648
156.492;648
158.492;648
160.492;648
162.492;648
164.492;648
166.492;648
168.492;648
170.492;648
172.492;648
174.492;648
176.492;648
178.492;648
180.492;648
182.492;648
184.492;648
186.492;648
188.492;648
190.492;648
192.492;648
194.492;648
196.492;648
198.492;648
200.492;648
202.492;648
204.492;648
206.492;648
208.492;648
210.492;648
212.492;648
214.492;648
216.492;648
218.492;648
220.492;648
222.492;648
224.492;648
226.492;648
228.492;648
230.492;648
232.492;648
234.492;648
236.492;648
238.492;648
240.492;648
242.492;648
244.492;648
246.492;648
248.492;648
250.492;648
252.492;648
254.492;648
256.492;648
258.492;648
260.492;648
262.492;648
264.492;648
266.492;648
268.492;648
270.492;648
272.492;648
274.492;648
276.492;648
278.492;648
280.492;648
282.492;648
284.492;648
286.492;648
288.492;648
290.492;648
292.492;648
294.492;648
296.492;648
298.492;648
300.492;648
302.492;648
304.492;648
306.492;648
308.492;648
310.492;648
312.492;648
314.492;648
316.492;648
318.492;648
320.492;648
322.492;648
324.492;648
326.492;648
328.492;648
330.492;648
332.492;648
334.492;648
336.492;648
338.492;648
340.492;648
342.492;648
344.492;648
346.492;648
348.492;648
350.492;648
352.492;648
354.492;648
356.492;648
358.492;648
360.492;648
362.492;648
364.492;648
366.492;648
368.492;648
370.492;648
372.492;648
374.492;648
376.492;648
378.492;648
380.492;648
382.492;648
384.492;648
386.492;648
388.492;648
390.492;648
392.492;648
394.492;648
396.492;648
398.492;648
400.492;648
402.492;648
404.492;648
406.492;648
408.492;648
410.492;648
412.492;648
414.492;648
416.492;648
418.492;648
420.492;648
422.492;648
424.492;648
426.492;648
428.492;648
430.492;648
432.492;648
434.492;648
436.492;648
438.492;648
440.492;648
442.492;648
444.492;648
446.492;648
448.492;648
450.492;648
452.492;648
454.492;648
456.492;648
458.492;648
460.492;648
462.492;648
464.492;648
466.492;648
468.492;648
470.492;648
472.492;648
474.492;648
476.492;648
478.492;648
480.492;648
482.492;648
484.492;648
486.492;648
488.492;648
490.492;648
492.492;648
494.492;648
496.492;648
498.492;648
500.492;648
502.492;648
504.492;648
506.492;648
508.492;648
510.492;648
512.492;648
514.492;648
516.492;648
518.492;648
520.492;648
522.492;648
524.492;648
526.492;648
528.492;648
530.492;648
532.492;648
534.492;648
536.492;648
538.492;648
540.492;648
542.492;648
544.492;648
546.492;648
548.492;648
550.492;648
552.492;648
554.492;648
556.492;648
558.492;648
560.492;648
562.492;648
564.492;648
566.492;648
568.492;648
570.492;648
572.492;648
574.492;648
576.492;648
578.492;648
580.492;648
582.492;648
584.492;648
586.492;648
588.492;648
590.492;648
592.492;648
594.492;648
596.492;648
598.492;648
600.492;648
602.492;648
604.492;648
606.492;648
608.492;648
610.492;648
612.492;648
614.492;648
616.492;648
618.492;648
620.492;648
622.492;648
624.492;648
626.492;648
628.492;648
630.492;648
632.492;648
634.492;648
636.492;648
638.492;648
640.492;648
642.492;648
644.492;648
646.492;648
648.492;648
650.492;648
652.492;648
654.492;648
656.492;648
658.492;648
660.492;648
662.492;648
664.492;648
666.492;648
668.492;648
670.492;648
672.492;648
674.492;648
676.492;648
678.492;648
680.492;648
682.492;648
684.492;648
686.492;648
688.492;648
690.492;648
692.492;648
694.492;648
696.492;648
698.492;648
700.492;648
702.492;648
704.492;648
706.492;648
708.492;648
710.492;648
712.492;648
714.492;648
716.492;648
718.492;648
720.492;648
722.492;648
724.492;648
726.492;648
728.492;648
730.492;648
732.492;648
734.492;648
736.492;648
738.492;648
740.492;648
742.492;648
744.492;648
746.492;648
748.492;648
750.492;648
752.492;648
754.492;648
756.492;648
758.492;648
760.492;648
762.492;648
764.492;648
766.492;648
768.492;648
770.492;648
772.492;648
774.492;648
776.492;648
778.492;648
780.492;648
782.492;648
784.492;648
786.492;648
788.492;648
790.492;648
792.492;648
794.492;648
796.492;648
798.492;648
800.492;648
802.492;648
804.492;648
806.492;648
808.492;648
810.492;648
812.492;648
814.492;648
816.492;648
818.492;648
820.492;648
822.492;648
824.492;648
826.492;648
828.492;648
830.492;648
832.492;648
834.492;648
836.492;648
838.492;648
840.492;648
842.492;648
844.492;648
846.492;648
848.492;648
850.492;648
852.492;648
854.492;648
856.492;648
858.492;648
860.492;648
862.492;648
864.492;648
866.492;648
868.492;648
870.492;648
872.492;648
874.492;648
876.492;648
878.492;648
880.492;648
882.492;648
884.492;648
886.492;648
888.492;648
890.492;648
892.492;648
894.492;648
896.492;648
898.492;648
900.492;648
902.492;648
904.492;648
906.492;648
908.492;648
910.492;648
912.492;648
914.492;648
916.492;648
918.492;857
920.492;857
922.492;857
924.492;857
926.492;857
928.492;857
930.492;857
932.492;857
934.492;857
936.492;857
938.492;857
940.492;857
942.492;857
944.492;857
946.492;857
948.492;857
950.492;857
952.492;857
954.492;857
956.492;857
958.492;857
960.492;857
962.492;857
964.492;857
966.492;857
968.492;857
970.492;857
972.492;857
974.492;857
976.492;857
978.492;857
980.492;857
982.492;857
984.492;857
986.492;857
988.492;857
990.492;857
992.492;857
994.492;857
996.492;857
998.492;857
1000.49;857
1002.49;857
1004.49;857
1006.49;857
1008.49;857
1010.49;857
1012.49;857
1014.49;857
1016.49;857
1018.49;857
1020.49;857
1022.49;857
1024.49;857
1026.49;857
1028.49;857
1030.49;857
1032.49;857
1034.49;857
1036.49;857
1038.49;857
1040.49;857
1042.49;857
1044.49;857
1046.49;857
1048.49;857
1050.49;857
1052.49;857
1054.49;857
1056.49;857
1058.49;857
1060.49;857
1062.49;857
1064.49;857
1066.49;857
1068.49;857
1070.49;857
1072.49;857
1074.49;857
1076.49;857
1078.49;857
1080.49;857
1082.49;857
1084.49;857
1086.49;857
1088.49;857
1090.49;857
1092.49;857
1094.49;857
1096.49;857
1098.49;857
1100.49;857
1102.49;857
1104.49;857
1106.49;857
1108.49;857
1110.49;857
1112.49;857
1114.49;857
1116.49;857
1118.49;857
1120.49;857
1122.49;857
1124.49;857
1126.49;857
1128.49;857
1130.49;857
1132.49;857
1134.49;857
1136.49;857
1138.49;857
1140.49;857
1142.49;857
1144.49;857
1146.49;857
1148.49;857
1150.49;857
1152.49;857
1154.49;857
1156.49;857
1158.49;857
1160.49;857
1162.49;857
1164.49;857
1166.49;857
1168.49;857
1170.49;857
1172.49;857
1174.49;857
1176.49;857
1178.49;857
1180.49;857
1182.49;857
1184.49;857
1186.49;857
1188.49;857
1190.49;857
1192.49;857
1194.49;857
1196.49;857
1198.49;857
1200.49;857
1202.49;857
1204.49;857
1206.49;857
1208.49;857
1210.49;857
1212.49;857
1214.49;857
1216.49;857
1218.49;857
1220.49;857
1222.49;857
1224.49;857
1226.49;857
1228.49;857
1230.49;857
1232.49;857
1234.49;857
1236.49;857
1238.49;857
1240.49;857
1242.49;857
1244.49;857
1246.49;857
1248.49;857
1250.49;857
1252.49;857
1254.49;857
1256.49;857
1258.49;857
1260.49;857
1262.49;857
1264.49;857
1266.49;857
1268.49;857
1270.49;857
1272.49;857
1274.49;857
1276.49;857
1278.49;857
1280.49;857
1282.49;857
1284.49;857
1286.49;857
1288.49;857
1290.49;857
1292.49;857
1294.49;857
1296.49;857
1298.49;857
1300.49;857
1302.49;857
1304.49;857
1306.49;857
1308.49;857
1310.49;857
1312.49;857
1314.49;857
1316.49;857
1318.49;857
1320.49;857
1322.49;857
1324.49;857
1326.49;857
1328.49;857
1330.49;857
1332.49;857
1334.49;857
1336.49;857
1338.49;857
1340.49;857
1342.49;857
1344.49;857
1346.49;857
1348.49;857
1350.49;857
1352.49;857
1354.49;857
1356.49;857
1358.49;857
1360.49;857
1362.49;857
1364.49;857
1366.49;857
1368.49;857
1370.49;857
1372.49;857
1374.49;857
1376.49;857
1378.49;857
1380.49;857
1382.49;857
1384.49;857
1386.49;857
1388.49;857
1390.49;857
1392.49;857
1394.49;857
1396.49;857
1398.49;857
1400.49;857
1402.49;857
1404.49;857
1406.49;857
1408.49;857
1410.49;857
1412.49;857
1414.49;857
1416.49;857
1418.49;857
1420.49;857
1422.49;857
1424.49;857
1426.49;857
1428.49;857
1430.49;857
1432.49;857
1434.49;857
1436.49;857
1438.49;857
1440.49;857
1442.49;857
1444.49;857
1446.49;857
1448.49;857
1450.49;857
1452.49;857
1454.49;857
1456.49;857
1458.49;857
1460.49;857
1462.49;857
1464.49;857
1466.49;857
1468.49;857
1470.49;857
1472.49;857
1474.49;857
1476.49;857
1478.49;857
1480.49;857
1482.49;857
1484.49;857
1486.49;857
1488.49;857
1490.49;857
1492.49;857
1494.49;857
1496.49;857
1498.49;857
1500.49;857
1502.49;857
1504.49;857
1506.49;857
1508.49;857
1510.49;857
1512.49;857
1514.49;857
1516.49;857
1518.49;857
1520.49;857
1522.49;857
1524.49;857
1526.49;857
1528.49;857
1530.49;857
1532.49;857
1534.49;857
1536.49;857
1538.49;857
1540.49;857
1542.49;857
1544.49;857
1546.49;857
1548.49;857
1550.49;857
1552.49;857
1554.49;857
1556.49;857
1558.49;857
1560.49;857
1562.49;857
1564.49;857
1566.49;857
1568.49;857
1570.49;857
1572.49;857
1574.49;857
1576.49;857
1578.49;857
1580.49;857
1582.49;857
1584.49;857
1586.49;857
1588.49;857
1590.49;857
1592.49;857
1594.49;857
1596.49;857
1598.49;857
1600.49;857
1602.49;857
1604.49;857
1606.49;857
1608.49;857
1610.49;857
1612.49;857
1614.49;857
1616.49;857
1618.49;857
1620.49;857
1622.49;857
1624.49;857
1626.49;857
1628.49;857
1630.49;857
1632.49;857
1634.49;857
1636.49;857
1638.49;857
1640.49;857
1642.49;857
1644.49;857
1646.49;857
1648.49;857
1650.49;857
1652.49;857
1654.49;857
1656.49;857
1658.49;857
1660.49;857
1662.49;857
1664.49;857
1666.49;857
1668.49;857
1670.49;857
1672.49;857
1674.49;857
1676.49;857
1678.49;857
1680.49;857
1682.49;857
1684.49;857
1686.49;857
1688.49;857
1690.49;857
1692.49;857
1694.49;857
1696.49;857
1698.49;857
1700.49;857
1702.49;857
1704.49;857
1706.49;857
1708.49;857
1710.49;857
1712.49;857
1714.49;857
1716.49;857
1718.49;857
1720.49;857
1722.49;857
1724.49;857
1726.49;857
1728.49;857
1730.49;857
1732.49;857
1734.49;857
1736.49;857
1738.49;857
1740.49;857
1742.49;857
1744.49;857
1746.49;857
1748.49;857
1750.49;857
1752.49;857
1754.49;857
1756.49;857
1758.49;857
1760.49;857
1762.49;857
1764.49;857
1766.49;857
1768.49;857
1770.49;857
1772.49;857
1774.49;857
1776.49;857
1778.49;857
1780.49;857
1782.49;857
1784.49;857
1786.49;857
1788.49;857
1790.49;857
1792.49;857
1794.49;857
1796.49;857
