#	X	Y
4.33202;130
6.33202;130
8.33202;130
10.332;130
12.332;130
14.332;130
16.332;130
18.332;130
20.332;130
22.332;130
24.332;130
26.332;130
28.332;130
30.332;130
32.332;130
34.332;130
36.332;130
38.332;130
40.332;130
42.332;130
44.332;130
46.332;130
48.332;130
50.332;130
52.332;130
54.332;130
56.332;130
58.332;130
60.332;130
62.332;130
64.332;130
66.332;130
68.332;130
70.332;130
72.332;130
74.332;130
76.332;130
78.332;130
80.332;130
82.332;130
84.332;130
86.332;130
88.332;130
90.332;130
92.332;130
94.332;130
96.332;130
98.332;130
100.332;130
102.332;130
104.332;130
106.332;130
108.332;130
110.332;130
112.332;130
114.332;130
116.332;130
118.332;130
120.332;130
122.332;130
124.332;130
126.332;130
128.332;130
130.332;130
132.332;130
134.332;130
136.332;130
138.332;130
140.332;130
142.332;130
144.332;130
146.332;130
148.332;130
150.332;130
152.332;130
154.332;130
156.332;130
158.332;130
160.332;130
162.332;130
164.332;130
166.332;130
168.332;130
170.332;130
172.332;130
174.332;130
176.332;130
178.332;130
180.332;304
182.332;304
184.332;304
186.332;304
188.332;304
190.332;304
192.332;304
194.332;304
196.332;304
198.332;304
200.332;304
202.332;304
204.332;304
206.332;304
208.332;304
210.332;304
212.332;304
214.332;304
216.332;304
218.332;304
220.332;304
222.332;304
224.332;304
226.332;304
228.332;304
230.332;304
232.332;304
234.332;304
236.332;304
238.332;304
240.332;304
242.332;304
244.332;304
246.332;304
248.332;304
250.332;304
252.332;304
254.332;304
256.332;304
258.332;304
260.332;304
262.332;304
264.332;304
266.332;304
268.332;304
270.332;304
272.332;304
274.332;304
276.332;304
278.332;304
280.332;304
282.332;304
284.332;304
286.332;304
288.332;304
290.332;304
292.332;304
294.332;304
296.332;304
298.332;304
300.332;304
302.332;304
304.332;304
306.332;304
308.332;304
310.332;304
312.332;304
314.332;304
316.332;304
318.332;304
320.332;304
322.332;304
324.332;304
326.332;304
328.332;304
330.332;304
332.332;304
334.332;304
336.332;304
338.332;304
340.332;304
342.332;304
344.332;304
346.332;304
348.332;304
350.332;304
352.332;304
354.332;304
356.332;304
358.332;304
360.332;304
362.332;304
364.332;304
366.332;304
368.332;304
370.332;304
372.332;304
374.332;304
376.332;304
378.332;304
380.332;304
382.332;304
384.332;304
386.332;304
388.332;304
390.332;304
392.332;304
394.332;304
396.332;304
398.332;304
400.332;304
402.332;304
404.332;304
406.332;304
408.332;304
410.332;304
412.332;304
414.332;304
416.332;304
418.332;304
420.332;304
422.332;304
424.332;304
426.332;304
428.332;304
430.332;304
432.332;304
434.332;304
436.332;304
438.332;304
440.332;304
442.332;304
444.332;304
446.332;304
448.332;304
450.332;304
452.332;304
454.332;304
456.332;304
458.332;304
460.332;304
462.332;304
464.332;304
466.332;304
468.332;304
470.332;304
472.332;304
474.332;304
476.332;304
478.332;304
480.332;304
482.332;304
484.332;304
486.332;304
488.332;304
490.332;304
492.332;304
494.332;304
496.332;304
498.332;304
500.332;304
502.332;304
504.332;304
506.332;304
508.332;304
510.332;304
512.332;304
514.332;304
516.332;304
518.332;304
520.332;304
522.332;304
524.332;304
526.332;304
528.332;304
530.332;304
532.332;304
534.332;304
536.332;304
538.332;304
540.332;304
542.332;304
544.332;304
546.332;304
548.332;304
550.332;304
552.332;304
554.332;304
556.332;304
558.332;304
560.332;304
562.332;304
564.332;304
566.332;304
568.332;304
570.332;304
572.332;304
574.332;304
576.332;304
578.332;304
580.332;304
582.332;304
584.332;304
586.332;304
588.332;304
590.332;304
592.332;304
594.332;304
596.332;304
598.332;304
600.332;304
602.332;304
604.332;304
606.332;304
608.332;304
610.332;304
612.332;304
614.332;304
616.332;304
618.332;304
620.332;304
622.332;304
624.332;304
626.332;304
628.332;304
630.332;304
632.332;304
634.332;304
636.332;304
638.332;304
640.332;304
642.332;304
644.332;304
646.332;304
648.332;304
650.332;304
652.332;304
654.332;304
656.332;304
658.332;304
660.332;304
662.332;304
664.332;304
666.332;304
668.332;304
670.332;304
672.332;304
674.332;304
676.332;304
678.332;304
680.332;304
682.332;304
684.332;304
686.332;304
688.332;304
690.332;304
692.332;304
694.332;304
696.332;304
698.332;304
700.332;304
702.332;304
704.332;304
706.332;304
708.332;304
710.332;304
712.332;304
714.332;304
716.332;304
718.332;304
720.332;304
722.332;304
724.332;304
726.332;304
728.332;304
730.332;304
732.332;304
734.332;304
736.332;304
738.332;304
740.332;304
742.332;304
744.332;304
746.332;304
748.332;304
750.332;304
752.332;304
754.332;304
756.332;304
758.332;304
760.332;304
762.332;304
764.332;304
766.332;304
768.332;304
770.332;304
772.332;304
774.332;304
776.332;304
778.332;304
780.332;304
782.332;304
784.332;304
786.332;304
788.332;304
790.332;304
792.332;304
794.332;304
796.332;304
798.332;304
800.332;304
802.332;304
804.332;304
806.332;304
808.332;304
810.332;304
812.332;304
814.332;304
816.332;304
818.332;304
820.332;304
822.332;304
824.332;304
826.332;304
828.332;304
830.332;304
832.332;304
834.332;304
836.332;304
838.332;304
840.332;304
842.332;304
844.332;304
846.332;304
848.332;304
850.332;304
852.332;304
854.332;304
856.332;304
858.332;304
860.332;304
862.332;304
864.332;304
866.332;304
868.332;304
870.332;304
872.332;304
874.332;304
876.332;304
878.332;304
880.332;304
882.332;304
884.332;304
886.332;304
888.332;304
890.332;304
892.332;304
894.332;304
896.332;304
898.332;304
900.332;304
902.332;304
904.332;304
906.332;304
908.332;304
910.332;304
912.332;304
914.332;304
916.332;519
918.332;519
920.332;519
922.332;519
924.332;519
926.332;519
928.332;519
930.332;519
932.332;519
934.332;519
936.332;519
938.332;519
940.332;519
942.332;519
944.332;519
946.332;519
948.332;519
950.332;519
952.332;519
954.332;519
956.332;519
958.332;519
960.332;519
962.332;519
964.332;519
966.332;519
968.332;519
970.332;519
972.332;519
974.332;519
976.332;519
978.332;519
980.332;519
982.332;519
984.332;519
986.332;519
988.332;519
990.332;519
992.332;519
994.332;519
996.332;519
998.332;519
1000.33;519
1002.33;519
1004.33;519
1006.33;519
1008.33;519
1010.33;519
1012.33;519
1014.33;519
1016.33;519
1018.33;519
1020.33;519
1022.33;519
1024.33;519
1026.33;519
1028.33;519
1030.33;519
1032.33;519
1034.33;519
1036.33;519
1038.33;519
1040.33;519
1042.33;519
1044.33;519
1046.33;519
1048.33;519
1050.33;519
1052.33;519
1054.33;519
1056.33;519
1058.33;519
1060.33;519
1062.33;519
1064.33;519
1066.33;519
1068.33;519
1070.33;519
1072.33;519
1074.33;519
1076.33;519
1078.33;519
1080.33;519
1082.33;519
1084.33;519
1086.33;519
1088.33;519
1090.33;519
1092.33;519
1094.33;519
1096.33;519
1098.33;519
1100.33;519
1102.33;519
1104.33;519
1106.33;519
1108.33;519
1110.33;519
1112.33;519
1114.33;519
1116.33;519
1118.33;519
1120.33;519
1122.33;519
1124.33;519
1126.33;519
1128.33;519
1130.33;519
1132.33;519
1134.33;519
1136.33;519
1138.33;519
1140.33;519
1142.33;519
1144.33;519
1146.33;519
1148.33;519
1150.33;519
1152.33;519
1154.33;519
1156.33;519
1158.33;519
1160.33;519
1162.33;519
1164.33;519
1166.33;519
1168.33;519
1170.33;519
1172.33;519
1174.33;519
1176.33;519
1178.33;519
1180.33;519
1182.33;519
1184.33;519
1186.33;519
1188.33;519
1190.33;519
1192.33;519
1194.33;519
1196.33;519
1198.33;519
1200.33;519
1202.33;519
1204.33;519
1206.33;519
1208.33;519
1210.33;519
1212.33;519
1214.33;519
1216.33;519
1218.33;519
1220.33;519
1222.33;519
1224.33;519
1226.33;519
1228.33;519
1230.33;519
1232.33;519
1234.33;519
1236.33;519
1238.33;519
1240.33;519
1242.33;519
1244.33;519
1246.33;519
1248.33;519
1250.33;519
1252.33;519
1254.33;519
1256.33;519
1258.33;519
1260.33;519
1262.33;519
1264.33;519
1266.33;519
1268.33;519
1270.33;519
1272.33;519
1274.33;519
1276.33;519
1278.33;519
1280.33;519
1282.33;519
1284.33;519
1286.33;519
1288.33;519
1290.33;519
1292.33;519
1294.33;519
1296.33;519
1298.33;519
1300.33;519
1302.33;519
1304.33;519
1306.33;519
1308.33;519
1310.33;519
1312.33;519
1314.33;519
1316.33;519
1318.33;519
1320.33;519
1322.33;519
1324.33;519
1326.33;519
1328.33;519
1330.33;519
1332.33;519
1334.33;519
1336.33;519
1338.33;519
1340.33;519
1342.33;519
1344.33;519
1346.33;519
1348.33;519
1350.33;519
1352.33;519
1354.33;519
1356.33;519
1358.33;519
1360.33;519
1362.33;519
1364.33;519
1366.33;519
1368.33;519
1370.33;519
1372.33;519
1374.33;519
1376.33;519
1378.33;519
1380.33;519
1382.33;519
1384.33;519
1386.33;519
1388.33;519
1390.33;519
1392.33;519
1394.33;519
1396.33;519
1398.33;519
1400.33;519
1402.33;519
1404.33;519
1406.33;519
1408.33;519
1410.33;519
1412.33;519
1414.33;519
1416.33;519
1418.33;519
1420.33;519
1422.33;519
1424.33;519
1426.33;519
1428.33;519
1430.33;519
1432.33;519
1434.33;519
1436.33;519
1438.33;519
1440.33;519
1442.33;519
1444.33;519
1446.33;519
1448.33;519
1450.33;519
1452.33;519
1454.33;519
1456.33;519
1458.33;519
1460.33;519
1462.33;519
1464.33;519
1466.33;519
1468.33;519
1470.33;519
1472.33;519
1474.33;519
1476.33;519
1478.33;519
1480.33;519
1482.33;519
1484.33;519
1486.33;519
1488.33;519
1490.33;519
1492.33;519
1494.33;519
1496.33;519
1498.33;519
1500.33;519
1502.33;519
1504.33;519
1506.33;519
1508.33;519
1510.33;519
1512.33;519
1514.33;519
1516.33;519
1518.33;519
1520.33;519
1522.33;519
1524.33;519
1526.33;519
1528.33;519
1530.33;519
1532.33;519
1534.33;519
1536.33;519
1538.33;519
1540.33;519
1542.33;519
1544.33;519
1546.33;519
1548.33;519
1550.33;519
1552.33;519
1554.33;519
1556.33;519
1558.33;519
1560.33;519
1562.33;519
1564.33;519
1566.33;519
1568.33;519
1570.33;519
1572.33;519
1574.33;519
1576.33;519
1578.33;519
1580.33;519
1582.33;519
1584.33;519
1586.33;519
1588.33;519
1590.33;519
1592.33;519
1594.33;519
1596.33;519
1598.33;519
1600.33;519
1602.33;519
1604.33;519
1606.33;519
1608.33;519
1610.33;519
1612.33;519
1614.33;519
1616.33;519
1618.33;519
1620.33;519
1622.33;519
1624.33;519
1626.33;519
1628.33;519
1630.33;519
1632.33;519
1634.33;519
1636.33;519
1638.33;519
1640.33;519
1642.33;519
1644.33;519
1646.33;519
1648.33;519
1650.33;519
1652.33;519
1654.33;519
1656.33;519
1658.33;519
1660.33;519
1662.33;519
1664.33;519
1666.33;519
1668.33;519
1670.33;519
1672.33;519
1674.33;519
1676.33;519
1678.33;519
1680.33;519
1682.33;519
1684.33;519
1686.33;519
1688.33;519
1690.33;519
1692.33;519
1694.33;519
1696.33;519
1698.33;519
1700.33;519
1702.33;519
1704.33;519
1706.33;519
1708.33;519
1710.33;519
1712.33;519
1714.33;519
1716.33;519
1718.33;519
1720.33;519
1722.33;519
1724.33;519
1726.33;519
1728.33;519
1730.33;519
1732.33;519
1734.33;519
1736.33;519
1738.33;519
1740.33;519
1742.33;519
1744.33;519
1746.33;519
1748.33;519
1750.33;519
1752.33;519
1754.33;519
1756.33;519
1758.33;519
1760.33;519
1762.33;519
1764.33;519
1766.33;519
1768.33;519
1770.33;519
1772.33;519
1774.33;519
1776.33;519
1778.33;519
1780.33;519
1782.33;519
1784.33;519
1786.33;519
1788.33;519
1790.33;519
1792.33;519
1794.33;519
1796.33;519
