#	X	Y
4.55006;702
6.55006;702
8.55006;702
10.5501;702
12.5501;702
14.5501;702
16.5501;702
18.5501;702
20.5501;702
22.5501;702
24.5501;702
26.5501;702
28.5501;702
30.5501;702
32.5501;702
34.5501;702
36.5501;702
38.5501;702
40.5501;702
42.5501;702
44.5501;702
46.5501;702
48.5501;702
50.5501;702
52.5501;702
54.5501;702
56.5501;702
58.5501;702
60.5501;702
62.5501;702
64.5501;702
66.5501;702
68.5501;702
70.5501;702
72.5501;702
74.5501;702
76.5501;702
78.5501;702
80.5501;702
82.5501;702
84.5501;702
86.5501;702
88.5501;702
90.5501;702
92.5501;702
94.5501;702
96.5501;702
98.5501;702
100.55;702
102.55;702
104.55;702
106.55;702
108.55;702
110.55;702
112.55;702
114.55;702
116.55;702
118.55;702
120.55;702
122.55;702
124.55;702
126.55;702
128.55;702
130.55;702
132.55;702
134.55;702
136.55;702
138.55;702
140.55;702
142.55;702
144.55;702
146.55;702
148.55;702
150.55;702
152.55;702
154.55;702
156.55;702
158.55;702
160.55;702
162.55;702
164.55;702
166.55;702
168.55;702
170.55;702
172.55;702
174.55;702
176.55;702
178.55;1794
180.55;1794
182.55;1794
184.55;1794
186.55;1794
188.55;1794
190.55;1794
192.55;1794
194.55;1794
196.55;1794
198.55;1794
200.55;1794
202.55;1794
204.55;1794
206.55;1794
208.55;1794
210.55;1794
212.55;1794
214.55;1794
216.55;1794
218.55;1794
220.55;1794
222.55;1794
224.55;1794
226.55;1794
228.55;1794
230.55;1794
232.55;1794
234.55;1794
236.55;1794
238.55;1794
240.55;1794
242.55;1794
244.55;1794
246.55;1794
248.55;1794
250.55;1794
252.55;1794
254.55;1794
256.55;1794
258.55;1794
260.55;1794
262.55;1794
264.55;1794
266.55;1794
268.55;1794
270.55;1794
272.55;1794
274.55;1794
276.55;1794
278.55;1794
280.55;1794
282.55;1794
284.55;1794
286.55;1794
288.55;1794
290.55;1794
292.55;1794
294.55;1794
296.55;1794
298.55;1794
300.55;1794
302.55;1794
304.55;1794
306.55;1794
308.55;1794
310.55;1794
312.55;1794
314.55;1794
316.55;1794
318.55;1794
320.55;1794
322.55;1794
324.55;1794
326.55;1794
328.55;1794
330.55;1794
332.55;1794
334.55;1794
336.55;1794
338.55;1794
340.55;1794
342.55;1794
344.55;1794
346.55;1794
348.55;1794
350.55;1794
352.55;1794
354.55;1794
356.55;1794
358.55;1794
360.55;1794
362.55;1794
364.55;1794
366.55;1794
368.55;1794
370.55;1794
372.55;1794
374.55;1794
376.55;1794
378.55;1794
380.55;1794
382.55;1794
384.55;1794
386.55;1794
388.55;1794
390.55;1794
392.55;1794
394.55;1794
396.55;1794
398.55;1794
400.55;1794
402.55;1794
404.55;1794
406.55;1794
408.55;1794
410.55;1794
412.55;1794
414.55;1794
416.55;1794
418.55;1794
420.55;1794
422.55;1794
424.55;1794
426.55;1794
428.55;1794
430.55;1794
432.55;1794
434.55;1794
436.55;1794
438.55;1794
440.55;1794
442.55;1794
444.55;1794
446.55;1794
448.55;1794
450.55;1794
452.55;1794
454.55;1794
456.55;1794
458.55;1794
460.55;1794
462.55;1794
464.55;1794
466.55;1794
468.55;1794
470.55;1794
472.55;1794
474.55;1794
476.55;1794
478.55;1794
480.55;1794
482.55;1794
484.55;1794
486.55;1794
488.55;1794
490.55;1794
492.55;1794
494.55;1794
496.55;1794
498.55;1794
500.55;1794
502.55;1794
504.55;1794
506.55;1794
508.55;1794
510.55;1794
512.55;1794
514.55;1794
516.55;1794
518.55;1794
520.55;1794
522.55;1794
524.55;1794
526.55;1794
528.55;1794
530.55;1794
532.55;1794
534.55;1794
536.55;1794
538.55;1794
540.55;1794
542.55;1794
544.55;1794
546.55;1794
548.55;1794
550.55;1794
552.55;1794
554.55;1794
556.55;1794
558.55;1794
560.55;1794
562.55;1794
564.55;1794
566.55;1794
568.55;1794
570.55;1794
572.55;1794
574.55;1794
576.55;1794
578.55;1794
580.55;1794
582.55;1794
584.55;1794
586.55;1794
588.55;1794
590.55;1794
592.55;1794
594.55;1794
596.55;1794
598.55;1794
600.55;1794
602.55;1794
604.55;1794
606.55;1794
608.55;1794
610.55;1794
612.55;1794
614.55;1794
616.55;1794
618.55;1794
620.55;1794
622.55;1794
624.55;1794
626.55;1794
628.55;1794
630.55;1794
632.55;1794
634.55;1794
636.55;1794
638.55;1794
640.55;1794
642.55;1794
644.55;1794
646.55;1794
648.55;1794
650.55;1794
652.55;1794
654.55;1794
656.55;1794
658.55;1794
660.55;1794
662.55;1794
664.55;1794
666.55;1794
668.55;1794
670.55;1794
672.55;1794
674.55;1794
676.55;1794
678.55;1794
680.55;1794
682.55;1794
684.55;1794
686.55;1794
688.55;1794
690.55;1794
692.55;1794
694.55;1794
696.55;1794
698.55;1794
700.55;1794
702.55;1794
704.55;1794
706.55;1794
708.55;1794
710.55;1794
712.55;1794
714.55;1794
716.55;1794
718.55;1794
720.55;1794
722.55;1794
724.55;1794
726.55;1794
728.55;1794
730.55;1794
732.55;1794
734.55;1794
736.55;1794
738.55;1794
740.55;1794
742.55;1794
744.55;1794
746.55;1794
748.55;1794
750.55;1794
752.55;1794
754.55;1794
756.55;1794
758.55;1794
760.55;1794
762.55;1794
764.55;1794
766.55;1794
768.55;1794
770.55;1794
772.55;1794
774.55;1794
776.55;1794
778.55;1794
780.55;1794
782.55;1794
784.55;1794
786.55;1794
788.55;1794
790.55;1794
792.55;1794
794.55;1794
796.55;1794
798.55;1794
800.55;1794
802.55;1794
804.55;1794
806.55;1794
808.55;1794
810.55;1794
812.55;1794
814.55;1794
816.55;1794
818.55;1794
820.55;1794
822.55;1794
824.55;1794
826.55;1794
828.55;1794
830.55;1794
832.55;1794
834.55;1794
836.55;1794
838.55;1794
840.55;1794
842.55;1794
844.55;1794
846.55;1794
848.55;1794
850.55;1794
852.55;1794
854.55;1794
856.55;1794
858.55;1794
860.55;1794
862.55;1794
864.55;1794
866.55;1794
868.55;1794
870.55;1794
872.55;1794
874.55;1794
876.55;1794
878.55;1794
880.55;1794
882.55;1794
884.55;1794
886.55;1794
888.55;1794
890.55;1794
892.55;1794
894.55;1794
896.55;1794
898.55;1794
900.55;1794
902.55;1794
904.55;1794
906.55;1794
908.55;1794
910.55;1794
912.55;1794
914.55;2343
916.55;2343
918.55;2343
920.55;2343
922.55;2343
924.55;2343
926.55;2343
928.55;2343
930.55;2343
932.55;2343
934.55;2343
936.55;2343
938.55;2343
940.55;2343
942.55;2343
944.55;2343
946.55;2343
948.55;2343
950.55;2343
952.55;2343
954.55;2343
956.55;2343
958.55;2343
960.55;2343
962.55;2343
964.55;2343
966.55;2343
968.55;2343
970.55;2343
972.55;2343
974.55;2343
976.55;2343
978.55;2343
980.55;2343
982.55;2343
984.55;2343
986.55;2343
988.55;2343
990.55;2343
992.55;2343
994.55;2343
996.55;2343
998.55;2343
1000.55;2343
1002.55;2343
1004.55;2343
1006.55;2343
1008.55;2343
1010.55;2343
1012.55;2343
1014.55;2343
1016.55;2343
1018.55;2343
1020.55;2343
1022.55;2343
1024.55;2343
1026.55;2343
1028.55;2343
1030.55;2343
1032.55;2343
1034.55;2343
1036.55;2343
1038.55;2343
1040.55;2343
1042.55;2343
1044.55;2343
1046.55;2343
1048.55;2343
1050.55;2343
1052.55;2343
1054.55;2343
1056.55;2343
1058.55;2343
1060.55;2343
1062.55;2343
1064.55;2343
1066.55;2343
1068.55;2343
1070.55;2343
1072.55;2343
1074.55;2343
1076.55;2343
1078.55;2343
1080.55;2343
1082.55;2343
1084.55;2343
1086.55;2343
1088.55;2343
1090.55;2343
1092.55;2343
1094.55;2343
1096.55;2343
1098.55;2343
1100.55;2343
1102.55;2343
1104.55;2343
1106.55;2343
1108.55;2343
1110.55;2343
1112.55;2343
1114.55;2343
1116.55;2343
1118.55;2343
1120.55;2343
1122.55;2343
1124.55;2343
1126.55;2343
1128.55;2343
1130.55;2343
1132.55;2343
1134.55;2343
1136.55;2343
1138.55;2343
1140.55;2343
1142.55;2343
1144.55;2343
1146.55;2343
1148.55;2343
1150.55;2343
1152.55;2343
1154.55;2343
1156.55;2343
1158.55;2343
1160.55;2343
1162.55;2343
1164.55;2343
1166.55;2343
1168.55;2343
1170.55;2343
1172.55;2343
1174.55;2343
1176.55;2343
1178.55;2343
1180.55;2343
1182.55;2343
1184.55;2343
1186.55;2343
1188.55;2343
1190.55;2343
1192.55;2343
1194.55;2343
1196.55;2343
1198.55;2343
1200.55;2343
1202.55;2343
1204.55;2343
1206.55;2343
1208.55;2343
1210.55;2343
1212.55;2343
1214.55;2343
1216.55;2343
1218.55;2343
1220.55;2343
1222.55;2343
1224.55;2343
1226.55;2343
1228.55;2343
1230.55;2343
1232.55;2343
1234.55;2343
1236.55;2343
1238.55;2343
1240.55;2343
1242.55;2343
1244.55;2343
1246.55;2343
1248.55;2343
1250.55;2343
1252.55;2343
1254.55;2343
1256.55;2343
1258.55;2343
1260.55;2343
1262.55;2343
1264.55;2343
1266.55;2343
1268.55;2343
1270.55;2343
1272.55;2343
1274.55;2343
1276.55;2343
1278.55;2343
1280.55;2343
1282.55;2343
1284.55;2343
1286.55;2343
1288.55;2343
1290.55;2343
1292.55;2343
1294.55;2343
1296.55;2343
1298.55;2343
1300.55;2343
1302.55;2343
1304.55;2343
1306.55;2343
1308.55;2343
1310.55;2343
1312.55;2343
1314.55;2343
1316.55;2343
1318.55;2343
1320.55;2343
1322.55;2343
1324.55;2343
1326.55;2343
1328.55;2343
1330.55;2343
1332.55;2343
1334.55;2343
1336.55;2343
1338.55;2343
1340.55;2343
1342.55;2343
1344.55;2343
1346.55;2343
1348.55;2343
1350.55;2343
1352.55;2343
1354.55;2343
1356.55;2343
1358.55;2343
1360.55;2343
1362.55;2343
1364.55;2343
1366.55;2343
1368.55;2343
1370.55;2343
1372.55;2343
1374.55;2343
1376.55;2343
1378.55;2343
1380.55;2343
1382.55;2343
1384.55;2343
1386.55;2343
1388.55;2343
1390.55;2343
1392.55;2343
1394.55;2343
1396.55;2343
1398.55;2343
1400.55;2343
1402.55;2343
1404.55;2343
1406.55;2343
1408.55;2343
1410.55;2343
1412.55;2343
1414.55;2343
1416.55;2343
1418.55;2343
1420.55;2343
1422.55;2343
1424.55;2343
1426.55;2343
1428.55;2343
1430.55;2343
1432.55;2343
1434.55;2343
1436.55;2343
1438.55;2343
1440.55;2343
1442.55;2343
1444.55;2343
1446.55;2343
1448.55;2343
1450.55;2343
1452.55;2343
1454.55;2343
1456.55;2343
1458.55;2343
1460.55;2343
1462.55;2343
1464.55;2343
1466.55;2343
1468.55;2343
1470.55;2343
1472.55;2343
1474.55;2343
1476.55;2343
1478.55;2343
1480.55;2343
1482.55;2343
1484.55;2343
1486.55;2343
1488.55;2343
1490.55;2343
1492.55;2343
1494.55;2343
1496.55;2343
1498.55;2343
1500.55;2343
1502.55;2343
1504.55;2343
1506.55;2343
1508.55;2343
1510.55;2343
1512.55;2343
1514.55;2343
1516.55;2343
1518.55;2343
1520.55;2343
1522.55;2343
1524.55;2343
1526.55;2343
1528.55;2343
1530.55;2343
1532.55;2343
1534.55;2343
1536.55;2343
1538.55;2343
1540.55;2343
1542.55;2343
1544.55;2343
1546.55;2343
1548.55;2343
1550.55;2343
1552.55;2343
1554.55;2343
1556.55;2343
1558.55;2343
1560.55;2343
1562.55;2343
1564.55;2343
1566.55;2343
1568.55;2343
1570.55;2343
1572.55;2343
1574.55;2343
1576.55;2343
1578.55;2343
1580.55;2343
1582.55;2343
1584.55;2343
1586.55;2343
1588.55;2343
1590.55;2343
1592.55;2343
1594.55;2343
1596.55;2343
1598.55;2343
1600.55;2343
1602.55;2343
1604.55;2343
1606.55;2343
1608.55;2343
1610.55;2343
1612.55;2343
1614.55;2343
1616.55;2343
1618.55;2343
1620.55;2343
1622.55;2343
1624.55;2343
1626.55;2343
1628.55;2343
1630.55;2343
1632.55;2343
1634.55;2343
1636.55;2343
1638.55;2343
1640.55;2343
1642.55;2343
1644.55;2343
1646.55;2343
1648.55;2343
1650.55;2343
1652.55;2343
1654.55;2343
1656.55;2343
1658.55;2343
1660.55;2343
1662.55;2343
1664.55;2343
1666.55;2343
1668.55;2343
1670.55;2343
1672.55;2343
1674.55;2343
1676.55;2343
1678.55;2343
1680.55;2343
1682.55;2343
1684.55;2343
1686.55;2343
1688.55;2343
1690.55;2343
1692.55;2343
1694.55;2343
1696.55;2343
1698.55;2343
1700.55;2343
1702.55;2343
1704.55;2343
1706.55;2343
1708.55;2343
1710.55;2343
1712.55;2343
1714.55;2343
1716.55;2343
1718.55;2343
1720.55;2343
1722.55;2343
1724.55;2343
1726.55;2343
1728.55;2343
1730.55;2343
1732.55;2343
1734.55;2343
1736.55;2343
1738.55;2343
1740.55;2343
1742.55;2343
1744.55;2343
1746.55;2343
1748.55;2343
1750.55;2343
1752.55;2343
1754.55;2343
1756.55;2343
1758.55;2343
1760.55;2343
1762.55;2343
1764.55;2343
1766.55;2343
1768.55;2343
1770.55;2343
1772.55;2343
1774.55;2343
1776.55;2343
1778.55;2343
1780.55;2343
1782.55;2343
1784.55;2343
1786.55;2343
1788.55;2343
1790.55;2343
1792.55;2343
1794.55;2343
1796.55;2343
