#	X	Y
4.57608;236
6.57608;236
8.57608;236
10.5761;236
12.5761;236
14.5761;236
16.5761;236
18.5761;236
20.5761;236
22.5761;236
24.5761;236
26.5761;236
28.5761;236
30.5761;236
32.5761;236
34.5761;236
36.5761;236
38.5761;236
40.5761;236
42.5761;236
44.5761;236
46.5761;236
48.5761;236
50.5761;236
52.5761;236
54.5761;236
56.5761;236
58.5761;236
60.5761;236
62.5761;236
64.5761;236
66.5761;236
68.5761;236
70.5761;236
72.5761;236
74.5761;236
76.5761;236
78.5761;236
80.5761;236
82.5761;236
84.5761;236
86.5761;236
88.5761;236
90.5761;236
92.5761;236
94.5761;236
96.5761;236
98.5761;236
100.576;236
102.576;236
104.576;236
106.576;236
108.576;236
110.576;236
112.576;236
114.576;236
116.576;236
118.576;236
120.576;236
122.576;236
124.576;236
126.576;236
128.576;236
130.576;236
132.576;236
134.576;236
136.576;236
138.576;236
140.576;236
142.576;236
144.576;236
146.576;236
148.576;236
150.576;236
152.576;236
154.576;236
156.576;236
158.576;236
160.576;236
162.576;566
164.576;566
166.576;566
168.576;566
170.576;566
172.576;566
174.576;566
176.576;566
178.576;566
180.576;566
182.576;566
184.576;566
186.576;566
188.576;566
190.576;566
192.576;566
194.576;566
196.576;566
198.576;566
200.576;566
202.576;566
204.576;566
206.576;566
208.576;566
210.576;566
212.576;566
214.576;566
216.576;566
218.576;566
220.576;566
222.576;566
224.576;566
226.576;566
228.576;566
230.576;566
232.576;566
234.576;566
236.576;566
238.576;566
240.576;566
242.576;566
244.576;566
246.576;566
248.576;566
250.576;566
252.576;566
254.576;566
256.576;566
258.576;566
260.576;566
262.576;566
264.576;566
266.576;566
268.576;566
270.576;566
272.576;566
274.576;566
276.576;566
278.576;566
280.576;566
282.576;566
284.576;566
286.576;566
288.576;566
290.576;566
292.576;566
294.576;566
296.576;566
298.576;566
300.576;566
302.576;566
304.576;566
306.576;566
308.576;566
310.576;566
312.576;566
314.576;566
316.576;566
318.576;566
320.576;566
322.576;566
324.576;566
326.576;566
328.576;566
330.576;566
332.576;566
334.576;566
336.576;566
338.576;566
340.576;566
342.576;566
344.576;566
346.576;566
348.576;566
350.576;566
352.576;566
354.576;566
356.576;566
358.576;566
360.576;566
362.576;566
364.576;566
366.576;566
368.576;566
370.576;566
372.576;566
374.576;566
376.576;566
378.576;566
380.576;566
382.576;566
384.576;566
386.576;566
388.576;566
390.576;566
392.576;566
394.576;566
396.576;566
398.576;566
400.576;566
402.576;566
404.576;566
406.576;566
408.576;566
410.576;566
412.576;566
414.576;566
416.576;566
418.576;566
420.576;566
422.576;566
424.576;566
426.576;566
428.576;566
430.576;566
432.576;566
434.576;566
436.576;566
438.576;566
440.576;566
442.576;566
444.576;566
446.576;566
448.576;566
450.576;566
452.576;566
454.576;566
456.576;566
458.576;566
460.576;566
462.576;566
464.576;566
466.576;566
468.576;566
470.576;566
472.576;566
474.576;566
476.576;566
478.576;566
480.576;566
482.576;566
484.576;566
486.576;566
488.576;566
490.576;566
492.576;566
494.576;566
496.576;566
498.576;566
500.576;566
502.576;566
504.576;566
506.576;566
508.576;566
510.576;566
512.576;566
514.576;566
516.576;566
518.576;566
520.576;566
522.576;566
524.576;566
526.576;566
528.576;566
530.576;566
532.576;566
534.576;566
536.576;566
538.576;566
540.576;566
542.576;566
544.576;566
546.576;566
548.576;566
550.576;566
552.576;566
554.576;566
556.576;566
558.576;566
560.576;566
562.576;566
564.576;566
566.576;566
568.576;566
570.576;566
572.576;566
574.576;566
576.576;566
578.576;566
580.576;566
582.576;566
584.576;566
586.576;566
588.576;566
590.576;566
592.576;566
594.576;566
596.576;566
598.576;566
600.576;566
602.576;566
604.576;566
606.576;566
608.576;566
610.576;566
612.576;566
614.576;566
616.576;566
618.576;566
620.576;566
622.576;566
624.576;566
626.576;566
628.576;566
630.576;566
632.576;566
634.576;566
636.576;566
638.576;566
640.576;566
642.576;566
644.576;566
646.576;566
648.576;566
650.576;566
652.576;566
654.576;566
656.576;566
658.576;566
660.576;566
662.576;566
664.576;566
666.576;566
668.576;566
670.576;566
672.576;566
674.576;566
676.576;566
678.576;566
680.576;566
682.576;566
684.576;566
686.576;566
688.576;566
690.576;566
692.576;566
694.576;566
696.576;566
698.576;566
700.576;566
702.576;566
704.576;566
706.576;566
708.576;566
710.576;566
712.576;566
714.576;566
716.576;566
718.576;566
720.576;566
722.576;566
724.576;566
726.576;566
728.576;566
730.576;566
732.576;566
734.576;566
736.576;566
738.576;566
740.576;566
742.576;566
744.576;566
746.576;566
748.576;566
750.576;566
752.576;566
754.576;566
756.576;566
758.576;566
760.576;566
762.576;566
764.576;566
766.576;566
768.576;566
770.576;566
772.576;566
774.576;566
776.576;566
778.576;566
780.576;566
782.576;566
784.576;566
786.576;566
788.576;566
790.576;566
792.576;566
794.576;566
796.576;566
798.576;566
800.576;566
802.576;566
804.576;566
806.576;566
808.576;566
810.576;566
812.576;566
814.576;566
816.576;566
818.576;566
820.576;566
822.576;566
824.576;566
826.576;566
828.576;566
830.576;566
832.576;566
834.576;566
836.576;566
838.576;566
840.576;566
842.576;566
844.576;566
846.576;566
848.576;566
850.576;566
852.576;566
854.576;566
856.576;566
858.576;566
860.576;566
862.576;566
864.576;566
866.576;566
868.576;566
870.576;566
872.576;566
874.576;566
876.576;566
878.576;566
880.576;566
882.576;566
884.576;566
886.576;566
888.576;566
890.576;566
892.576;566
894.576;566
896.576;566
898.576;566
900.576;566
902.576;566
904.576;566
906.576;566
908.576;566
910.576;566
912.576;566
914.576;566
916.576;567
918.576;567
920.576;567
922.576;567
924.576;567
926.576;567
928.576;567
930.576;567
932.576;567
934.576;567
936.576;567
938.576;567
940.576;567
942.576;567
944.576;567
946.576;567
948.576;567
950.576;567
952.576;567
954.576;567
956.576;567
958.576;567
960.576;567
962.576;567
964.576;567
966.576;567
968.576;567
970.576;567
972.576;567
974.576;567
976.576;567
978.576;567
980.576;567
982.576;567
984.576;567
986.576;567
988.576;567
990.576;567
992.576;567
994.576;567
996.576;567
998.576;567
1000.58;567
1002.58;567
1004.58;567
1006.58;567
1008.58;567
1010.58;567
1012.58;567
1014.58;567
1016.58;567
1018.58;567
1020.58;567
1022.58;567
1024.58;567
1026.58;567
1028.58;567
1030.58;567
1032.58;567
1034.58;567
1036.58;567
1038.58;567
1040.58;567
1042.58;567
1044.58;567
1046.58;567
1048.58;567
1050.58;567
1052.58;567
1054.58;567
1056.58;567
1058.58;567
1060.58;567
1062.58;567
1064.58;567
1066.58;567
1068.58;567
1070.58;567
1072.58;567
1074.58;567
1076.58;567
1078.58;567
1080.58;567
1082.58;567
1084.58;567
1086.58;567
1088.58;567
1090.58;567
1092.58;567
1094.58;567
1096.58;567
1098.58;567
1100.58;567
1102.58;567
1104.58;567
1106.58;567
1108.58;567
1110.58;567
1112.58;567
1114.58;567
1116.58;567
1118.58;567
1120.58;567
1122.58;567
1124.58;567
1126.58;567
1128.58;567
1130.58;567
1132.58;567
1134.58;567
1136.58;567
1138.58;567
1140.58;567
1142.58;567
1144.58;567
1146.58;567
1148.58;567
1150.58;567
1152.58;567
1154.58;567
1156.58;567
1158.58;567
1160.58;567
1162.58;567
1164.58;567
1166.58;567
1168.58;567
1170.58;567
1172.58;567
1174.58;567
1176.58;567
1178.58;567
1180.58;567
1182.58;567
1184.58;567
1186.58;567
1188.58;567
1190.58;567
1192.58;567
1194.58;567
1196.58;567
1198.58;567
1200.58;567
1202.58;567
1204.58;567
1206.58;567
1208.58;567
1210.58;567
1212.58;567
1214.58;567
1216.58;567
1218.58;567
1220.58;567
1222.58;567
1224.58;567
1226.58;567
1228.58;567
1230.58;567
1232.58;567
1234.58;567
1236.58;567
1238.58;567
1240.58;567
1242.58;567
1244.58;567
1246.58;567
1248.58;567
1250.58;567
1252.58;567
1254.58;567
1256.58;567
1258.58;567
1260.58;567
1262.58;567
1264.58;567
1266.58;567
1268.58;567
1270.58;567
1272.58;567
1274.58;567
1276.58;567
1278.58;567
1280.58;567
1282.58;567
1284.58;567
1286.58;567
1288.58;567
1290.58;567
1292.58;567
1294.58;567
1296.58;567
1298.58;567
1300.58;567
1302.58;567
1304.58;567
1306.58;567
1308.58;567
1310.58;567
1312.58;567
1314.58;567
1316.58;567
1318.58;567
1320.58;567
1322.58;567
1324.58;567
1326.58;567
1328.58;567
1330.58;567
1332.58;567
1334.58;567
1336.58;567
1338.58;567
1340.58;567
1342.58;567
1344.58;567
1346.58;567
1348.58;567
1350.58;567
1352.58;567
1354.58;567
1356.58;567
1358.58;567
1360.58;567
1362.58;567
1364.58;567
1366.58;567
1368.58;567
1370.58;567
1372.58;567
1374.58;567
1376.58;567
1378.58;567
1380.58;567
1382.58;567
1384.58;567
1386.58;567
1388.58;567
1390.58;567
1392.58;567
1394.58;567
1396.58;567
1398.58;567
1400.58;567
1402.58;567
1404.58;567
1406.58;567
1408.58;567
1410.58;567
1412.58;567
1414.58;567
1416.58;567
1418.58;567
1420.58;567
1422.58;567
1424.58;567
1426.58;567
1428.58;567
1430.58;567
1432.58;567
1434.58;567
1436.58;567
1438.58;567
1440.58;567
1442.58;567
1444.58;567
1446.58;567
1448.58;567
1450.58;567
1452.58;567
1454.58;567
1456.58;567
1458.58;567
1460.58;567
1462.58;567
1464.58;567
1466.58;567
1468.58;567
1470.58;567
1472.58;567
1474.58;567
1476.58;567
1478.58;567
1480.58;567
1482.58;567
1484.58;567
1486.58;567
1488.58;567
1490.58;567
1492.58;567
1494.58;567
1496.58;567
1498.58;567
1500.58;567
1502.58;567
1504.58;567
1506.58;567
1508.58;567
1510.58;567
1512.58;567
1514.58;567
1516.58;567
1518.58;567
1520.58;567
1522.58;567
1524.58;567
1526.58;567
1528.58;567
1530.58;567
1532.58;567
1534.58;567
1536.58;567
1538.58;567
1540.58;567
1542.58;567
1544.58;567
1546.58;567
1548.58;567
1550.58;567
1552.58;567
1554.58;567
1556.58;567
1558.58;567
1560.58;567
1562.58;567
1564.58;567
1566.58;567
1568.58;567
1570.58;567
1572.58;567
1574.58;567
1576.58;567
1578.58;567
1580.58;567
1582.58;567
1584.58;567
1586.58;567
1588.58;567
1590.58;567
1592.58;567
1594.58;567
1596.58;567
1598.58;567
1600.58;567
1602.58;567
1604.58;567
1606.58;567
1608.58;567
1610.58;567
1612.58;567
1614.58;567
1616.58;567
1618.58;567
1620.58;567
1622.58;567
1624.58;567
1626.58;567
1628.58;567
1630.58;567
1632.58;567
1634.58;567
1636.58;567
1638.58;567
1640.58;567
1642.58;567
1644.58;567
1646.58;567
1648.58;567
1650.58;567
1652.58;567
1654.58;567
1656.58;567
1658.58;567
1660.58;567
1662.58;567
1664.58;567
1666.58;567
1668.58;567
1670.58;567
1672.58;567
1674.58;567
1676.58;567
1678.58;567
1680.58;567
1682.58;567
1684.58;567
1686.58;567
1688.58;567
1690.58;567
1692.58;567
1694.58;567
1696.58;567
1698.58;567
1700.58;567
1702.58;567
1704.58;567
1706.58;567
1708.58;567
1710.58;567
1712.58;567
1714.58;567
1716.58;567
1718.58;567
1720.58;567
1722.58;567
1724.58;567
1726.58;567
1728.58;567
1730.58;567
1732.58;567
1734.58;567
1736.58;567
1738.58;567
1740.58;567
1742.58;567
1744.58;567
1746.58;567
1748.58;567
1750.58;567
1752.58;567
1754.58;567
1756.58;567
1758.58;567
1760.58;567
1762.58;567
1764.58;567
1766.58;567
1768.58;567
1770.58;567
1772.58;567
1774.58;567
1776.58;567
1778.58;567
1780.58;567
1782.58;567
1784.58;567
1786.58;567
1788.58;567
1790.58;567
1792.58;567
1794.58;567
1796.58;567
