#	X	Y
2.32603;2913
4.32602;2913
6.32602;2913
8.32603;2913
10.326;2913
12.326;2913
14.326;2913
16.326;2913
18.326;2913
20.326;2913
22.326;2913
24.326;2913
26.326;2913
28.326;2913
30.326;2913
32.326;2913
34.326;2913
36.326;2913
38.326;2913
40.326;2913
42.326;2913
44.326;2913
46.326;2913
48.326;2913
50.326;2913
52.326;2913
54.326;2913
56.326;2913
58.326;2913
60.326;2913
62.326;2913
64.326;2913
66.326;2913
68.326;2913
70.326;2913
72.326;2913
74.326;2913
76.326;2913
78.326;2913
80.326;2913
82.326;2913
84.326;2913
86.326;2913
88.326;2913
90.326;2913
92.326;2913
94.326;2913
96.326;2913
98.326;2913
100.326;2913
102.326;2913
104.326;2913
106.326;2913
108.326;2913
110.326;2913
112.326;2913
114.326;2913
116.326;2913
118.326;2913
120.326;2913
122.326;2913
124.326;2913
126.326;2913
128.326;2913
130.326;2913
132.326;2913
134.326;2913
136.326;2913
138.326;2913
140.326;2913
142.326;2913
144.326;2913
146.326;2913
148.326;2913
150.326;2913
152.326;2913
154.326;2913
156.326;2913
158.326;2913
160.326;2913
162.326;2913
164.326;2913
166.326;2913
168.326;2913
170.326;2913
172.326;2913
174.326;2913
176.326;2913
178.326;2913
180.326;2913
182.326;2913
184.326;2913
186.326;2913
188.326;2913
190.326;2913
192.326;2913
194.326;2913
196.326;2913
198.326;2913
200.326;2913
202.326;2913
204.326;2913
206.326;2913
208.326;2913
210.326;2913
212.326;2913
214.326;2913
216.326;2913
218.326;2913
220.326;2913
222.326;2913
224.326;2913
226.326;2913
228.326;2913
230.326;2913
232.326;2913
234.326;2913
236.326;2913
238.326;2913
240.326;2913
242.326;2913
244.326;2913
246.326;2913
248.326;2913
250.326;2913
252.326;2913
254.326;2913
256.326;2913
258.326;2913
260.326;2913
262.326;2913
264.326;2913
266.326;2913
268.326;2913
270.326;2913
272.326;2913
274.326;2913
276.326;2913
278.326;2913
280.326;2913
282.326;2913
284.326;2913
286.326;2913
288.326;2913
290.326;2913
292.326;2913
294.326;2913
296.326;2913
298.326;2913
300.326;2913
302.326;2913
304.326;2913
306.326;2913
308.326;2913
310.326;2913
312.326;2913
314.326;2913
316.326;2913
318.326;2913
320.326;2913
322.326;2913
324.326;2913
326.326;2913
328.326;2913
330.326;2913
332.326;2913
334.326;2913
336.326;2913
338.326;2913
340.326;2913
342.326;2913
344.326;2913
346.326;2913
348.326;2913
350.326;2913
352.326;2913
354.326;2913
356.326;2913
358.326;2913
360.326;2913
362.326;2913
364.326;2913
366.326;2913
368.326;2913
370.326;2913
372.326;2913
374.326;2913
376.326;2913
378.326;2913
380.326;2913
382.326;2913
384.326;2913
386.326;2913
388.326;2913
390.326;2913
392.326;2913
394.326;2913
396.326;2913
398.326;2913
400.326;2913
402.326;2913
404.326;2913
406.326;2913
408.326;2913
410.326;2913
412.326;2913
414.326;2913
416.326;2913
418.326;2913
420.326;2913
422.326;2913
424.326;2913
426.326;2913
428.326;2913
430.326;2913
432.326;2913
434.326;2913
436.326;2913
438.326;2913
440.326;2913
442.326;2913
444.326;2913
446.326;2913
448.326;2913
450.326;2913
452.326;2913
454.326;2913
456.326;2913
458.326;2913
460.326;2913
462.326;2913
464.326;2913
466.326;2913
468.326;2913
470.326;2913
472.326;2913
474.326;2913
476.326;2913
478.326;2913
480.326;2913
482.326;2913
484.326;2913
486.326;2913
488.326;2913
490.326;2913
492.326;2913
494.326;2913
496.326;2913
498.326;2913
500.326;2913
502.326;2913
504.326;2913
506.326;2913
508.326;2913
510.326;2913
512.326;2913
514.326;2913
516.326;2913
518.326;2913
520.326;2913
522.326;2913
524.326;2913
526.326;2913
528.326;2913
530.326;2913
532.326;2913
534.326;2913
536.326;2913
538.326;2913
540.326;2913
542.326;2913
544.326;2913
546.326;2913
548.326;2913
550.326;2913
552.326;2913
554.326;2913
556.326;2913
558.326;2913
560.326;2913
562.326;2913
564.326;2913
566.326;2913
568.326;2913
570.326;2913
572.326;2913
574.326;2913
576.326;2913
578.326;2913
580.326;2913
582.326;2913
584.326;2913
586.326;2913
588.326;2913
590.326;2913
592.326;2913
594.326;2913
596.326;2913
598.326;2913
600.326;2913
602.326;2913
604.326;2913
606.326;2913
608.326;2913
610.326;2913
612.326;2913
614.326;2913
616.326;2913
618.326;2913
620.326;2913
622.326;2913
624.326;2913
626.326;2913
628.326;2913
630.326;2913
632.326;2913
634.326;2913
636.326;2913
638.326;2913
640.326;2913
642.326;2913
644.326;2913
646.326;2913
648.326;2913
650.326;2913
652.326;2913
654.326;2913
656.326;2913
658.326;2913
660.326;2913
662.326;2913
664.326;2913
666.326;2913
668.326;2913
670.326;2913
672.326;2913
674.326;2913
676.326;2913
678.326;2913
680.326;2913
682.326;2913
684.326;2913
686.326;2913
688.326;2913
690.326;2913
692.326;2913
694.326;2913
696.326;2913
698.326;2913
700.326;2913
702.326;2913
704.326;2913
706.326;2913
708.326;2913
710.326;2913
712.326;2913
714.326;2913
716.326;2913
718.326;2913
720.326;2913
722.326;2913
724.326;2913
726.326;2913
728.326;2913
730.326;2913
732.326;2913
734.326;2913
736.326;2913
738.326;2913
740.326;2913
742.326;2913
744.326;2913
746.326;2913
748.326;2913
750.326;2913
752.326;2913
754.326;2913
756.326;2913
758.326;2913
760.326;2913
762.326;2913
764.326;2913
766.326;2913
768.326;2913
770.326;2913
772.326;2913
774.326;2913
776.326;2913
778.326;2913
780.326;2913
782.326;2913
784.326;2913
786.326;2913
788.326;2913
790.326;2913
792.326;2913
794.326;2913
796.326;2913
798.326;2913
800.326;2913
802.326;2913
804.326;2913
806.326;2913
808.326;2913
810.326;2913
812.326;2913
814.326;2913
816.326;2913
818.326;2913
820.326;2913
822.326;2913
824.326;2913
826.326;2913
828.326;2913
830.326;2913
832.326;2913
834.326;2913
836.326;2913
838.326;2913
840.326;2913
842.326;2913
844.326;2913
846.326;2913
848.326;2913
850.326;2913
852.326;2913
854.326;2913
856.326;2913
858.326;2913
860.326;2913
862.326;2913
864.326;2913
866.326;2913
868.326;2913
870.326;2913
872.326;2913
874.326;2913
876.326;2913
878.326;2913
880.326;2913
882.326;2913
884.326;2913
886.326;2913
888.326;2913
890.326;2913
892.326;2913
894.326;2913
896.326;2913
898.326;2913
900.326;2860
902.326;2860
904.326;2860
906.326;2860
908.326;2860
910.326;2860
912.326;2860
914.326;2860
916.326;2860
918.326;2860
920.326;2860
922.326;2860
924.326;2860
926.326;2860
928.326;2860
930.326;2860
932.326;2860
934.326;2860
936.326;2860
938.326;2860
940.326;2860
942.326;2860
944.326;2860
946.326;2860
948.326;2860
950.326;2860
952.326;2860
954.326;2860
956.326;2860
958.326;2860
960.326;2860
962.326;2860
964.326;2860
966.326;2860
968.326;2860
970.326;2860
972.326;2860
974.326;2860
976.326;2860
978.326;2860
980.326;2860
982.326;2860
984.326;2860
986.326;2860
988.326;2860
990.326;2860
992.326;2860
994.326;2860
996.326;2860
998.326;2860
1000.33;2860
1002.33;2860
1004.33;2860
1006.33;2860
1008.33;2860
1010.33;2860
1012.33;2860
1014.33;2860
1016.33;2860
1018.33;2860
1020.33;2860
1022.33;2860
1024.33;2860
1026.33;2860
1028.33;2860
1030.33;2860
1032.33;2860
1034.33;2860
1036.33;2860
1038.33;2860
1040.33;2860
1042.33;2860
1044.33;2860
1046.33;2860
1048.33;2860
1050.33;2860
1052.33;2860
1054.33;2860
1056.33;2860
1058.33;2860
1060.33;2860
1062.33;2860
1064.33;2860
1066.33;2860
1068.33;2860
1070.33;2860
1072.33;2860
1074.33;2860
1076.33;2860
1078.33;2860
1080.33;2860
1082.33;2860
1084.33;2860
1086.33;2860
1088.33;2860
1090.33;2860
1092.33;2860
1094.33;2860
1096.33;2860
1098.33;2860
1100.33;2860
1102.33;2860
1104.33;2860
1106.33;2860
1108.33;2860
1110.33;2860
1112.33;2860
1114.33;2860
1116.33;2860
1118.33;2860
1120.33;2860
1122.33;2860
1124.33;2860
1126.33;2860
1128.33;2860
1130.33;2860
1132.33;2860
1134.33;2860
1136.33;2860
1138.33;2860
1140.33;2860
1142.33;2860
1144.33;2860
1146.33;2860
1148.33;2860
1150.33;2860
1152.33;2860
1154.33;2860
1156.33;2860
1158.33;2860
1160.33;2860
1162.33;2860
1164.33;2860
1166.33;2860
1168.33;2860
1170.33;2860
1172.33;2860
1174.33;2860
1176.33;2860
1178.33;2860
1180.33;2860
1182.33;2860
1184.33;2860
1186.33;2860
1188.33;2860
1190.33;2860
1192.33;2860
1194.33;2860
1196.33;2860
1198.33;2860
1200.33;2860
1202.33;2860
1204.33;2860
1206.33;2860
1208.33;2860
1210.33;2860
1212.33;2860
1214.33;2860
1216.33;2860
1218.33;2860
1220.33;2860
1222.33;2860
1224.33;2860
1226.33;2860
1228.33;2860
1230.33;2860
1232.33;2860
1234.33;2860
1236.33;2860
1238.33;2860
1240.33;2860
1242.33;2860
1244.33;2860
1246.33;2860
1248.33;2860
1250.33;2860
1252.33;2860
1254.33;2860
1256.33;2860
1258.33;2860
1260.33;2860
1262.33;2860
1264.33;2860
1266.33;2860
1268.33;2860
1270.33;2860
1272.33;2860
1274.33;2860
1276.33;2860
1278.33;2860
1280.33;2860
1282.33;2860
1284.33;2860
1286.33;2860
1288.33;2860
1290.33;2860
1292.33;2860
1294.33;2860
1296.33;2860
1298.33;2860
1300.33;2860
1302.33;2860
1304.33;2860
1306.33;2860
1308.33;2860
1310.33;2860
1312.33;2860
1314.33;2860
1316.33;2860
1318.33;2860
1320.33;2860
1322.33;2860
1324.33;2860
1326.33;2860
1328.33;2860
1330.33;2860
1332.33;2860
1334.33;2860
1336.33;2860
1338.33;2860
1340.33;2860
1342.33;2860
1344.33;2860
1346.33;2860
1348.33;2860
1350.33;2860
1352.33;2860
1354.33;2860
1356.33;2860
1358.33;2860
1360.33;2860
1362.33;2860
1364.33;2860
1366.33;2860
1368.33;2860
1370.33;2860
1372.33;2860
1374.33;2860
1376.33;2860
1378.33;2860
1380.33;2860
1382.33;2860
1384.33;2860
1386.33;2860
1388.33;2860
1390.33;2860
1392.33;2860
1394.33;2860
1396.33;2860
1398.33;2860
1400.33;2860
1402.33;2860
1404.33;2860
1406.33;2860
1408.33;2860
1410.33;2860
1412.33;2860
1414.33;2860
1416.33;2860
1418.33;2860
1420.33;2860
1422.33;2860
1424.33;2860
1426.33;2860
1428.33;2860
1430.33;2860
1432.33;2860
1434.33;2860
1436.33;2860
1438.33;2860
1440.33;2860
1442.33;2860
1444.33;2860
1446.33;2860
1448.33;2860
1450.33;2860
1452.33;2860
1454.33;2860
1456.33;2860
1458.33;2860
1460.33;2860
1462.33;2860
1464.33;2860
1466.33;2860
1468.33;2860
1470.33;2860
1472.33;2860
1474.33;2860
1476.33;2860
1478.33;2860
1480.33;2860
1482.33;2860
1484.33;2860
1486.33;2860
1488.33;2860
1490.33;2860
1492.33;2860
1494.33;2860
1496.33;2860
1498.33;2860
1500.33;2860
1502.33;2860
1504.33;2860
1506.33;2860
1508.33;2860
1510.33;2860
1512.33;2860
1514.33;2860
1516.33;2860
1518.33;2860
1520.33;2860
1522.33;2860
1524.33;2860
1526.33;2860
1528.33;2860
1530.33;2860
1532.33;2860
1534.33;2860
1536.33;2860
1538.33;2860
1540.33;2860
1542.33;2860
1544.33;2860
1546.33;2860
1548.33;2860
1550.33;2860
1552.33;2860
1554.33;2860
1556.33;2860
1558.33;2860
1560.33;2860
1562.33;2860
1564.33;2860
1566.33;2860
1568.33;2860
1570.33;2860
1572.33;2860
1574.33;2860
1576.33;2860
1578.33;2860
1580.33;2860
1582.33;2860
1584.33;2860
1586.33;2860
1588.33;2860
1590.33;2860
1592.33;2860
1594.33;2860
1596.33;2860
1598.33;2860
1600.33;2860
1602.33;2860
1604.33;2860
1606.33;2860
1608.33;2860
1610.33;2860
1612.33;2860
1614.33;2860
1616.33;2860
1618.33;2860
1620.33;2860
1622.33;2860
1624.33;2860
1626.33;2860
1628.33;2860
1630.33;2860
1632.33;2860
1634.33;2860
1636.33;2860
1638.33;2860
1640.33;2860
1642.33;2860
1644.33;2860
1646.33;2860
1648.33;2860
1650.33;2860
1652.33;2860
1654.33;2860
1656.33;2860
1658.33;2860
1660.33;2860
1662.33;2860
1664.33;2860
1666.33;2860
1668.33;2860
1670.33;2860
1672.33;2860
1674.33;2860
1676.33;2860
1678.33;2860
1680.33;2860
1682.33;2860
1684.33;2860
1686.33;2860
1688.33;2860
1690.33;2860
1692.33;2860
1694.33;2860
1696.33;2860
1698.33;2860
1700.33;2860
1702.33;2860
1704.33;2860
1706.33;2860
1708.33;2860
1710.33;2860
1712.33;2860
1714.33;2860
1716.33;2860
1718.33;2860
1720.33;2860
1722.33;2860
1724.33;2860
1726.33;2860
1728.33;2860
1730.33;2860
1732.33;2860
1734.33;2860
1736.33;2860
1738.33;2860
1740.33;2860
1742.33;2860
1744.33;2860
1746.33;2860
1748.33;2860
1750.33;2860
1752.33;2860
1754.33;2860
1756.33;2860
1758.33;2860
1760.33;2860
1762.33;2860
1764.33;2860
1766.33;2860
1768.33;2860
1770.33;2860
1772.33;2860
1774.33;2860
1776.33;2860
1778.33;2860
1780.33;2860
1782.33;2860
1784.33;2860
1786.33;2860
1788.33;2860
1790.33;2860
1792.33;2860
1794.33;2860
1796.33;2860
