#	X	Y
2.51807;2308
4.51806;2308
6.51806;2308
8.51806;2308
10.5181;2308
12.5181;2308
14.5181;2308
16.5181;2308
18.5181;2308
20.5181;2308
22.5181;2308
24.5181;2308
26.5181;2308
28.5181;2308
30.5181;2308
32.5181;2308
34.5181;2308
36.5181;2308
38.5181;2308
40.5181;2308
42.5181;2308
44.5181;2308
46.5181;2308
48.5181;2308
50.5181;2308
52.5181;2308
54.5181;2308
56.5181;2308
58.5181;2308
60.5181;2308
62.5181;2308
64.5181;2308
66.5181;2308
68.5181;2308
70.5181;2308
72.5181;2308
74.5181;2308
76.5181;2308
78.5181;2308
80.5181;2308
82.5181;2308
84.5181;2308
86.5181;2308
88.5181;2308
90.5181;2308
92.5181;2308
94.5181;2308
96.5181;2308
98.5181;2308
100.518;2308
102.518;2308
104.518;2308
106.518;2308
108.518;2308
110.518;2308
112.518;2308
114.518;2308
116.518;2308
118.518;2308
120.518;2308
122.518;2308
124.518;2308
126.518;2308
128.518;2308
130.518;2308
132.518;2308
134.518;2308
136.518;2308
138.518;2308
140.518;2308
142.518;2308
144.518;2308
146.518;2308
148.518;2308
150.518;2308
152.518;2308
154.518;2308
156.518;2308
158.518;2308
160.518;2308
162.518;2308
164.518;2308
166.518;2308
168.518;2308
170.518;2308
172.518;2308
174.518;2308
176.518;2308
178.518;2308
180.518;2308
182.518;2308
184.518;2308
186.518;2308
188.518;2308
190.518;2308
192.518;2308
194.518;2308
196.518;2308
198.518;2308
200.518;2308
202.518;2308
204.518;2308
206.518;2308
208.518;2308
210.518;2308
212.518;2308
214.518;2308
216.518;2308
218.518;2308
220.518;2308
222.518;2308
224.518;2308
226.518;2308
228.518;2308
230.518;2308
232.518;2308
234.518;2308
236.518;2308
238.518;2308
240.518;2308
242.518;2308
244.518;2308
246.518;2308
248.518;2308
250.518;2308
252.518;2308
254.518;2308
256.518;2308
258.518;2308
260.518;2308
262.518;2308
264.518;2308
266.518;2308
268.518;2308
270.518;2308
272.518;2308
274.518;2308
276.518;2308
278.518;2308
280.518;2308
282.518;2308
284.518;2308
286.518;2308
288.518;2308
290.518;2308
292.518;2308
294.518;2308
296.518;2308
298.518;2308
300.518;2308
302.518;2308
304.518;2308
306.518;2308
308.518;2308
310.518;2308
312.518;2308
314.518;2308
316.518;2308
318.518;2308
320.518;2308
322.518;2308
324.518;2308
326.518;2308
328.518;2308
330.518;2308
332.518;2308
334.518;2308
336.518;2308
338.518;2308
340.518;2308
342.518;2308
344.518;2308
346.518;2308
348.518;2308
350.518;2308
352.518;2308
354.518;2308
356.518;2308
358.518;2308
360.518;2308
362.518;2308
364.518;2308
366.518;2308
368.518;2308
370.518;2308
372.518;2308
374.518;2308
376.518;2308
378.518;2308
380.518;2308
382.518;2308
384.518;2308
386.518;2308
388.518;2308
390.518;2308
392.518;2308
394.518;2308
396.518;2308
398.518;2308
400.518;2308
402.518;2308
404.518;2308
406.518;2308
408.518;2308
410.518;2308
412.518;2308
414.518;2308
416.518;2308
418.518;2308
420.518;2308
422.518;2308
424.518;2308
426.518;2308
428.518;2308
430.518;2308
432.518;2308
434.518;2308
436.518;2308
438.518;2308
440.518;2308
442.518;2308
444.518;2308
446.518;2308
448.518;2308
450.518;2308
452.518;2308
454.518;2308
456.518;2308
458.518;2308
460.518;2308
462.518;2308
464.518;2308
466.518;2308
468.518;2308
470.518;2308
472.518;2308
474.518;2308
476.518;2308
478.518;2308
480.518;2308
482.518;2308
484.518;2308
486.518;2308
488.518;2308
490.518;2308
492.518;2308
494.518;2308
496.518;2308
498.518;2308
500.518;2308
502.518;2308
504.518;2308
506.518;2308
508.518;2308
510.518;2308
512.518;2308
514.518;2308
516.518;2308
518.518;2308
520.518;2308
522.518;2308
524.518;2308
526.518;2308
528.518;2308
530.518;2308
532.518;2308
534.518;2308
536.518;2308
538.518;2308
540.518;2308
542.518;2308
544.518;2308
546.518;2308
548.518;2308
550.518;2308
552.518;2308
554.518;2308
556.518;2308
558.518;2308
560.518;2308
562.518;2308
564.518;2308
566.518;2308
568.518;2308
570.518;2308
572.518;2308
574.518;2308
576.518;2308
578.518;2308
580.518;2308
582.518;2308
584.518;2308
586.518;2308
588.518;2308
590.518;2308
592.518;2308
594.518;2308
596.518;2308
598.518;2308
600.518;2308
602.518;2308
604.518;2308
606.518;2308
608.518;2308
610.518;2308
612.518;2308
614.518;2308
616.518;2308
618.518;2308
620.518;2308
622.518;2308
624.518;2308
626.518;2308
628.518;2308
630.518;2308
632.518;2308
634.518;2308
636.518;2308
638.518;2308
640.518;2308
642.518;2308
644.518;2308
646.518;2308
648.518;2308
650.518;2308
652.518;2308
654.518;2308
656.518;2308
658.518;2308
660.518;2308
662.518;2308
664.518;2308
666.518;2308
668.518;2308
670.518;2308
672.518;2308
674.518;2308
676.518;2308
678.518;2308
680.518;2308
682.518;2308
684.518;2308
686.518;2308
688.518;2308
690.518;2308
692.518;2308
694.518;2308
696.518;2308
698.518;2308
700.518;2308
702.518;2308
704.518;2308
706.518;2308
708.518;2308
710.518;2308
712.518;2308
714.518;2308
716.518;2308
718.518;2308
720.518;2308
722.518;2308
724.518;2308
726.518;2308
728.518;2308
730.518;2308
732.518;2308
734.518;2308
736.518;2308
738.518;2308
740.518;2308
742.518;2308
744.518;2308
746.518;2308
748.518;2308
750.518;2308
752.518;2308
754.518;2308
756.518;2308
758.518;2308
760.518;2308
762.518;2308
764.518;2308
766.518;2308
768.518;2308
770.518;2308
772.518;2308
774.518;2308
776.518;2308
778.518;2308
780.518;2308
782.518;2308
784.518;2308
786.518;2308
788.518;2308
790.518;2308
792.518;2308
794.518;2308
796.518;2308
798.518;2308
800.518;2308
802.518;2308
804.518;2308
806.518;2308
808.518;2308
810.518;2308
812.518;2308
814.518;2308
816.518;2308
818.518;2308
820.518;2308
822.518;2308
824.518;2308
826.518;2308
828.518;2308
830.518;2308
832.518;2308
834.518;2308
836.518;2308
838.518;2308
840.518;2308
842.518;2308
844.518;2308
846.518;2308
848.518;2308
850.518;2308
852.518;2308
854.518;2308
856.518;2308
858.518;2308
860.518;2308
862.518;2308
864.518;2308
866.518;2308
868.518;2308
870.518;2308
872.518;2308
874.518;2308
876.518;2308
878.518;2308
880.518;2308
882.518;2308
884.518;2308
886.518;2308
888.518;2308
890.518;2308
892.518;2308
894.518;2308
896.518;2308
898.518;2308
900.518;3496
902.518;3496
904.518;3496
906.518;3496
908.518;3496
910.518;3496
912.518;3496
914.518;3496
916.518;3496
918.518;3496
920.518;3496
922.518;3496
924.518;3496
926.518;3496
928.518;3496
930.518;3496
932.518;3496
934.518;3496
936.518;3496
938.518;3496
940.518;3496
942.518;3496
944.518;3496
946.518;3496
948.518;3496
950.518;3496
952.518;3496
954.518;3496
956.518;3496
958.518;3496
960.518;3496
962.518;3496
964.518;3496
966.518;3496
968.518;3496
970.518;3496
972.518;3496
974.518;3496
976.518;3496
978.518;3496
980.518;3496
982.518;3496
984.518;3496
986.518;3496
988.518;3496
990.518;3496
992.518;3496
994.518;3496
996.518;3496
998.518;3496
1000.52;3496
1002.52;3496
1004.52;3496
1006.52;3496
1008.52;3496
1010.52;3496
1012.52;3496
1014.52;3496
1016.52;3496
1018.52;3496
1020.52;3496
1022.52;3496
1024.52;3496
1026.52;3496
1028.52;3496
1030.52;3496
1032.52;3496
1034.52;3496
1036.52;3496
1038.52;3496
1040.52;3496
1042.52;3496
1044.52;3496
1046.52;3496
1048.52;3496
1050.52;3496
1052.52;3496
1054.52;3496
1056.52;3496
1058.52;3496
1060.52;3496
1062.52;3496
1064.52;3496
1066.52;3496
1068.52;3496
1070.52;3496
1072.52;3496
1074.52;3496
1076.52;3496
1078.52;3496
1080.52;3496
1082.52;3496
1084.52;3496
1086.52;3496
1088.52;3496
1090.52;3496
1092.52;3496
1094.52;3496
1096.52;3496
1098.52;3496
1100.52;3496
1102.52;3496
1104.52;3496
1106.52;3496
1108.52;3496
1110.52;3496
1112.52;3496
1114.52;3496
1116.52;3496
1118.52;3496
1120.52;3496
1122.52;3496
1124.52;3496
1126.52;3496
1128.52;3496
1130.52;3496
1132.52;3496
1134.52;3496
1136.52;3496
1138.52;3496
1140.52;3496
1142.52;3496
1144.52;3496
1146.52;3496
1148.52;3496
1150.52;3496
1152.52;3496
1154.52;3496
1156.52;3496
1158.52;3496
1160.52;3496
1162.52;3496
1164.52;3496
1166.52;3496
1168.52;3496
1170.52;3496
1172.52;3496
1174.52;3496
1176.52;3496
1178.52;3496
1180.52;3496
1182.52;3496
1184.52;3496
1186.52;3496
1188.52;3496
1190.52;3496
1192.52;3496
1194.52;3496
1196.52;3496
1198.52;3496
1200.52;3496
1202.52;3496
1204.52;3496
1206.52;3496
1208.52;3496
1210.52;3496
1212.52;3496
1214.52;3496
1216.52;3496
1218.52;3496
1220.52;3496
1222.52;3496
1224.52;3496
1226.52;3496
1228.52;3496
1230.52;3496
1232.52;3496
1234.52;3496
1236.52;3496
1238.52;3496
1240.52;3496
1242.52;3496
1244.52;3496
1246.52;3496
1248.52;3496
1250.52;3496
1252.52;3496
1254.52;3496
1256.52;3496
1258.52;3496
1260.52;3496
1262.52;3496
1264.52;3496
1266.52;3496
1268.52;3496
1270.52;3496
1272.52;3496
1274.52;3496
1276.52;3496
1278.52;3496
1280.52;3496
1282.52;3496
1284.52;3496
1286.52;3496
1288.52;3496
1290.52;3496
1292.52;3496
1294.52;3496
1296.52;3496
1298.52;3496
1300.52;3496
1302.52;3496
1304.52;3496
1306.52;3496
1308.52;3496
1310.52;3496
1312.52;3496
1314.52;3496
1316.52;3496
1318.52;3496
1320.52;3496
1322.52;3496
1324.52;3496
1326.52;3496
1328.52;3496
1330.52;3496
1332.52;3496
1334.52;3496
1336.52;3496
1338.52;3496
1340.52;3496
1342.52;3496
1344.52;3496
1346.52;3496
1348.52;3496
1350.52;3496
1352.52;3496
1354.52;3496
1356.52;3496
1358.52;3496
1360.52;3496
1362.52;3496
1364.52;3496
1366.52;3496
1368.52;3496
1370.52;3496
1372.52;3496
1374.52;3496
1376.52;3496
1378.52;3496
1380.52;3496
1382.52;3496
1384.52;3496
1386.52;3496
1388.52;3496
1390.52;3496
1392.52;3496
1394.52;3496
1396.52;3496
1398.52;3496
1400.52;3496
1402.52;3496
1404.52;3496
1406.52;3496
1408.52;3496
1410.52;3496
1412.52;3496
1414.52;3496
1416.52;3496
1418.52;3496
1420.52;3496
1422.52;3496
1424.52;3496
1426.52;3496
1428.52;3496
1430.52;3496
1432.52;3496
1434.52;3496
1436.52;3496
1438.52;3496
1440.52;3496
1442.52;3496
1444.52;3496
1446.52;3496
1448.52;3496
1450.52;3496
1452.52;3496
1454.52;3496
1456.52;3496
1458.52;3496
1460.52;3496
1462.52;3496
1464.52;3496
1466.52;3496
1468.52;3496
1470.52;3496
1472.52;3496
1474.52;3496
1476.52;3496
1478.52;3496
1480.52;3496
1482.52;3496
1484.52;3496
1486.52;3496
1488.52;3496
1490.52;3496
1492.52;3496
1494.52;3496
1496.52;3496
1498.52;3496
1500.52;3496
1502.52;3496
1504.52;3496
1506.52;3496
1508.52;3496
1510.52;3496
1512.52;3496
1514.52;3496
1516.52;3496
1518.52;3496
1520.52;3496
1522.52;3496
1524.52;3496
1526.52;3496
1528.52;3496
1530.52;3496
1532.52;3496
1534.52;3496
1536.52;3496
1538.52;3496
1540.52;3496
1542.52;3496
1544.52;3496
1546.52;3496
1548.52;3496
1550.52;3496
1552.52;3496
1554.52;3496
1556.52;3496
1558.52;3496
1560.52;3496
1562.52;3496
1564.52;3496
1566.52;3496
1568.52;3496
1570.52;3496
1572.52;3496
1574.52;3496
1576.52;3496
1578.52;3496
1580.52;3496
1582.52;3496
1584.52;3496
1586.52;3496
1588.52;3496
1590.52;3496
1592.52;3496
1594.52;3496
1596.52;3496
1598.52;3496
1600.52;3496
1602.52;3496
1604.52;3496
1606.52;3496
1608.52;3496
1610.52;3496
1612.52;3496
1614.52;3496
1616.52;3496
1618.52;3496
1620.52;3496
1622.52;3496
1624.52;3496
1626.52;3496
1628.52;3496
1630.52;3496
1632.52;3496
1634.52;3496
1636.52;3496
1638.52;3496
1640.52;3496
1642.52;3496
1644.52;3496
1646.52;3496
1648.52;3496
1650.52;3496
1652.52;3496
1654.52;3496
1656.52;3496
1658.52;3496
1660.52;3496
1662.52;3496
1664.52;3496
1666.52;3496
1668.52;3496
1670.52;3496
1672.52;3496
1674.52;3496
1676.52;3496
1678.52;3496
1680.52;3496
1682.52;3496
1684.52;3496
1686.52;3496
1688.52;3496
1690.52;3496
1692.52;3496
1694.52;3496
1696.52;3496
1698.52;3496
1700.52;3496
1702.52;3496
1704.52;3496
1706.52;3496
1708.52;3496
1710.52;3496
1712.52;3496
1714.52;3496
1716.52;3496
1718.52;3496
1720.52;3496
1722.52;3496
1724.52;3496
1726.52;3496
1728.52;3496
1730.52;3496
1732.52;3496
1734.52;3496
1736.52;3496
1738.52;3496
1740.52;3496
1742.52;3496
1744.52;3496
1746.52;3496
1748.52;3496
1750.52;3496
1752.52;3496
1754.52;3496
1756.52;3496
1758.52;3496
1760.52;3496
1762.52;3496
1764.52;3496
1766.52;3496
1768.52;3496
1770.52;3496
1772.52;3496
1774.52;3496
1776.52;3496
1778.52;3496
1780.52;3496
1782.52;3496
1784.52;3496
1786.52;3496
1788.52;3496
1790.52;3496
1792.52;3496
1794.52;3496
1796.52;3496
