#	X	Y
2.56407;3034
4.56407;3034
6.56407;3034
8.56407;3034
10.5641;3034
12.5641;3034
14.5641;3034
16.5641;3034
18.5641;3034
20.5641;3034
22.5641;3034
24.5641;3034
26.5641;3034
28.5641;3034
30.5641;3034
32.5641;3034
34.5641;3034
36.5641;3034
38.5641;3034
40.5641;3034
42.5641;3034
44.5641;3034
46.5641;3034
48.5641;3034
50.5641;3034
52.5641;3034
54.5641;3034
56.5641;3034
58.5641;3034
60.5641;3034
62.5641;3034
64.5641;3034
66.5641;3034
68.5641;3034
70.5641;3034
72.5641;3034
74.5641;3034
76.5641;3034
78.5641;3034
80.5641;3034
82.5641;3034
84.5641;3034
86.5641;3034
88.5641;3034
90.5641;3034
92.5641;3034
94.5641;3034
96.5641;3034
98.5641;3034
100.564;3034
102.564;3034
104.564;3034
106.564;3034
108.564;3034
110.564;3034
112.564;3034
114.564;3034
116.564;3034
118.564;3034
120.564;3034
122.564;3034
124.564;3034
126.564;3034
128.564;3034
130.564;3034
132.564;3034
134.564;3034
136.564;3034
138.564;3034
140.564;3034
142.564;3034
144.564;3034
146.564;3034
148.564;3034
150.564;3034
152.564;3034
154.564;3034
156.564;3034
158.564;3034
160.564;3034
162.564;3034
164.564;3034
166.564;3034
168.564;3034
170.564;3034
172.564;3034
174.564;3034
176.564;3034
178.564;3034
180.564;3034
182.564;3034
184.564;3034
186.564;3034
188.564;3034
190.564;3034
192.564;3034
194.564;3034
196.564;3034
198.564;3034
200.564;3034
202.564;3034
204.564;3034
206.564;3034
208.564;3034
210.564;3034
212.564;3034
214.564;3034
216.564;3034
218.564;3034
220.564;3034
222.564;3034
224.564;3034
226.564;3034
228.564;3034
230.564;3034
232.564;3034
234.564;3034
236.564;3034
238.564;3034
240.564;3034
242.564;3034
244.564;3034
246.564;3034
248.564;3034
250.564;3034
252.564;3034
254.564;3034
256.564;3034
258.564;3034
260.564;3034
262.564;3034
264.564;3034
266.564;3034
268.564;3034
270.564;3034
272.564;3034
274.564;3034
276.564;3034
278.564;3034
280.564;3034
282.564;3034
284.564;3034
286.564;3034
288.564;3034
290.564;3034
292.564;3034
294.564;3034
296.564;3034
298.564;3034
300.564;3034
302.564;3034
304.564;3034
306.564;3034
308.564;3034
310.564;3034
312.564;3034
314.564;3034
316.564;3034
318.564;3034
320.564;3034
322.564;3034
324.564;3034
326.564;3034
328.564;3034
330.564;3034
332.564;3034
334.564;3034
336.564;3034
338.564;3034
340.564;3034
342.564;3034
344.564;3034
346.564;3034
348.564;3034
350.564;3034
352.564;3034
354.564;3034
356.564;3034
358.564;3034
360.564;3034
362.564;3034
364.564;3034
366.564;3034
368.564;3034
370.564;3034
372.564;3034
374.564;3034
376.564;3034
378.564;3034
380.564;3034
382.564;3034
384.564;3034
386.564;3034
388.564;3034
390.564;3034
392.564;3034
394.564;3034
396.564;3034
398.564;3034
400.564;3034
402.564;3034
404.564;3034
406.564;3034
408.564;3034
410.564;3034
412.564;3034
414.564;3034
416.564;3034
418.564;3034
420.564;3034
422.564;3034
424.564;3034
426.564;3034
428.564;3034
430.564;3034
432.564;3034
434.564;3034
436.564;3034
438.564;3034
440.564;3034
442.564;3034
444.564;3034
446.564;3034
448.564;3034
450.564;3034
452.564;3034
454.564;3034
456.564;3034
458.564;3034
460.564;3034
462.564;3034
464.564;3034
466.564;3034
468.564;3034
470.564;3034
472.564;3034
474.564;3034
476.564;3034
478.564;3034
480.564;3034
482.564;3034
484.564;3034
486.564;3034
488.564;3034
490.564;3034
492.564;3034
494.564;3034
496.564;3034
498.564;3034
500.564;3034
502.564;3034
504.564;3034
506.564;3034
508.564;3034
510.564;3034
512.564;3034
514.564;3034
516.564;3034
518.564;3034
520.564;3034
522.564;3034
524.564;3034
526.564;3034
528.564;3034
530.564;3034
532.564;3034
534.564;3034
536.564;3034
538.564;3034
540.564;3034
542.564;3034
544.564;3034
546.564;3034
548.564;3034
550.564;3034
552.564;3034
554.564;3034
556.564;3034
558.564;3034
560.564;3034
562.564;3034
564.564;3034
566.564;3034
568.564;3034
570.564;3034
572.564;3034
574.564;3034
576.564;3034
578.564;3034
580.564;3034
582.564;3034
584.564;3034
586.564;3034
588.564;3034
590.564;3034
592.564;3034
594.564;3034
596.564;3034
598.564;3034
600.564;3034
602.564;3034
604.564;3034
606.564;3034
608.564;3034
610.564;3034
612.564;3034
614.564;3034
616.564;3034
618.564;3034
620.564;3034
622.564;3034
624.564;3034
626.564;3034
628.564;3034
630.564;3034
632.564;3034
634.564;3034
636.564;3034
638.564;3034
640.564;3034
642.564;3034
644.564;3034
646.564;3034
648.564;3034
650.564;3034
652.564;3034
654.564;3034
656.564;3034
658.564;3034
660.564;3034
662.564;3034
664.564;3034
666.564;3034
668.564;3034
670.564;3034
672.564;3034
674.564;3034
676.564;3034
678.564;3034
680.564;3034
682.564;3034
684.564;3034
686.564;3034
688.564;3034
690.564;3034
692.564;3034
694.564;3034
696.564;3034
698.564;3034
700.564;3034
702.564;3034
704.564;3034
706.564;3034
708.564;3034
710.564;3034
712.564;3034
714.564;3034
716.564;3034
718.564;3034
720.564;3034
722.564;3034
724.564;3034
726.564;3034
728.564;3034
730.564;3034
732.564;3034
734.564;3034
736.564;3034
738.564;3034
740.564;3034
742.564;3034
744.564;3034
746.564;3034
748.564;3034
750.564;3034
752.564;3034
754.564;3034
756.564;3034
758.564;3034
760.564;3034
762.564;3034
764.564;3034
766.564;3034
768.564;3034
770.564;3034
772.564;3034
774.564;3034
776.564;3034
778.564;3034
780.564;3034
782.564;3034
784.564;3034
786.564;3034
788.564;3034
790.564;3034
792.564;3034
794.564;3034
796.564;3034
798.564;3034
800.564;3034
802.564;3034
804.564;3034
806.564;3034
808.564;3034
810.564;3034
812.564;3034
814.564;3034
816.564;3034
818.564;3034
820.564;3034
822.564;3034
824.564;3034
826.564;3034
828.564;3034
830.564;3034
832.564;3034
834.564;3034
836.564;3034
838.564;3034
840.564;3034
842.564;3034
844.564;3034
846.564;3034
848.564;3034
850.564;3034
852.564;3034
854.564;3034
856.564;3034
858.564;3034
860.564;3034
862.564;3034
864.564;3034
866.564;3034
868.564;3034
870.564;3034
872.564;3034
874.564;3034
876.564;3034
878.564;3034
880.564;3034
882.564;3034
884.564;3034
886.564;3034
888.564;3034
890.564;3034
892.564;3034
894.564;3034
896.564;3034
898.564;3034
900.564;3760
902.564;3760
904.564;3760
906.564;3760
908.564;3760
910.564;3760
912.564;3760
914.564;3760
916.564;3760
918.564;3760
920.564;3760
922.564;3760
924.564;3760
926.564;3760
928.564;3760
930.564;3760
932.564;3760
934.564;3760
936.564;3760
938.564;3760
940.564;3760
942.564;3760
944.564;3760
946.564;3760
948.564;3760
950.564;3760
952.564;3760
954.564;3760
956.564;3760
958.564;3760
960.564;3760
962.564;3760
964.564;3760
966.564;3760
968.564;3760
970.564;3760
972.564;3760
974.564;3760
976.564;3760
978.564;3760
980.564;3760
982.564;3760
984.564;3760
986.564;3760
988.564;3760
990.564;3760
992.564;3760
994.564;3760
996.564;3760
998.564;3760
1000.56;3760
1002.56;3760
1004.56;3760
1006.56;3760
1008.56;3760
1010.56;3760
1012.56;3760
1014.56;3760
1016.56;3760
1018.56;3760
1020.56;3760
1022.56;3760
1024.56;3760
1026.56;3760
1028.56;3760
1030.56;3760
1032.56;3760
1034.56;3760
1036.56;3760
1038.56;3760
1040.56;3760
1042.56;3760
1044.56;3760
1046.56;3760
1048.56;3760
1050.56;3760
1052.56;3760
1054.56;3760
1056.56;3760
1058.56;3760
1060.56;3760
1062.56;3760
1064.56;3760
1066.56;3760
1068.56;3760
1070.56;3760
1072.56;3760
1074.56;3760
1076.56;3760
1078.56;3760
1080.56;3760
1082.56;3760
1084.56;3760
1086.56;3760
1088.56;3760
1090.56;3760
1092.56;3760
1094.56;3760
1096.56;3760
1098.56;3760
1100.56;3760
1102.56;3760
1104.56;3760
1106.56;3760
1108.56;3760
1110.56;3760
1112.56;3760
1114.56;3760
1116.56;3760
1118.56;3760
1120.56;3760
1122.56;3760
1124.56;3760
1126.56;3760
1128.56;3760
1130.56;3760
1132.56;3760
1134.56;3760
1136.56;3760
1138.56;3760
1140.56;3760
1142.56;3760
1144.56;3760
1146.56;3760
1148.56;3760
1150.56;3760
1152.56;3760
1154.56;3760
1156.56;3760
1158.56;3760
1160.56;3760
1162.56;3760
1164.56;3760
1166.56;3760
1168.56;3760
1170.56;3760
1172.56;3760
1174.56;3760
1176.56;3760
1178.56;3760
1180.56;3760
1182.56;3760
1184.56;3760
1186.56;3760
1188.56;3760
1190.56;3760
1192.56;3760
1194.56;3760
1196.56;3760
1198.56;3760
1200.56;3760
1202.56;3760
1204.56;3760
1206.56;3760
1208.56;3760
1210.56;3760
1212.56;3760
1214.56;3760
1216.56;3760
1218.56;3760
1220.56;3760
1222.56;3760
1224.56;3760
1226.56;3760
1228.56;3760
1230.56;3760
1232.56;3760
1234.56;3760
1236.56;3760
1238.56;3760
1240.56;3760
1242.56;3760
1244.56;3760
1246.56;3760
1248.56;3760
1250.56;3760
1252.56;3760
1254.56;3760
1256.56;3760
1258.56;3760
1260.56;3760
1262.56;3760
1264.56;3760
1266.56;3760
1268.56;3760
1270.56;3760
1272.56;3760
1274.56;3760
1276.56;3760
1278.56;3760
1280.56;3760
1282.56;3760
1284.56;3760
1286.56;3760
1288.56;3760
1290.56;3760
1292.56;3760
1294.56;3760
1296.56;3760
1298.56;3760
1300.56;3760
1302.56;3760
1304.56;3760
1306.56;3760
1308.56;3760
1310.56;3760
1312.56;3760
1314.56;3760
1316.56;3760
1318.56;3760
1320.56;3760
1322.56;3760
1324.56;3760
1326.56;3760
1328.56;3760
1330.56;3760
1332.56;3760
1334.56;3760
1336.56;3760
1338.56;3760
1340.56;3760
1342.56;3760
1344.56;3760
1346.56;3760
1348.56;3760
1350.56;3760
1352.56;3760
1354.56;3760
1356.56;3760
1358.56;3760
1360.56;3760
1362.56;3760
1364.56;3760
1366.56;3760
1368.56;3760
1370.56;3760
1372.56;3760
1374.56;3760
1376.56;3760
1378.56;3760
1380.56;3760
1382.56;3760
1384.56;3760
1386.56;3760
1388.56;3760
1390.56;3760
1392.56;3760
1394.56;3760
1396.56;3760
1398.56;3760
1400.56;3760
1402.56;3760
1404.56;3760
1406.56;3760
1408.56;3760
1410.56;3760
1412.56;3760
1414.56;3760
1416.56;3760
1418.56;3760
1420.56;3760
1422.56;3760
1424.56;3760
1426.56;3760
1428.56;3760
1430.56;3760
1432.56;3760
1434.56;3760
1436.56;3760
1438.56;3760
1440.56;3760
1442.56;3760
1444.56;3760
1446.56;3760
1448.56;3760
1450.56;3760
1452.56;3760
1454.56;3760
1456.56;3760
1458.56;3760
1460.56;3760
1462.56;3760
1464.56;3760
1466.56;3760
1468.56;3760
1470.56;3760
1472.56;3760
1474.56;3760
1476.56;3760
1478.56;3760
1480.56;3760
1482.56;3760
1484.56;3760
1486.56;3760
1488.56;3760
1490.56;3760
1492.56;3760
1494.56;3760
1496.56;3760
1498.56;3760
1500.56;3760
1502.56;3760
1504.56;3760
1506.56;3760
1508.56;3760
1510.56;3760
1512.56;3760
1514.56;3760
1516.56;3760
1518.56;3760
1520.56;3760
1522.56;3760
1524.56;3760
1526.56;3760
1528.56;3760
1530.56;3760
1532.56;3760
1534.56;3760
1536.56;3760
1538.56;3760
1540.56;3760
1542.56;3760
1544.56;3760
1546.56;3760
1548.56;3760
1550.56;3760
1552.56;3760
1554.56;3760
1556.56;3760
1558.56;3760
1560.56;3760
1562.56;3760
1564.56;3760
1566.56;3760
1568.56;3760
1570.56;3760
1572.56;3760
1574.56;3760
1576.56;3760
1578.56;3760
1580.56;3760
1582.56;3760
1584.56;3760
1586.56;3760
1588.56;3760
1590.56;3760
1592.56;3760
1594.56;3760
1596.56;3760
1598.56;3760
1600.56;3760
1602.56;3760
1604.56;3760
1606.56;3760
1608.56;3760
1610.56;3760
1612.56;3760
1614.56;3760
1616.56;3760
1618.56;3760
1620.56;3760
1622.56;3760
1624.56;3760
1626.56;3760
1628.56;3760
1630.56;3760
1632.56;3760
1634.56;3760
1636.56;3760
1638.56;3760
1640.56;3760
1642.56;3760
1644.56;3760
1646.56;3760
1648.56;3760
1650.56;3760
1652.56;3760
1654.56;3760
1656.56;3760
1658.56;3760
1660.56;3760
1662.56;3760
1664.56;3760
1666.56;3760
1668.56;3760
1670.56;3760
1672.56;3760
1674.56;3760
1676.56;3760
1678.56;3760
1680.56;3760
1682.56;3760
1684.56;3760
1686.56;3760
1688.56;3760
1690.56;3760
1692.56;3760
1694.56;3760
1696.56;3760
1698.56;3760
1700.56;3760
1702.56;3760
1704.56;3760
1706.56;3760
1708.56;3760
1710.56;3760
1712.56;3760
1714.56;3760
1716.56;3760
1718.56;3760
1720.56;3760
1722.56;3760
1724.56;3760
1726.56;3760
1728.56;3760
1730.56;3760
1732.56;3760
1734.56;3760
1736.56;3760
1738.56;3760
1740.56;3760
1742.56;3760
1744.56;3760
1746.56;3760
1748.56;3760
1750.56;3760
1752.56;3760
1754.56;3760
1756.56;3760
1758.56;3760
1760.56;3760
1762.56;3760
1764.56;3760
1766.56;3760
1768.56;3760
1770.56;3760
1772.56;3760
1774.56;3760
1776.56;3760
1778.56;3760
1780.56;3760
1782.56;3760
1784.56;3760
1786.56;3760
1788.56;3760
1790.56;3760
1792.56;3760
1794.56;3760
1796.56;3760
