#	X	Y
0;558
2;558
4;558
6;558
8;558
10;558
12;558
14;558
16;558
18;558
20;558
22;558
24;558
26;558
28;558
30;558
32;558
34;558
36;558
38;558
40;558
42;558
44;558
46;558
48;558
50;558
52;558
54;558
56;558
58;558
60;558
62;558
64;558
66;558
68;558
70;558
72;558
74;558
76;558
78;558
80;558
82;558
84;558
86;558
88;558
90;558
92;558
94;558
96;558
98;558
100;558
102;558
104;558
106;558
108;558
110;558
112;558
114;558
116;558
118;558
120;558
122;558
124;558
126;558
128;558
130;558
132;558
134;558
136;558
138;558
140;558
142;558
144;558
146;558
148;558
150;558
152;558
154;558
156;558
158;558
160;558
162;558
164;558
166;558
168;558
170;558
172;558
174;558
176;558
178;558
180;558
182;558
184;558
186;558
188;558
190;558
192;558
194;558
196;558
198;558
200;558
202;558
204;558
206;558
208;558
210;558
212;558
214;558
216;558
218;558
220;558
222;558
224;558
226;558
228;558
230;558
232;558
234;558
236;558
238;558
240;558
242;558
244;558
246;558
248;558
250;558
252;558
254;558
256;558
258;558
260;558
262;558
264;558
266;558
268;558
270;558
272;558
274;558
276;558
278;558
280;558
282;558
284;558
286;558
288;558
290;558
292;558
294;558
296;558
298;558
300;558
302;558
304;558
306;558
308;558
310;558
312;558
314;558
316;558
318;558
320;558
322;558
324;558
326;558
328;558
330;558
332;558
334;558
336;558
338;558
340;558
342;558
344;558
346;558
348;558
350;558
352;558
354;558
356;558
358;558
360;558
362;558
364;558
366;558
368;558
370;558
372;558
374;558
376;558
378;558
380;558
382;558
384;558
386;558
388;558
390;558
392;558
394;558
396;558
398;558
400;558
402;558
404;558
406;558
408;558
410;558
412;558
414;558
416;558
418;558
420;558
422;558
424;558
426;558
428;558
430;558
432;558
434;558
436;558
438;558
440;558
442;558
444;558
446;558
448;558
450;558
452;558
454;558
456;558
458;558
460;558
462;558
464;558
466;558
468;558
470;558
472;558
474;558
476;558
478;558
480;558
482;558
484;558
486;558
488;558
490;558
492;558
494;558
496;558
498;558
500;558
502;558
504;558
506;558
508;558
510;558
512;558
514;558
516;558
518;558
520;558
522;558
524;558
526;558
528;558
530;558
532;558
534;558
536;558
538;558
540;558
542;558
544;558
546;558
548;558
550;558
552;558
554;558
556;558
558;558
560;558
562;558
564;558
566;558
568;558
570;558
572;558
574;558
576;558
578;558
580;558
582;558
584;558
586;558
588;558
590;558
592;558
594;558
596;558
598;558
600;558
602;558
604;558
606;558
608;558
610;558
612;558
614;558
616;558
618;558
620;558
622;558
624;558
626;558
628;558
630;558
632;558
634;558
636;558
638;558
640;558
642;558
644;558
646;558
648;558
650;558
652;558
654;558
656;558
658;558
660;558
662;558
664;558
666;558
668;558
670;558
672;558
674;558
676;558
678;558
680;558
682;558
684;558
686;558
688;558
690;558
692;558
694;558
696;558
698;558
700;558
702;558
704;558
706;558
708;558
710;558
712;558
714;558
716;558
718;558
720;558
722;558
724;558
726;558
728;558
730;558
732;558
734;558
736;558
738;558
740;558
742;558
744;558
746;558
748;558
750;558
752;558
754;558
756;558
758;558
760;558
762;558
764;558
766;558
768;558
770;558
772;558
774;558
776;558
778;558
780;558
782;558
784;558
786;558
788;558
790;558
792;558
794;558
796;558
798;558
800;558
802;558
804;558
806;558
808;558
810;558
812;558
814;558
816;558
818;558
820;558
822;558
824;558
826;558
828;558
830;558
832;558
834;558
836;558
838;558
840;558
842;558
844;558
846;558
848;558
850;558
852;558
854;558
856;558
858;558
860;558
862;558
864;558
866;558
868;558
870;558
872;558
874;558
876;558
878;558
880;558
882;558
884;558
886;558
888;558
890;558
892;558
894;558
896;558
898;558
900;494
902;494
904;494
906;494
908;494
910;494
912;494
914;494
916;494
918;494
920;494
922;494
924;494
926;494
928;494
930;494
932;494
934;494
936;494
938;494
940;494
942;494
944;494
946;494
948;494
950;494
952;494
954;494
956;494
958;494
960;494
962;494
964;494
966;494
968;494
970;494
972;494
974;494
976;494
978;494
980;494
982;494
984;494
986;494
988;494
990;494
992;494
994;494
996;494
998;494
1000;494
1002;494
1004;494
1006;494
1008;494
1010;494
1012;494
1014;494
1016;494
1018;494
1020;494
1022;494
1024;494
1026;494
1028;494
1030;494
1032;494
1034;494
1036;494
1038;494
1040;494
1042;494
1044;494
1046;494
1048;494
1050;494
1052;494
1054;494
1056;494
1058;494
1060;494
1062;494
1064;494
1066;494
1068;494
1070;494
1072;494
1074;494
1076;494
1078;494
1080;494
1082;494
1084;494
1086;494
1088;494
1090;494
1092;494
1094;494
1096;494
1098;494
1100;494
1102;494
1104;494
1106;494
1108;494
1110;494
1112;494
1114;494
1116;494
1118;494
1120;494
1122;494
1124;494
1126;494
1128;494
1130;494
1132;494
1134;494
1136;494
1138;494
1140;494
1142;494
1144;494
1146;494
1148;494
1150;494
1152;494
1154;494
1156;494
1158;494
1160;494
1162;494
1164;494
1166;494
1168;494
1170;494
1172;494
1174;494
1176;494
1178;494
1180;494
1182;494
1184;494
1186;494
1188;494
1190;494
1192;494
1194;494
1196;494
1198;494
1200;494
1202;494
1204;494
1206;494
1208;494
1210;494
1212;494
1214;494
1216;494
1218;494
1220;494
1222;494
1224;494
1226;494
1228;494
1230;494
1232;494
1234;494
1236;494
1238;494
1240;494
1242;494
1244;494
1246;494
1248;494
1250;494
1252;494
1254;494
1256;494
1258;494
1260;494
1262;494
1264;494
1266;494
1268;494
1270;494
1272;494
1274;494
1276;494
1278;494
1280;494
1282;494
1284;494
1286;494
1288;494
1290;494
1292;494
1294;494
1296;494
1298;494
1300;494
1302;494
1304;494
1306;494
1308;494
1310;494
1312;494
1314;494
1316;494
1318;494
1320;494
1322;494
1324;494
1326;494
1328;494
1330;494
1332;494
1334;494
1336;494
1338;494
1340;494
1342;494
1344;494
1346;494
1348;494
1350;494
1352;494
1354;494
1356;494
1358;494
1360;494
1362;494
1364;494
1366;494
1368;494
1370;494
1372;494
1374;494
1376;494
1378;494
1380;494
1382;494
1384;494
1386;494
1388;494
1390;494
1392;494
1394;494
1396;494
1398;494
1400;494
1402;494
1404;494
1406;494
1408;494
1410;494
1412;494
1414;494
1416;494
1418;494
1420;494
1422;494
1424;494
1426;494
1428;494
1430;494
1432;494
1434;494
1436;494
1438;494
1440;494
1442;494
1444;494
1446;494
1448;494
1450;494
1452;494
1454;494
1456;494
1458;494
1460;494
1462;494
1464;494
1466;494
1468;494
1470;494
1472;494
1474;494
1476;494
1478;494
1480;494
1482;494
1484;494
1486;494
1488;494
1490;494
1492;494
1494;494
1496;494
1498;494
1500;494
1502;494
1504;494
1506;494
1508;494
1510;494
1512;494
1514;494
1516;494
1518;494
1520;494
1522;494
1524;494
1526;494
1528;494
1530;494
1532;494
1534;494
1536;494
1538;494
1540;494
1542;494
1544;494
1546;494
1548;494
1550;494
1552;494
1554;494
1556;494
1558;494
1560;494
1562;494
1564;494
1566;494
1568;494
1570;494
1572;494
1574;494
1576;494
1578;494
1580;494
1582;494
1584;494
1586;494
1588;494
1590;494
1592;494
1594;494
1596;494
1598;494
1600;494
1602;494
1604;494
1606;494
1608;494
1610;494
1612;494
1614;494
1616;494
1618;494
1620;494
1622;494
1624;494
1626;494
1628;494
1630;494
1632;494
1634;494
1636;494
1638;494
1640;494
1642;494
1644;494
1646;494
1648;494
1650;494
1652;494
1654;494
1656;494
1658;494
1660;494
1662;494
1664;494
1666;494
1668;494
1670;494
1672;494
1674;494
1676;494
1678;494
1680;494
1682;494
1684;494
1686;494
1688;494
1690;494
1692;494
1694;494
1696;494
1698;494
1700;494
1702;494
1704;494
1706;494
1708;494
1710;494
1712;494
1714;494
1716;494
1718;494
1720;494
1722;494
1724;494
1726;494
1728;494
1730;494
1732;494
1734;494
1736;494
1738;494
1740;494
1742;494
1744;494
1746;494
1748;494
1750;494
1752;494
1754;494
1756;494
1758;494
1760;494
1762;494
1764;494
1766;494
1768;494
1770;494
1772;494
1774;494
1776;494
1778;494
1780;494
1782;494
1784;494
1786;494
1788;494
1790;494
1792;494
1794;494
1796;494
1798;494
1800;564
1802;564
1804;564
1806;564
1808;564
1810;564
1812;564
1814;564
1816;564
1818;564
1820;564
1822;564
1824;564
1826;564
1828;564
1830;564
1832;564
1834;564
1836;564
1838;564
1840;564
1842;564
1844;564
1846;564
1848;564
1850;564
1852;564
1854;564
1856;564
1858;564
1860;564
1862;564
1864;564
1866;564
1868;564
1870;564
1872;564
1874;564
1876;564
1878;564
1880;564
1882;564
1884;564
1886;564
1888;564
1890;564
1892;564
1894;564
1896;564
1898;564
1900;564
1902;564
1904;564
1906;564
1908;564
1910;564
1912;564
1914;564
1916;564
1918;564
1920;564
1922;564
1924;564
1926;564
1928;564
1930;564
1932;564
1934;564
1936;564
1938;564
1940;564
1942;564
1944;564
1946;564
1948;564
1950;564
1952;564
1954;564
1956;564
1958;564
1960;564
1962;564
1964;564
1966;564
1968;564
1970;564
1972;564
1974;564
1976;564
1978;564
1980;564
1982;564
1984;564
1986;564
1988;564
1990;564
1992;564
1994;564
1996;564
1998;564
2000;564
2002;564
2004;564
2006;564
2008;564
2010;564
2012;564
2014;564
2016;564
2018;564
2020;564
2022;564
2024;564
2026;564
2028;564
2030;564
2032;564
2034;564
2036;564
2038;564
2040;564
2042;564
2044;564
2046;564
2048;564
2050;564
2052;564
2054;564
2056;564
2058;564
2060;564
2062;564
2064;564
2066;564
2068;564
2070;564
2072;564
2074;564
2076;564
2078;564
2080;564
2082;564
2084;564
2086;564
2088;564
2090;564
2092;564
2094;564
2096;564
2098;564
2100;564
2102;564
2104;564
2106;564
2108;564
2110;564
2112;564
2114;564
2116;564
2118;564
2120;564
2122;564
2124;564
2126;564
2128;564
2130;564
2132;564
2134;564
2136;564
2138;564
2140;564
2142;564
2144;564
2146;564
2148;564
2150;564
2152;564
2154;564
2156;564
2158;564
2160;564
2162;564
2164;564
2166;564
2168;564
2170;564
2172;564
2174;564
2176;564
2178;564
2180;564
2182;564
2184;564
2186;564
2188;564
2190;564
2192;564
2194;564
2196;564
2198;564
2200;564
2202;564
2204;564
2206;564
2208;564
2210;564
2212;564
2214;564
2216;564
2218;564
2220;564
2222;564
2224;564
2226;564
2228;564
2230;564
2232;564
2234;564
2236;564
2238;564
2240;564
2242;564
2244;564
2246;564
2248;564
2250;564
2252;564
2254;564
2256;564
2258;564
2260;564
2262;564
2264;564
2266;564
2268;564
2270;564
2272;564
2274;564
2276;564
2278;564
2280;564
2282;564
2284;564
2286;564
2288;564
2290;564
2292;564
2294;564
2296;564
2298;564
2300;564
2302;564
2304;564
2306;564
2308;564
2310;564
2312;564
2314;564
2316;564
2318;564
2320;564
2322;564
2324;564
2326;564
2328;564
2330;564
2332;564
2334;564
2336;564
2338;564
2340;564
2342;564
2344;564
2346;564
2348;564
2350;564
2352;564
2354;564
2356;564
2358;564
2360;564
2362;564
2364;564
2366;564
2368;564
2370;564
2372;564
2374;564
2376;564
2378;564
2380;564
2382;564
2384;564
2386;564
2388;564
2390;564
2392;564
2394;564
2396;564
2398;564
2400;564
2402;564
2404;564
2406;564
2408;564
2410;564
2412;564
2414;564
2416;564
2418;564
2420;564
2422;564
2424;564
2426;564
2428;564
2430;564
2432;564
2434;564
2436;564
2438;564
2440;564
2442;564
2444;564
2446;564
2448;564
2450;564
2452;564
2454;564
2456;564
2458;564
2460;564
2462;564
2464;564
2466;564
2468;564
2470;564
2472;564
2474;564
2476;564
2478;564
2480;564
2482;564
2484;564
2486;564
2488;564
2490;564
2492;564
2494;564
2496;564
2498;564
2500;564
2502;564
2504;564
2506;564
2508;564
2510;564
2512;564
2514;564
2516;564
2518;564
2520;564
2522;564
2524;564
2526;564
2528;564
2530;564
2532;564
2534;564
2536;564
2538;564
2540;564
2542;564
2544;564
2546;564
2548;564
2550;564
2552;564
2554;564
2556;564
2558;564
2560;564
2562;564
2564;564
2566;564
2568;564
2570;564
2572;564
2574;564
2576;564
2578;564
2580;564
2582;564
2584;564
2586;564
2588;564
2590;564
2592;564
2594;564
2596;564
2598;564
2600;564
2602;564
2604;564
2606;564
2608;564
2610;564
2612;564
2614;564
2616;564
2618;564
2620;564
2622;564
2624;564
2626;564
2628;564
2630;564
2632;564
2634;564
2636;564
2638;564
2640;564
2642;564
2644;564
2646;564
2648;564
2650;564
2652;564
2654;564
2656;564
2658;564
2660;564
2662;564
2664;564
2666;564
2668;564
2670;564
2672;564
2674;564
2676;564
2678;564
2680;564
2682;564
2684;564
2686;564
2688;564
2690;564
2692;564
2694;564
2696;564
2698;564
2700;793
2702;793
2704;793
2706;793
2708;793
2710;793
2712;793
2714;793
2716;793
2718;793
2720;793
2722;793
2724;793
2726;793
2728;793
2730;793
2732;793
2734;793
2736;793
2738;793
2740;793
2742;793
2744;793
2746;793
2748;793
2750;793
2752;793
2754;793
2756;793
2758;793
2760;793
2762;793
2764;793
2766;793
2768;793
2770;793
2772;793
2774;793
2776;793
2778;793
2780;793
2782;793
2784;793
2786;793
2788;793
2790;793
2792;793
2794;793
2796;793
2798;793
2800;793
2802;793
2804;793
2806;793
2808;793
2810;793
2812;793
2814;793
2816;793
2818;793
2820;793
2822;793
2824;793
2826;793
2828;793
2830;793
2832;793
2834;793
2836;793
2838;793
2840;793
2842;793
2844;793
2846;793
2848;793
2850;793
2852;793
2854;793
2856;793
2858;793
2860;793
2862;793
2864;793
2866;793
2868;793
2870;793
2872;793
2874;793
2876;793
2878;793
2880;793
2882;793
2884;793
2886;793
2888;793
2890;793
2892;793
2894;793
2896;793
2898;793
2900;793
2902;793
2904;793
2906;793
2908;793
2910;793
2912;793
2914;793
2916;793
2918;793
2920;793
2922;793
2924;793
2926;793
2928;793
2930;793
2932;793
2934;793
2936;793
2938;793
2940;793
2942;793
2944;793
2946;793
2948;793
2950;793
2952;793
2954;793
2956;793
2958;793
2960;793
2962;793
2964;793
2966;793
2968;793
2970;793
2972;793
2974;793
2976;793
2978;793
2980;793
2982;793
2984;793
2986;793
2988;793
2990;793
2992;793
2994;793
2996;793
2998;793
3000;793
3002;793
3004;793
3006;793
3008;793
3010;793
3012;793
3014;793
3016;793
3018;793
3020;793
3022;793
3024;793
3026;793
3028;793
3030;793
3032;793
3034;793
3036;793
3038;793
3040;793
3042;793
3044;793
3046;793
3048;793
3050;793
3052;793
3054;793
3056;793
3058;793
3060;793
3062;793
3064;793
3066;793
3068;793
3070;793
3072;793
3074;793
3076;793
3078;793
3080;793
3082;793
3084;793
3086;793
3088;793
3090;793
3092;793
3094;793
3096;793
3098;793
3100;793
3102;793
3104;793
3106;793
3108;793
3110;793
3112;793
3114;793
3116;793
3118;793
3120;793
3122;793
3124;793
3126;793
3128;793
3130;793
3132;793
3134;793
3136;793
3138;793
3140;793
3142;793
3144;793
3146;793
3148;793
3150;793
3152;793
3154;793
3156;793
3158;793
3160;793
3162;793
3164;793
3166;793
3168;793
3170;793
3172;793
3174;793
3176;793
3178;793
3180;793
3182;793
3184;793
3186;793
3188;793
3190;793
3192;793
3194;793
3196;793
3198;793
3200;793
3202;793
3204;793
3206;793
3208;793
3210;793
3212;793
3214;793
3216;793
3218;793
3220;793
3222;793
3224;793
3226;793
3228;793
3230;793
3232;793
3234;793
3236;793
3238;793
3240;793
3242;793
3244;793
3246;793
3248;793
3250;793
3252;793
3254;793
3256;793
3258;793
3260;793
3262;793
3264;793
3266;793
3268;793
3270;793
3272;793
3274;793
3276;793
3278;793
3280;793
3282;793
3284;793
3286;793
3288;793
3290;793
3292;793
3294;793
3296;793
3298;793
3300;793
3302;793
3304;793
3306;793
3308;793
3310;793
3312;793
3314;793
3316;793
3318;793
3320;793
3322;793
3324;793
3326;793
3328;793
3330;793
3332;793
3334;793
3336;793
3338;793
3340;793
3342;793
3344;793
3346;793
3348;793
3350;793
3352;793
3354;793
3356;793
3358;793
3360;793
3362;793
3364;793
3366;793
3368;793
3370;793
3372;793
3374;793
3376;793
3378;793
3380;793
3382;793
3384;793
3386;793
3388;793
3390;793
3392;793
3394;793
3396;793
3398;793
3400;793
3402;793
3404;793
3406;793
3408;793
3410;793
3412;793
3414;793
3416;793
3418;793
3420;793
3422;793
3424;793
3426;793
3428;793
3430;793
3432;793
3434;793
3436;793
3438;793
3440;793
3442;793
3444;793
3446;793
3448;793
3450;793
3452;793
3454;793
3456;793
3458;793
3460;793
3462;793
3464;793
3466;793
3468;793
3470;793
3472;793
3474;793
3476;793
3478;793
3480;793
3482;793
3484;793
3486;793
3488;793
3490;793
3492;793
3494;793
3496;793
3498;793
3500;793
3502;793
3504;793
3506;793
3508;793
3510;793
3512;793
3514;793
3516;793
3518;793
3520;793
3522;793
3524;793
3526;793
3528;793
3530;793
3532;793
3534;793
3536;793
3538;793
3540;793
3542;793
3544;793
3546;793
3548;793
3550;793
3552;793
3554;793
3556;793
3558;793
3560;793
3562;793
3564;793
3566;793
3568;793
3570;793
3572;793
3574;793
3576;793
3578;793
3580;793
3582;793
3584;793
3586;793
3588;793
3590;793
3592;793
3594;793
3596;793
3598;793
3600;682
3602;682
3604;682
3606;682
3608;682
3610;682
3612;682
3614;682
3616;682
3618;682
3620;682
3622;682
3624;682
3626;682
3628;682
3630;682
3632;682
3634;682
3636;682
3638;682
3640;682
3642;682
3644;682
3646;682
3648;682
3650;682
3652;682
3654;682
3656;682
3658;682
3660;682
3662;682
3664;682
3666;682
3668;682
3670;682
3672;682
3674;682
3676;682
3678;682
3680;682
3682;682
3684;682
3686;682
3688;682
3690;682
3692;682
3694;682
3696;682
3698;682
3700;682
3702;682
3704;682
3706;682
3708;682
3710;682
3712;682
3714;682
3716;682
3718;682
3720;682
3722;682
3724;682
3726;682
3728;682
3730;682
3732;682
3734;682
3736;682
3738;682
3740;682
3742;682
3744;682
3746;682
3748;682
3750;682
3752;682
3754;682
3756;682
3758;682
3760;682
3762;682
3764;682
3766;682
3768;682
3770;682
3772;682
3774;682
3776;682
3778;682
3780;682
3782;682
3784;682
3786;682
3788;682
3790;682
3792;682
3794;682
3796;682
3798;682
3800;682
3802;682
3804;682
3806;682
3808;682
3810;682
3812;682
3814;682
3816;682
3818;682
3820;682
3822;682
3824;682
3826;682
3828;682
3830;682
3832;682
3834;682
3836;682
3838;682
3840;682
3842;682
3844;682
3846;682
3848;682
3850;682
3852;682
3854;682
3856;682
3858;682
3860;682
3862;682
3864;682
3866;682
3868;682
3870;682
3872;682
3874;682
3876;682
3878;682
3880;682
3882;682
3884;682
3886;682
3888;682
3890;682
3892;682
3894;682
3896;682
3898;682
3900;682
3902;682
3904;682
3906;682
3908;682
3910;682
3912;682
3914;682
3916;682
3918;682
3920;682
3922;682
3924;682
3926;682
3928;682
3930;682
3932;682
3934;682
3936;682
3938;682
3940;682
3942;682
3944;682
3946;682
3948;682
3950;682
3952;682
3954;682
3956;682
3958;682
3960;682
3962;682
3964;682
3966;682
3968;682
3970;682
3972;682
3974;682
3976;682
3978;682
3980;682
3982;682
3984;682
3986;682
3988;682
3990;682
3992;682
3994;682
3996;682
3998;682
4000;682
4002;682
4004;682
4006;682
4008;682
4010;682
4012;682
4014;682
4016;682
4018;682
4020;682
4022;682
4024;682
4026;682
4028;682
4030;682
4032;682
4034;682
4036;682
4038;682
4040;682
4042;682
4044;682
4046;682
4048;682
4050;682
4052;682
4054;682
4056;682
4058;682
4060;682
4062;682
4064;682
4066;682
4068;682
4070;682
4072;682
4074;682
4076;682
4078;682
4080;682
4082;682
4084;682
4086;682
4088;682
4090;682
4092;682
4094;682
4096;682
4098;682
4100;682
4102;682
4104;682
4106;682
4108;682
4110;682
4112;682
4114;682
4116;682
4118;682
4120;682
4122;682
4124;682
4126;682
4128;682
4130;682
4132;682
4134;682
4136;682
4138;682
4140;682
4142;682
4144;682
4146;682
4148;682
4150;682
4152;682
4154;682
4156;682
4158;682
4160;682
4162;682
4164;682
4166;682
4168;682
4170;682
4172;682
4174;682
4176;682
4178;682
4180;682
4182;682
4184;682
4186;682
4188;682
4190;682
4192;682
4194;682
4196;682
4198;682
4200;682
4202;682
4204;682
4206;682
4208;682
4210;682
4212;682
4214;682
4216;682
4218;682
4220;682
4222;682
4224;682
4226;682
4228;682
4230;682
4232;682
4234;682
4236;682
4238;682
4240;682
4242;682
4244;682
4246;682
4248;682
4250;682
4252;682
4254;682
4256;682
4258;682
4260;682
4262;682
4264;682
4266;682
4268;682
4270;682
4272;682
4274;682
4276;682
4278;682
4280;682
4282;682
4284;682
4286;682
4288;682
4290;682
4292;682
4294;682
4296;682
4298;682
4300;682
4302;682
4304;682
4306;682
4308;682
4310;682
4312;682
4314;682
4316;682
4318;682
4320;682
4322;682
4324;682
4326;682
4328;682
4330;682
4332;682
4334;682
4336;682
4338;682
4340;682
4342;682
4344;682
4346;682
4348;682
4350;682
4352;682
4354;682
4356;682
4358;682
4360;682
4362;682
4364;682
4366;682
4368;682
4370;682
4372;682
4374;682
4376;682
4378;682
4380;682
4382;682
4384;682
4386;682
4388;682
4390;682
4392;682
4394;682
4396;682
4398;682
4400;682
4402;682
4404;682
4406;682
4408;682
4410;682
4412;682
4414;682
4416;682
4418;682
4420;682
4422;682
4424;682
4426;682
4428;682
4430;682
4432;682
4434;682
4436;682
4438;682
4440;682
4442;682
4444;682
4446;682
4448;682
4450;682
4452;682
4454;682
4456;682
4458;682
4460;682
4462;682
4464;682
4466;682
4468;682
4470;682
4472;682
4474;682
4476;682
4478;682
4480;682
4482;682
4484;682
4486;682
4488;682
4490;682
4492;682
4494;682
4496;682
4498;682
4500;853
4502;853
4504;853
4506;853
4508;853
4510;853
4512;853
4514;853
4516;853
4518;853
4520;853
4522;853
4524;853
4526;853
4528;853
4530;853
4532;853
4534;853
4536;853
4538;853
4540;853
4542;853
4544;853
4546;853
4548;853
4550;853
4552;853
4554;853
4556;853
4558;853
4560;853
4562;853
4564;853
4566;853
4568;853
4570;853
4572;853
4574;853
4576;853
4578;853
4580;853
4582;853
4584;853
4586;853
4588;853
4590;853
4592;853
4594;853
4596;853
4598;853
4600;853
4602;853
4604;853
4606;853
4608;853
4610;853
4612;853
4614;853
4616;853
4618;853
4620;853
4622;853
4624;853
4626;853
4628;853
4630;853
4632;853
4634;853
4636;853
4638;853
4640;853
4642;853
4644;853
4646;853
4648;853
4650;853
4652;853
4654;853
4656;853
4658;853
4660;853
4662;853
4664;853
4666;853
4668;853
4670;853
4672;853
4674;853
4676;853
4678;853
4680;853
4682;853
4684;853
4686;853
4688;853
4690;853
4692;853
4694;853
4696;853
4698;853
4700;853
4702;853
4704;853
4706;853
4708;853
4710;853
4712;853
4714;853
4716;853
4718;853
4720;853
4722;853
4724;853
4726;853
4728;853
4730;853
4732;853
4734;853
4736;853
4738;853
4740;853
4742;853
4744;853
4746;853
4748;853
4750;853
4752;853
4754;853
4756;853
4758;853
4760;853
4762;853
4764;853
4766;853
4768;853
4770;853
4772;853
4774;853
4776;853
4778;853
4780;853
4782;853
4784;853
4786;853
4788;853
4790;853
4792;853
4794;853
4796;853
4798;853
4800;853
4802;853
4804;853
4806;853
4808;853
4810;853
4812;853
4814;853
4816;853
4818;853
4820;853
4822;853
4824;853
4826;853
4828;853
4830;853
4832;853
4834;853
4836;853
4838;853
4840;853
4842;853
4844;853
4846;853
4848;853
4850;853
4852;853
4854;853
4856;853
4858;853
4860;853
4862;853
4864;853
4866;853
4868;853
4870;853
4872;853
4874;853
4876;853
4878;853
4880;853
4882;853
4884;853
4886;853
4888;853
4890;853
4892;853
4894;853
4896;853
4898;853
4900;853
4902;853
4904;853
4906;853
4908;853
4910;853
4912;853
4914;853
4916;853
4918;853
4920;853
4922;853
4924;853
4926;853
4928;853
4930;853
4932;853
4934;853
4936;853
4938;853
4940;853
4942;853
4944;853
4946;853
4948;853
4950;853
4952;853
4954;853
4956;853
4958;853
4960;853
4962;853
4964;853
4966;853
4968;853
4970;853
4972;853
4974;853
4976;853
4978;853
4980;853
4982;853
4984;853
4986;853
4988;853
4990;853
4992;853
4994;853
4996;853
4998;853
5000;853
5002;853
5004;853
5006;853
5008;853
5010;853
5012;853
5014;853
5016;853
5018;853
5020;853
5022;853
5024;853
5026;853
5028;853
5030;853
5032;853
5034;853
5036;853
5038;853
5040;853
5042;853
5044;853
5046;853
5048;853
5050;853
5052;853
5054;853
5056;853
5058;853
5060;853
5062;853
5064;853
5066;853
5068;853
5070;853
5072;853
5074;853
5076;853
5078;853
5080;853
5082;853
5084;853
5086;853
5088;853
5090;853
5092;853
5094;853
5096;853
5098;853
5100;853
5102;853
5104;853
5106;853
5108;853
5110;853
5112;853
5114;853
5116;853
5118;853
5120;853
5122;853
5124;853
5126;853
5128;853
5130;853
5132;853
5134;853
5136;853
5138;853
5140;853
5142;853
5144;853
5146;853
5148;853
5150;853
5152;853
5154;853
5156;853
5158;853
5160;853
5162;853
5164;853
5166;853
5168;853
5170;853
5172;853
5174;853
5176;853
5178;853
5180;853
5182;853
5184;853
5186;853
5188;853
5190;853
5192;853
5194;853
5196;853
5198;853
5200;853
5202;853
5204;853
5206;853
5208;853
5210;853
5212;853
5214;853
5216;853
5218;853
5220;853
5222;853
5224;853
5226;853
5228;853
5230;853
5232;853
5234;853
5236;853
5238;853
5240;853
5242;853
5244;853
5246;853
5248;853
5250;853
5252;853
5254;853
5256;853
5258;853
5260;853
5262;853
5264;853
5266;853
5268;853
5270;853
5272;853
5274;853
5276;853
5278;853
5280;853
5282;853
5284;853
5286;853
5288;853
5290;853
5292;853
5294;853
5296;853
5298;853
5300;853
5302;853
5304;853
5306;853
5308;853
5310;853
5312;853
5314;853
5316;853
5318;853
5320;853
5322;853
5324;853
5326;853
5328;853
5330;853
5332;853
5334;853
5336;853
5338;853
5340;853
5342;853
5344;853
5346;853
5348;853
5350;853
5352;853
5354;853
5356;853
5358;853
5360;853
5362;853
5364;853
5366;853
5368;853
5370;853
5372;853
5374;853
5376;853
5378;853
5380;853
5382;853
5384;853
5386;853
5388;853
5390;853
5392;853
5394;853
5396;853
5398;853
5400;466
5402;466
5404;466
5406;466
5408;466
5410;466
5412;466
5414;466
5416;466
5418;466
5420;466
5422;466
5424;466
5426;466
5428;466
5430;466
5432;466
5434;466
5436;466
5438;466
5440;466
5442;466
5444;466
5446;466
5448;466
5450;466
5452;466
5454;466
5456;466
5458;466
5460;466
5462;466
5464;466
5466;466
5468;466
5470;466
5472;466
5474;466
5476;466
5478;466
5480;466
5482;466
5484;466
5486;466
5488;466
5490;466
5492;466
5494;466
5496;466
5498;466
5500;466
5502;466
5504;466
5506;466
5508;466
5510;466
5512;466
5514;466
5516;466
5518;466
5520;466
5522;466
5524;466
5526;466
5528;466
5530;466
5532;466
5534;466
5536;466
5538;466
5540;466
5542;466
5544;466
5546;466
5548;466
5550;466
5552;466
5554;466
5556;466
5558;466
5560;466
5562;466
5564;466
5566;466
5568;466
5570;466
5572;466
5574;466
5576;466
5578;466
5580;466
5582;466
5584;466
5586;466
5588;466
5590;466
5592;466
5594;466
5596;466
5598;466
5600;466
5602;466
5604;466
5606;466
5608;466
5610;466
5612;466
5614;466
5616;466
5618;466
5620;466
5622;466
5624;466
5626;466
5628;466
5630;466
5632;466
5634;466
5636;466
5638;466
5640;466
5642;466
5644;466
5646;466
5648;466
5650;466
5652;466
5654;466
5656;466
5658;466
5660;466
5662;466
5664;466
5666;466
5668;466
5670;466
5672;466
5674;466
5676;466
5678;466
5680;466
5682;466
5684;466
5686;466
5688;466
5690;466
5692;466
5694;466
5696;466
5698;466
5700;466
5702;466
5704;466
5706;466
5708;466
5710;466
5712;466
5714;466
5716;466
5718;466
5720;466
5722;466
5724;466
5726;466
5728;466
5730;466
5732;466
5734;466
5736;466
5738;466
5740;466
5742;466
5744;466
5746;466
5748;466
5750;466
5752;466
5754;466
5756;466
5758;466
5760;466
5762;466
5764;466
5766;466
5768;466
5770;466
5772;466
5774;466
5776;466
5778;466
5780;466
5782;466
5784;466
5786;466
5788;466
5790;466
5792;466
5794;466
5796;466
5798;466
5800;466
5802;466
5804;466
5806;466
5808;466
5810;466
5812;466
5814;466
5816;466
5818;466
5820;466
5822;466
5824;466
5826;466
5828;466
5830;466
5832;466
5834;466
5836;466
5838;466
5840;466
5842;466
5844;466
5846;466
5848;466
5850;466
5852;466
5854;466
5856;466
5858;466
5860;466
5862;466
5864;466
5866;466
5868;466
5870;466
5872;466
5874;466
5876;466
5878;466
5880;466
5882;466
5884;466
5886;466
5888;466
5890;466
5892;466
5894;466
5896;466
5898;466
5900;466
5902;466
5904;466
5906;466
5908;466
5910;466
5912;466
5914;466
5916;466
5918;466
5920;466
5922;466
5924;466
5926;466
5928;466
5930;466
5932;466
5934;466
5936;466
5938;466
5940;466
5942;466
5944;466
5946;466
5948;466
5950;466
5952;466
5954;466
5956;466
5958;466
5960;466
5962;466
5964;466
5966;466
5968;466
5970;466
5972;466
5974;466
5976;466
5978;466
5980;466
5982;466
5984;466
5986;466
5988;466
5990;466
5992;466
5994;466
5996;466
5998;466
6000;466
6002;466
6004;466
6006;466
6008;466
6010;466
6012;466
6014;466
6016;466
6018;466
6020;466
6022;466
6024;466
6026;466
6028;466
6030;466
6032;466
6034;466
6036;466
6038;466
6040;466
6042;466
6044;466
6046;466
6048;466
6050;466
6052;466
6054;466
6056;466
6058;466
6060;466
6062;466
6064;466
6066;466
6068;466
6070;466
6072;466
6074;466
6076;466
6078;466
6080;466
6082;466
6084;466
6086;466
6088;466
6090;466
6092;466
6094;466
6096;466
6098;466
6100;466
6102;466
6104;466
6106;466
6108;466
6110;466
6112;466
6114;466
6116;466
6118;466
6120;466
6122;466
6124;466
6126;466
6128;466
6130;466
6132;466
6134;466
6136;466
6138;466
6140;466
6142;466
6144;466
6146;466
6148;466
6150;466
6152;466
6154;466
6156;466
6158;466
6160;466
6162;466
6164;466
6166;466
6168;466
6170;466
6172;466
6174;466
6176;466
6178;466
6180;466
6182;466
6184;466
6186;466
6188;466
6190;466
6192;466
6194;466
6196;466
6198;466
6200;466
6202;466
6204;466
6206;466
6208;466
6210;466
6212;466
6214;466
6216;466
6218;466
6220;466
6222;466
6224;466
6226;466
6228;466
6230;466
6232;466
6234;466
6236;466
6238;466
6240;466
6242;466
6244;466
6246;466
6248;466
6250;466
6252;466
6254;466
6256;466
6258;466
6260;466
6262;466
6264;466
6266;466
6268;466
6270;466
6272;466
6274;466
6276;466
6278;466
6280;466
6282;466
6284;466
6286;466
6288;466
6290;466
6292;466
6294;466
6296;466
6298;466
6300;338
6302;338
6304;338
6306;338
6308;338
6310;338
6312;338
6314;338
6316;338
6318;338
6320;338
6322;338
6324;338
6326;338
6328;338
6330;338
6332;338
6334;338
6336;338
6338;338
6340;338
6342;338
6344;338
6346;338
6348;338
6350;338
6352;338
6354;338
6356;338
6358;338
6360;338
6362;338
6364;338
6366;338
6368;338
6370;338
6372;338
6374;338
6376;338
6378;338
6380;338
6382;338
6384;338
6386;338
6388;338
6390;338
6392;338
6394;338
6396;338
6398;338
6400;338
6402;338
6404;338
6406;338
6408;338
6410;338
6412;338
6414;338
6416;338
6418;338
6420;338
6422;338
6424;338
6426;338
6428;338
6430;338
6432;338
6434;338
6436;338
6438;338
6440;338
6442;338
6444;338
6446;338
6448;338
6450;338
6452;338
6454;338
6456;338
6458;338
6460;338
6462;338
6464;338
6466;338
6468;338
6470;338
6472;338
6474;338
6476;338
6478;338
6480;338
6482;338
6484;338
6486;338
6488;338
6490;338
6492;338
6494;338
6496;338
6498;338
6500;338
6502;338
6504;338
6506;338
6508;338
6510;338
6512;338
6514;338
6516;338
6518;338
6520;338
6522;338
6524;338
6526;338
6528;338
6530;338
6532;338
6534;338
6536;338
6538;338
6540;338
6542;338
6544;338
6546;338
6548;338
6550;338
6552;338
6554;338
6556;338
6558;338
6560;338
6562;338
6564;338
6566;338
6568;338
6570;338
6572;338
6574;338
6576;338
6578;338
6580;338
6582;338
6584;338
6586;338
6588;338
6590;338
6592;338
6594;338
6596;338
6598;338
6600;338
6602;338
6604;338
6606;338
6608;338
6610;338
6612;338
6614;338
6616;338
6618;338
6620;338
6622;338
6624;338
6626;338
6628;338
6630;338
6632;338
6634;338
6636;338
6638;338
6640;338
6642;338
6644;338
6646;338
6648;338
6650;338
6652;338
6654;338
6656;338
6658;338
6660;338
6662;338
6664;338
6666;338
6668;338
6670;338
6672;338
6674;338
6676;338
6678;338
6680;338
6682;338
6684;338
6686;338
6688;338
6690;338
6692;338
6694;338
6696;338
6698;338
6700;338
6702;338
6704;338
6706;338
6708;338
6710;338
6712;338
6714;338
6716;338
6718;338
6720;338
6722;338
6724;338
6726;338
6728;338
6730;338
6732;338
6734;338
6736;338
6738;338
6740;338
6742;338
6744;338
6746;338
6748;338
6750;338
6752;338
6754;338
6756;338
6758;338
6760;338
6762;338
6764;338
6766;338
6768;338
6770;338
6772;338
6774;338
6776;338
6778;338
6780;338
6782;338
6784;338
6786;338
6788;338
6790;338
6792;338
6794;338
6796;338
6798;338
6800;338
6802;338
6804;338
6806;338
6808;338
6810;338
6812;338
6814;338
6816;338
6818;338
6820;338
6822;338
6824;338
6826;338
6828;338
6830;338
6832;338
6834;338
6836;338
6838;338
6840;338
6842;338
6844;338
6846;338
6848;338
6850;338
6852;338
6854;338
6856;338
6858;338
6860;338
6862;338
6864;338
6866;338
6868;338
6870;338
6872;338
6874;338
6876;338
6878;338
6880;338
6882;338
6884;338
6886;338
6888;338
6890;338
6892;338
6894;338
6896;338
6898;338
6900;338
6902;338
6904;338
6906;338
6908;338
6910;338
6912;338
6914;338
6916;338
6918;338
6920;338
6922;338
6924;338
6926;338
6928;338
6930;338
6932;338
6934;338
6936;338
6938;338
6940;338
6942;338
6944;338
6946;338
6948;338
6950;338
6952;338
6954;338
6956;338
6958;338
6960;338
6962;338
6964;338
6966;338
6968;338
6970;338
6972;338
6974;338
6976;338
6978;338
6980;338
6982;338
6984;338
6986;338
6988;338
6990;338
6992;338
6994;338
6996;338
6998;338
7000;338
7002;338
7004;338
7006;338
7008;338
7010;338
7012;338
7014;338
7016;338
7018;338
7020;338
7022;338
7024;338
7026;338
7028;338
7030;338
7032;338
7034;338
7036;338
7038;338
7040;338
7042;338
7044;338
7046;338
7048;338
7050;338
7052;338
7054;338
7056;338
7058;338
7060;338
7062;338
7064;338
7066;338
7068;338
7070;338
7072;338
7074;338
7076;338
7078;338
7080;338
7082;338
7084;338
7086;338
7088;338
7090;338
7092;338
7094;338
7096;338
7098;338
7100;338
7102;338
7104;338
7106;338
7108;338
7110;338
7112;338
7114;338
7116;338
7118;338
7120;338
7122;338
7124;338
7126;338
7128;338
7130;338
7132;338
7134;338
7136;338
7138;338
7140;338
7142;338
7144;338
7146;338
7148;338
7150;338
7152;338
7154;338
7156;338
7158;338
7160;338
7162;338
7164;338
7166;338
7168;338
7170;338
7172;338
7174;338
7176;338
7178;338
7180;338
7182;338
7184;338
7186;338
7188;338
7190;338
7192;338
7194;338
7196;338
7198;338
7200;593
7202;593
7204;593
7206;593
7208;593
7210;593
7212;593
7214;593
7216;593
7218;593
7220;593
7222;593
7224;593
7226;593
7228;593
7230;593
7232;593
7234;593
7236;593
7238;593
7240;593
7242;593
7244;593
7246;593
7248;593
7250;593
7252;593
7254;593
7256;593
7258;593
7260;593
7262;593
7264;593
7266;593
7268;593
7270;593
7272;593
7274;593
7276;593
7278;593
7280;593
7282;593
7284;593
7286;593
7288;593
7290;593
7292;593
7294;593
7296;593
7298;593
7300;593
7302;593
7304;593
7306;593
7308;593
7310;593
7312;593
7314;593
7316;593
7318;593
7320;593
7322;593
7324;593
7326;593
7328;593
7330;593
7332;593
7334;593
7336;593
7338;593
7340;593
7342;593
7344;593
7346;593
7348;593
7350;593
7352;593
7354;593
7356;593
7358;593
7360;593
7362;593
7364;593
7366;593
7368;593
7370;593
7372;593
7374;593
7376;593
7378;593
7380;593
7382;593
7384;593
7386;593
7388;593
7390;593
7392;593
7394;593
7396;593
7398;593
7400;593
7402;593
7404;593
7406;593
7408;593
7410;593
7412;593
7414;593
7416;593
7418;593
7420;593
7422;593
7424;593
7426;593
7428;593
7430;593
7432;593
7434;593
7436;593
7438;593
7440;593
7442;593
7444;593
7446;593
7448;593
7450;593
7452;593
7454;593
7456;593
7458;593
7460;593
7462;593
7464;593
7466;593
7468;593
7470;593
7472;593
7474;593
7476;593
7478;593
7480;593
7482;593
7484;593
7486;593
7488;593
7490;593
7492;593
7494;593
7496;593
7498;593
7500;593
7502;593
7504;593
7506;593
7508;593
7510;593
7512;593
7514;593
7516;593
7518;593
7520;593
7522;593
7524;593
7526;593
7528;593
7530;593
7532;593
7534;593
7536;593
7538;593
7540;593
7542;593
7544;593
7546;593
7548;593
7550;593
7552;593
7554;593
7556;593
7558;593
7560;593
7562;593
7564;593
7566;593
7568;593
7570;593
7572;593
7574;593
7576;593
7578;593
7580;593
7582;593
7584;593
7586;593
7588;593
7590;593
7592;593
7594;593
7596;593
7598;593
7600;593
7602;593
7604;593
7606;593
7608;593
7610;593
7612;593
7614;593
7616;593
7618;593
7620;593
7622;593
7624;593
7626;593
7628;593
7630;593
7632;593
7634;593
7636;593
7638;593
7640;593
7642;593
7644;593
7646;593
7648;593
7650;593
7652;593
7654;593
7656;593
7658;593
7660;593
7662;593
7664;593
7666;593
7668;593
7670;593
7672;593
7674;593
7676;593
7678;593
7680;593
7682;593
7684;593
7686;593
7688;593
7690;593
7692;593
7694;593
7696;593
7698;593
7700;593
7702;593
7704;593
7706;593
7708;593
7710;593
7712;593
7714;593
7716;593
7718;593
7720;593
7722;593
7724;593
7726;593
7728;593
7730;593
7732;593
7734;593
7736;593
7738;593
7740;593
7742;593
7744;593
7746;593
7748;593
7750;593
7752;593
7754;593
7756;593
7758;593
7760;593
7762;593
7764;593
7766;593
7768;593
7770;593
7772;593
7774;593
7776;593
7778;593
7780;593
7782;593
7784;593
7786;593
7788;593
7790;593
7792;593
7794;593
7796;593
7798;593
7800;593
7802;593
7804;593
7806;593
7808;593
7810;593
7812;593
7814;593
7816;593
7818;593
7820;593
7822;593
7824;593
7826;593
7828;593
7830;593
7832;593
7834;593
7836;593
7838;593
7840;593
7842;593
7844;593
7846;593
7848;593
7850;593
7852;593
7854;593
7856;593
7858;593
7860;593
7862;593
7864;593
7866;593
7868;593
7870;593
7872;593
7874;593
7876;593
7878;593
7880;593
7882;593
7884;593
7886;593
7888;593
7890;593
7892;593
7894;593
7896;593
7898;593
7900;593
7902;593
7904;593
7906;593
7908;593
7910;593
7912;593
7914;593
7916;593
7918;593
7920;593
7922;593
7924;593
7926;593
7928;593
7930;593
7932;593
7934;593
7936;593
7938;593
7940;593
7942;593
7944;593
7946;593
7948;593
7950;593
7952;593
7954;593
7956;593
7958;593
7960;593
7962;593
7964;593
7966;593
7968;593
7970;593
7972;593
7974;593
7976;593
7978;593
7980;593
7982;593
7984;593
7986;593
7988;593
7990;593
7992;593
7994;593
7996;593
7998;593
8000;593
8002;593
8004;593
8006;593
8008;593
8010;593
8012;593
8014;593
8016;593
8018;593
8020;593
8022;593
8024;593
8026;593
8028;593
8030;593
8032;593
8034;593
8036;593
8038;593
8040;593
8042;593
8044;593
8046;593
8048;593
8050;593
8052;593
8054;593
8056;593
8058;593
8060;593
8062;593
8064;593
8066;593
8068;593
8070;593
8072;593
8074;593
8076;593
8078;593
8080;593
8082;593
8084;593
8086;593
8088;593
8090;593
8092;593
8094;593
8096;593
8098;593
8100;450
8102;450
8104;450
8106;450
8108;450
8110;450
8112;450
8114;450
8116;450
8118;450
8120;450
8122;450
8124;450
8126;450
8128;450
8130;450
8132;450
8134;450
8136;450
8138;450
8140;450
8142;450
8144;450
8146;450
8148;450
8150;450
8152;450
8154;450
8156;450
8158;450
8160;450
8162;450
8164;450
8166;450
8168;450
8170;450
8172;450
8174;450
8176;450
8178;450
8180;450
8182;450
8184;450
8186;450
8188;450
8190;450
8192;450
8194;450
8196;450
8198;450
8200;450
8202;450
8204;450
8206;450
8208;450
8210;450
8212;450
8214;450
8216;450
8218;450
8220;450
8222;450
8224;450
8226;450
8228;450
8230;450
8232;450
8234;450
8236;450
8238;450
8240;450
8242;450
8244;450
8246;450
8248;450
8250;450
8252;450
8254;450
8256;450
8258;450
8260;450
8262;450
8264;450
8266;450
8268;450
8270;450
8272;450
8274;450
8276;450
8278;450
8280;450
8282;450
8284;450
8286;450
8288;450
8290;450
8292;450
8294;450
8296;450
8298;450
8300;450
8302;450
8304;450
8306;450
8308;450
8310;450
8312;450
8314;450
8316;450
8318;450
8320;450
8322;450
8324;450
8326;450
8328;450
8330;450
8332;450
8334;450
8336;450
8338;450
8340;450
8342;450
8344;450
8346;450
8348;450
8350;450
8352;450
8354;450
8356;450
8358;450
8360;450
8362;450
8364;450
8366;450
8368;450
8370;450
8372;450
8374;450
8376;450
8378;450
8380;450
8382;450
8384;450
8386;450
8388;450
8390;450
8392;450
8394;450
8396;450
8398;450
8400;450
8402;450
8404;450
8406;450
8408;450
8410;450
8412;450
8414;450
8416;450
8418;450
8420;450
8422;450
8424;450
8426;450
8428;450
8430;450
8432;450
8434;450
8436;450
8438;450
8440;450
8442;450
8444;450
8446;450
8448;450
8450;450
8452;450
8454;450
8456;450
8458;450
8460;450
8462;450
8464;450
8466;450
8468;450
8470;450
8472;450
8474;450
8476;450
8478;450
8480;450
8482;450
8484;450
8486;450
8488;450
8490;450
8492;450
8494;450
8496;450
8498;450
8500;450
8502;450
8504;450
8506;450
8508;450
8510;450
8512;450
8514;450
8516;450
8518;450
8520;450
8522;450
8524;450
8526;450
8528;450
8530;450
8532;450
8534;450
8536;450
8538;450
8540;450
8542;450
8544;450
8546;450
8548;450
8550;450
8552;450
8554;450
8556;450
8558;450
8560;450
8562;450
8564;450
8566;450
8568;450
8570;450
8572;450
8574;450
8576;450
8578;450
8580;450
8582;450
8584;450
8586;450
8588;450
8590;450
8592;450
8594;450
8596;450
8598;450
8600;450
8602;450
8604;450
8606;450
8608;450
8610;450
8612;450
8614;450
8616;450
8618;450
8620;450
8622;450
8624;450
8626;450
8628;450
8630;450
8632;450
8634;450
8636;450
8638;450
8640;450
8642;450
8644;450
8646;450
8648;450
8650;450
8652;450
8654;450
8656;450
8658;450
8660;450
8662;450
8664;450
8666;450
8668;450
8670;450
8672;450
8674;450
8676;450
8678;450
8680;450
8682;450
8684;450
8686;450
8688;450
8690;450
8692;450
8694;450
8696;450
8698;450
8700;450
8702;450
8704;450
8706;450
8708;450
8710;450
8712;450
8714;450
8716;450
8718;450
8720;450
8722;450
8724;450
8726;450
8728;450
8730;450
8732;450
8734;450
8736;450
8738;450
8740;450
8742;450
8744;450
8746;450
8748;450
8750;450
8752;450
8754;450
8756;450
8758;450
8760;450
8762;450
8764;450
8766;450
8768;450
8770;450
8772;450
8774;450
8776;450
8778;450
8780;450
8782;450
8784;450
8786;450
8788;450
8790;450
8792;450
8794;450
8796;450
8798;450
8800;450
8802;450
8804;450
8806;450
8808;450
8810;450
8812;450
8814;450
8816;450
8818;450
8820;450
8822;450
8824;450
8826;450
8828;450
8830;450
8832;450
8834;450
8836;450
8838;450
8840;450
8842;450
8844;450
8846;450
8848;450
8850;450
8852;450
8854;450
8856;450
8858;450
8860;450
8862;450
8864;450
8866;450
8868;450
8870;450
8872;450
8874;450
8876;450
8878;450
8880;450
8882;450
8884;450
8886;450
8888;450
8890;450
8892;450
8894;450
8896;450
8898;450
8900;450
8902;450
8904;450
8906;450
8908;450
8910;450
8912;450
8914;450
8916;450
8918;450
8920;450
8922;450
8924;450
8926;450
8928;450
8930;450
8932;450
8934;450
8936;450
8938;450
8940;450
8942;450
8944;450
8946;450
8948;450
8950;450
8952;450
8954;450
8956;450
8958;450
8960;450
8962;450
8964;450
8966;450
8968;450
8970;450
8972;450
8974;450
8976;450
8978;450
8980;450
8982;450
8984;450
8986;450
8988;450
8990;450
8992;450
8994;450
8996;450
8998;450
9000;540
9002;540
9004;540
9006;540
9008;540
9010;540
9012;540
9014;540
9016;540
9018;540
9020;540
9022;540
9024;540
9026;540
9028;540
9030;540
9032;540
9034;540
9036;540
9038;540
9040;540
9042;540
9044;540
9046;540
9048;540
9050;540
9052;540
9054;540
9056;540
9058;540
9060;540
9062;540
9064;540
9066;540
9068;540
9070;540
9072;540
9074;540
9076;540
9078;540
9080;540
9082;540
9084;540
9086;540
9088;540
9090;540
9092;540
9094;540
9096;540
9098;540
9100;540
9102;540
9104;540
9106;540
9108;540
9110;540
9112;540
9114;540
9116;540
9118;540
9120;540
9122;540
9124;540
9126;540
9128;540
9130;540
9132;540
9134;540
9136;540
9138;540
9140;540
9142;540
9144;540
9146;540
9148;540
9150;540
9152;540
9154;540
9156;540
9158;540
9160;540
9162;540
9164;540
9166;540
9168;540
9170;540
9172;540
9174;540
9176;540
9178;540
9180;540
9182;540
9184;540
9186;540
9188;540
9190;540
9192;540
9194;540
9196;540
9198;540
9200;540
9202;540
9204;540
9206;540
9208;540
9210;540
9212;540
9214;540
9216;540
9218;540
9220;540
9222;540
9224;540
9226;540
9228;540
9230;540
9232;540
9234;540
9236;540
9238;540
9240;540
9242;540
9244;540
9246;540
9248;540
9250;540
9252;540
9254;540
9256;540
9258;540
9260;540
9262;540
9264;540
9266;540
9268;540
9270;540
9272;540
9274;540
9276;540
9278;540
9280;540
9282;540
9284;540
9286;540
9288;540
9290;540
9292;540
9294;540
9296;540
9298;540
9300;540
9302;540
9304;540
9306;540
9308;540
9310;540
9312;540
9314;540
9316;540
9318;540
9320;540
9322;540
9324;540
9326;540
9328;540
9330;540
9332;540
9334;540
9336;540
9338;540
9340;540
9342;540
9344;540
9346;540
9348;540
9350;540
9352;540
9354;540
9356;540
9358;540
9360;540
9362;540
9364;540
9366;540
9368;540
9370;540
9372;540
9374;540
9376;540
9378;540
9380;540
9382;540
9384;540
9386;540
9388;540
9390;540
9392;540
9394;540
9396;540
9398;540
9400;540
9402;540
9404;540
9406;540
9408;540
9410;540
9412;540
9414;540
9416;540
9418;540
9420;540
9422;540
9424;540
9426;540
9428;540
9430;540
9432;540
9434;540
9436;540
9438;540
9440;540
9442;540
9444;540
9446;540
9448;540
9450;540
9452;540
9454;540
9456;540
9458;540
9460;540
9462;540
9464;540
9466;540
9468;540
9470;540
9472;540
9474;540
9476;540
9478;540
9480;540
9482;540
9484;540
9486;540
9488;540
9490;540
9492;540
9494;540
9496;540
9498;540
9500;540
9502;540
9504;540
9506;540
9508;540
9510;540
9512;540
9514;540
9516;540
9518;540
9520;540
9522;540
9524;540
9526;540
9528;540
9530;540
9532;540
9534;540
9536;540
9538;540
9540;540
9542;540
9544;540
9546;540
9548;540
9550;540
9552;540
9554;540
9556;540
9558;540
9560;540
9562;540
9564;540
9566;540
9568;540
9570;540
9572;540
9574;540
9576;540
9578;540
9580;540
9582;540
9584;540
9586;540
9588;540
9590;540
9592;540
9594;540
9596;540
9598;540
9600;540
9602;540
9604;540
9606;540
9608;540
9610;540
9612;540
9614;540
9616;540
9618;540
9620;540
9622;540
9624;540
9626;540
9628;540
9630;540
9632;540
9634;540
9636;540
9638;540
9640;540
9642;540
9644;540
9646;540
9648;540
9650;540
9652;540
9654;540
9656;540
9658;540
9660;540
9662;540
9664;540
9666;540
9668;540
9670;540
9672;540
9674;540
9676;540
9678;540
9680;540
9682;540
9684;540
9686;540
9688;540
9690;540
9692;540
9694;540
9696;540
9698;540
9700;540
9702;540
9704;540
9706;540
9708;540
9710;540
9712;540
9714;540
9716;540
9718;540
9720;540
9722;540
9724;540
9726;540
9728;540
9730;540
9732;540
9734;540
9736;540
9738;540
9740;540
9742;540
9744;540
9746;540
9748;540
9750;540
9752;540
9754;540
9756;540
9758;540
9760;540
9762;540
9764;540
9766;540
9768;540
9770;540
9772;540
9774;540
9776;540
9778;540
9780;540
9782;540
9784;540
9786;540
9788;540
9790;540
9792;540
9794;540
9796;540
9798;540
9800;540
9802;540
9804;540
9806;540
9808;540
9810;540
9812;540
9814;540
9816;540
9818;540
9820;540
9822;540
9824;540
9826;540
9828;540
9830;540
9832;540
9834;540
9836;540
9838;540
9840;540
9842;540
9844;540
9846;540
9848;540
9850;540
9852;540
9854;540
9856;540
9858;540
9860;540
9862;540
9864;540
9866;540
9868;540
9870;540
9872;540
9874;540
9876;540
9878;540
9880;540
9882;540
9884;540
9886;540
9888;540
9890;540
9892;540
9894;540
9896;540
9898;540
9900;526
9902;526
9904;526
9906;526
9908;526
9910;526
9912;526
9914;526
9916;526
9918;526
9920;526
9922;526
9924;526
9926;526
9928;526
9930;526
9932;526
9934;526
9936;526
9938;526
9940;526
9942;526
9944;526
9946;526
9948;526
9950;526
9952;526
9954;526
9956;526
9958;526
9960;526
9962;526
9964;526
9966;526
9968;526
9970;526
9972;526
9974;526
9976;526
9978;526
9980;526
9982;526
9984;526
9986;526
9988;526
9990;526
9992;526
9994;526
9996;526
9998;526
10000;526
10002;526
10004;526
10006;526
10008;526
10010;526
10012;526
10014;526
10016;526
10018;526
10020;526
10022;526
10024;526
10026;526
10028;526
10030;526
10032;526
10034;526
10036;526
10038;526
10040;526
10042;526
10044;526
10046;526
10048;526
10050;526
10052;526
10054;526
10056;526
10058;526
10060;526
10062;526
10064;526
10066;526
10068;526
10070;526
10072;526
10074;526
10076;526
10078;526
10080;526
10082;526
10084;526
10086;526
10088;526
10090;526
10092;526
10094;526
10096;526
10098;526
10100;526
10102;526
10104;526
10106;526
10108;526
10110;526
10112;526
10114;526
10116;526
10118;526
10120;526
10122;526
10124;526
10126;526
10128;526
10130;526
10132;526
10134;526
10136;526
10138;526
10140;526
10142;526
10144;526
10146;526
10148;526
10150;526
10152;526
10154;526
10156;526
10158;526
10160;526
10162;526
10164;526
10166;526
10168;526
10170;526
10172;526
10174;526
10176;526
10178;526
10180;526
10182;526
10184;526
10186;526
10188;526
10190;526
10192;526
10194;526
10196;526
10198;526
10200;526
10202;526
10204;526
10206;526
10208;526
10210;526
10212;526
10214;526
10216;526
10218;526
10220;526
10222;526
10224;526
10226;526
10228;526
10230;526
10232;526
10234;526
10236;526
10238;526
10240;526
10242;526
10244;526
10246;526
10248;526
10250;526
10252;526
10254;526
10256;526
10258;526
10260;526
10262;526
10264;526
10266;526
10268;526
10270;526
10272;526
10274;526
10276;526
10278;526
10280;526
10282;526
10284;526
10286;526
10288;526
10290;526
10292;526
10294;526
10296;526
10298;526
10300;526
10302;526
10304;526
10306;526
10308;526
10310;526
10312;526
10314;526
10316;526
10318;526
10320;526
10322;526
10324;526
10326;526
10328;526
10330;526
10332;526
10334;526
10336;526
10338;526
10340;526
10342;526
10344;526
10346;526
10348;526
10350;526
10352;526
10354;526
10356;526
10358;526
10360;526
10362;526
10364;526
10366;526
10368;526
10370;526
10372;526
10374;526
10376;526
10378;526
10380;526
10382;526
10384;526
10386;526
10388;526
10390;526
10392;526
10394;526
10396;526
10398;526
10400;526
10402;526
10404;526
10406;526
10408;526
10410;526
10412;526
10414;526
10416;526
10418;526
10420;526
10422;526
10424;526
10426;526
10428;526
10430;526
10432;526
10434;526
10436;526
10438;526
10440;526
10442;526
10444;526
10446;526
10448;526
10450;526
10452;526
10454;526
10456;526
10458;526
10460;526
10462;526
10464;526
10466;526
10468;526
10470;526
10472;526
10474;526
10476;526
10478;526
10480;526
10482;526
10484;526
10486;526
10488;526
10490;526
10492;526
10494;526
10496;526
10498;526
10500;526
10502;526
10504;526
10506;526
10508;526
10510;526
10512;526
10514;526
10516;526
10518;526
10520;526
10522;526
10524;526
10526;526
10528;526
10530;526
10532;526
10534;526
10536;526
10538;526
10540;526
10542;526
10544;526
10546;526
10548;526
10550;526
10552;526
10554;526
10556;526
10558;526
10560;526
10562;526
10564;526
10566;526
10568;526
10570;526
10572;526
10574;526
10576;526
10578;526
10580;526
10582;526
10584;526
10586;526
10588;526
10590;526
10592;526
10594;526
10596;526
10598;526
10600;526
10602;526
10604;526
10606;526
10608;526
10610;526
10612;526
10614;526
10616;526
10618;526
10620;526
10622;526
10624;526
10626;526
10628;526
10630;526
10632;526
10634;526
10636;526
10638;526
10640;526
10642;526
10644;526
10646;526
10648;526
10650;526
10652;526
10654;526
10656;526
10658;526
10660;526
10662;526
10664;526
10666;526
10668;526
10670;526
10672;526
10674;526
10676;526
10678;526
10680;526
10682;526
10684;526
10686;526
10688;526
10690;526
10692;526
10694;526
10696;526
10698;526
10700;526
10702;526
10704;526
10706;526
10708;526
10710;526
10712;526
10714;526
10716;526
10718;526
10720;526
10722;526
10724;526
10726;526
10728;526
10730;526
10732;526
10734;526
10736;526
10738;526
10740;526
10742;526
10744;526
10746;526
10748;526
10750;526
10752;526
10754;526
10756;526
10758;526
10760;526
10762;526
10764;526
10766;526
10768;526
10770;526
10772;526
10774;526
10776;526
10778;526
10780;526
10782;526
10784;526
10786;526
10788;526
10790;526
10792;526
10794;526
10796;526
10798;526
10800;393
10802;393
10804;393
10806;393
10808;393
10810;393
10812;393
10814;393
10816;393
10818;393
10820;393
10822;393
10824;393
10826;393
10828;393
10830;393
10832;393
10834;393
10836;393
10838;393
10840;393
10842;393
10844;393
10846;393
10848;393
10850;393
10852;393
10854;393
10856;393
10858;393
10860;393
10862;393
10864;393
10866;393
10868;393
10870;393
10872;393
10874;393
10876;393
10878;393
10880;393
10882;393
10884;393
10886;393
10888;393
10890;393
10892;393
10894;393
10896;393
10898;393
10900;393
10902;393
10904;393
10906;393
10908;393
10910;393
10912;393
10914;393
10916;393
10918;393
10920;393
10922;393
10924;393
10926;393
10928;393
10930;393
10932;393
10934;393
10936;393
10938;393
10940;393
10942;393
10944;393
10946;393
10948;393
10950;393
10952;393
10954;393
10956;393
10958;393
10960;393
10962;393
10964;393
10966;393
10968;393
10970;393
10972;393
10974;393
10976;393
10978;393
10980;393
10982;393
10984;393
10986;393
10988;393
10990;393
10992;393
10994;393
10996;393
10998;393
11000;393
11002;393
11004;393
11006;393
11008;393
11010;393
11012;393
11014;393
11016;393
11018;393
11020;393
11022;393
11024;393
11026;393
11028;393
11030;393
11032;393
11034;393
11036;393
11038;393
11040;393
11042;393
11044;393
11046;393
11048;393
11050;393
11052;393
11054;393
11056;393
11058;393
11060;393
11062;393
11064;393
11066;393
11068;393
11070;393
11072;393
11074;393
11076;393
11078;393
11080;393
11082;393
11084;393
11086;393
11088;393
11090;393
11092;393
11094;393
11096;393
11098;393
11100;393
11102;393
11104;393
11106;393
11108;393
11110;393
11112;393
11114;393
11116;393
11118;393
11120;393
11122;393
11124;393
11126;393
11128;393
11130;393
11132;393
11134;393
11136;393
11138;393
11140;393
11142;393
11144;393
11146;393
11148;393
11150;393
11152;393
11154;393
11156;393
11158;393
11160;393
11162;393
11164;393
11166;393
11168;393
11170;393
11172;393
11174;393
11176;393
11178;393
11180;393
11182;393
11184;393
11186;393
11188;393
11190;393
11192;393
11194;393
11196;393
11198;393
11200;393
11202;393
11204;393
11206;393
11208;393
11210;393
11212;393
11214;393
11216;393
11218;393
11220;393
11222;393
11224;393
11226;393
11228;393
11230;393
11232;393
11234;393
11236;393
11238;393
11240;393
11242;393
11244;393
11246;393
11248;393
11250;393
11252;393
11254;393
11256;393
11258;393
11260;393
11262;393
11264;393
11266;393
11268;393
11270;393
11272;393
11274;393
11276;393
11278;393
11280;393
11282;393
11284;393
11286;393
11288;393
11290;393
11292;393
11294;393
11296;393
11298;393
11300;393
11302;393
11304;393
11306;393
11308;393
11310;393
11312;393
11314;393
11316;393
11318;393
11320;393
11322;393
11324;393
11326;393
11328;393
11330;393
11332;393
11334;393
11336;393
11338;393
11340;393
11342;393
11344;393
11346;393
11348;393
11350;393
11352;393
11354;393
11356;393
11358;393
11360;393
11362;393
11364;393
11366;393
11368;393
11370;393
11372;393
11374;393
11376;393
11378;393
11380;393
11382;393
11384;393
11386;393
11388;393
11390;393
11392;393
11394;393
11396;393
11398;393
11400;393
11402;393
11404;393
11406;393
11408;393
11410;393
11412;393
11414;393
11416;393
11418;393
11420;393
11422;393
11424;393
11426;393
11428;393
11430;393
11432;393
11434;393
11436;393
11438;393
11440;393
11442;393
11444;393
11446;393
11448;393
11450;393
11452;393
11454;393
11456;393
11458;393
11460;393
11462;393
11464;393
11466;393
11468;393
11470;393
11472;393
11474;393
11476;393
11478;393
11480;393
11482;393
11484;393
11486;393
11488;393
11490;393
11492;393
11494;393
11496;393
11498;393
11500;393
11502;393
11504;393
11506;393
11508;393
11510;393
11512;393
11514;393
11516;393
11518;393
11520;393
11522;393
11524;393
11526;393
11528;393
11530;393
11532;393
11534;393
11536;393
11538;393
11540;393
11542;393
11544;393
11546;393
11548;393
11550;393
11552;393
11554;393
11556;393
11558;393
11560;393
11562;393
11564;393
11566;393
11568;393
11570;393
11572;393
11574;393
11576;393
11578;393
11580;393
11582;393
11584;393
11586;393
11588;393
11590;393
11592;393
11594;393
11596;393
11598;393
11600;393
11602;393
11604;393
11606;393
11608;393
11610;393
11612;393
11614;393
11616;393
11618;393
11620;393
11622;393
11624;393
11626;393
11628;393
11630;393
11632;393
11634;393
11636;393
11638;393
11640;393
11642;393
11644;393
11646;393
11648;393
11650;393
11652;393
11654;393
11656;393
11658;393
11660;393
11662;393
11664;393
11666;393
11668;393
11670;393
11672;393
11674;393
11676;393
11678;393
11680;393
11682;393
11684;393
11686;393
11688;393
11690;393
11692;393
11694;393
11696;393
11698;393
11700;281
11702;281
11704;281
11706;281
11708;281
11710;281
11712;281
11714;281
11716;281
11718;281
11720;281
11722;281
11724;281
11726;281
11728;281
11730;281
11732;281
11734;281
11736;281
11738;281
11740;281
11742;281
11744;281
11746;281
11748;281
11750;281
11752;281
11754;281
11756;281
11758;281
11760;281
11762;281
11764;281
11766;281
11768;281
11770;281
11772;281
11774;281
11776;281
11778;281
11780;281
11782;281
11784;281
11786;281
11788;281
11790;281
11792;281
11794;281
11796;281
11798;281
11800;281
11802;281
11804;281
11806;281
11808;281
11810;281
11812;281
11814;281
11816;281
11818;281
11820;281
11822;281
11824;281
11826;281
11828;281
11830;281
11832;281
11834;281
11836;281
11838;281
11840;281
11842;281
11844;281
11846;281
11848;281
11850;281
11852;281
11854;281
11856;281
11858;281
11860;281
11862;281
11864;281
11866;281
11868;281
11870;281
11872;281
11874;281
11876;281
11878;281
11880;281
11882;281
11884;281
11886;281
11888;281
11890;281
11892;281
11894;281
11896;281
11898;281
11900;281
11902;281
11904;281
11906;281
11908;281
11910;281
11912;281
11914;281
11916;281
11918;281
11920;281
11922;281
11924;281
11926;281
11928;281
11930;281
11932;281
11934;281
11936;281
11938;281
11940;281
11942;281
11944;281
11946;281
11948;281
11950;281
11952;281
11954;281
11956;281
11958;281
11960;281
11962;281
11964;281
11966;281
11968;281
11970;281
11972;281
11974;281
11976;281
11978;281
11980;281
11982;281
11984;281
11986;281
11988;281
11990;281
11992;281
11994;281
11996;281
11998;281
12000;281
12002;281
12004;281
12006;281
12008;281
12010;281
12012;281
12014;281
12016;281
12018;281
12020;281
12022;281
12024;281
12026;281
12028;281
12030;281
12032;281
12034;281
12036;281
12038;281
12040;281
12042;281
12044;281
12046;281
12048;281
12050;281
12052;281
12054;281
12056;281
12058;281
12060;281
12062;281
12064;281
12066;281
12068;281
12070;281
12072;281
12074;281
12076;281
12078;281
12080;281
12082;281
12084;281
12086;281
12088;281
12090;281
12092;281
12094;281
12096;281
12098;281
12100;281
12102;281
12104;281
12106;281
12108;281
12110;281
12112;281
12114;281
12116;281
12118;281
12120;281
12122;281
12124;281
12126;281
12128;281
12130;281
12132;281
12134;281
12136;281
12138;281
12140;281
12142;281
12144;281
12146;281
12148;281
12150;281
12152;281
12154;281
12156;281
12158;281
12160;281
12162;281
12164;281
12166;281
12168;281
12170;281
12172;281
12174;281
12176;281
12178;281
12180;281
12182;281
12184;281
12186;281
12188;281
12190;281
12192;281
12194;281
12196;281
12198;281
12200;281
12202;281
12204;281
12206;281
12208;281
12210;281
12212;281
12214;281
12216;281
12218;281
12220;281
12222;281
12224;281
12226;281
12228;281
12230;281
12232;281
12234;281
12236;281
12238;281
12240;281
12242;281
12244;281
12246;281
12248;281
12250;281
12252;281
12254;281
12256;281
12258;281
12260;281
12262;281
12264;281
12266;281
12268;281
12270;281
12272;281
12274;281
12276;281
12278;281
12280;281
12282;281
12284;281
12286;281
12288;281
12290;281
12292;281
12294;281
12296;281
12298;281
12300;281
12302;281
12304;281
12306;281
12308;281
12310;281
12312;281
12314;281
12316;281
12318;281
12320;281
12322;281
12324;281
12326;281
12328;281
12330;281
12332;281
12334;281
12336;281
12338;281
12340;281
12342;281
12344;281
12346;281
12348;281
12350;281
12352;281
12354;281
12356;281
12358;281
12360;281
12362;281
12364;281
12366;281
12368;281
12370;281
12372;281
12374;281
12376;281
12378;281
12380;281
12382;281
12384;281
12386;281
12388;281
12390;281
12392;281
12394;281
12396;281
12398;281
12400;281
12402;281
12404;281
12406;281
12408;281
12410;281
12412;281
12414;281
12416;281
12418;281
12420;281
12422;281
12424;281
12426;281
12428;281
12430;281
12432;281
12434;281
12436;281
12438;281
12440;281
12442;281
12444;281
12446;281
12448;281
12450;281
12452;281
12454;281
12456;281
12458;281
12460;281
12462;281
12464;281
12466;281
12468;281
12470;281
12472;281
12474;281
12476;281
12478;281
12480;281
12482;281
12484;281
12486;281
12488;281
12490;281
12492;281
12494;281
12496;281
12498;281
12500;281
12502;281
12504;281
12506;281
12508;281
12510;281
12512;281
12514;281
12516;281
12518;281
12520;281
12522;281
12524;281
12526;281
12528;281
12530;281
12532;281
12534;281
12536;281
12538;281
12540;281
12542;281
12544;281
12546;281
12548;281
12550;281
12552;281
12554;281
12556;281
12558;281
12560;281
12562;281
12564;281
12566;281
12568;281
12570;281
12572;281
12574;281
12576;281
12578;281
12580;281
12582;281
12584;281
12586;281
12588;281
12590;281
12592;281
12594;281
12596;281
12598;281
12600;333
12602;333
12604;333
12606;333
12608;333
12610;333
12612;333
12614;333
12616;333
12618;333
12620;333
12622;333
12624;333
12626;333
12628;333
12630;333
12632;333
12634;333
12636;333
12638;333
12640;333
12642;333
12644;333
12646;333
12648;333
12650;333
12652;333
12654;333
12656;333
12658;333
12660;333
12662;333
12664;333
12666;333
12668;333
12670;333
12672;333
12674;333
12676;333
12678;333
12680;333
12682;333
12684;333
12686;333
12688;333
12690;333
12692;333
12694;333
12696;333
12698;333
12700;333
12702;333
12704;333
12706;333
12708;333
12710;333
12712;333
12714;333
12716;333
12718;333
12720;333
12722;333
12724;333
12726;333
12728;333
12730;333
12732;333
12734;333
12736;333
12738;333
12740;333
12742;333
12744;333
12746;333
12748;333
12750;333
12752;333
12754;333
12756;333
12758;333
12760;333
12762;333
12764;333
12766;333
12768;333
12770;333
12772;333
12774;333
12776;333
12778;333
12780;333
12782;333
12784;333
12786;333
12788;333
12790;333
12792;333
12794;333
12796;333
12798;333
12800;333
12802;333
12804;333
12806;333
12808;333
12810;333
12812;333
12814;333
12816;333
12818;333
12820;333
12822;333
12824;333
12826;333
12828;333
12830;333
12832;333
12834;333
12836;333
12838;333
12840;333
12842;333
12844;333
12846;333
12848;333
12850;333
12852;333
12854;333
12856;333
12858;333
12860;333
12862;333
12864;333
12866;333
12868;333
12870;333
12872;333
12874;333
12876;333
12878;333
12880;333
12882;333
12884;333
12886;333
12888;333
12890;333
12892;333
12894;333
12896;333
12898;333
12900;333
12902;333
12904;333
12906;333
12908;333
12910;333
12912;333
12914;333
12916;333
12918;333
12920;333
12922;333
12924;333
12926;333
12928;333
12930;333
12932;333
12934;333
12936;333
12938;333
12940;333
12942;333
12944;333
12946;333
12948;333
12950;333
12952;333
12954;333
12956;333
12958;333
12960;333
12962;333
12964;333
12966;333
12968;333
12970;333
12972;333
12974;333
12976;333
12978;333
12980;333
12982;333
12984;333
12986;333
12988;333
12990;333
12992;333
12994;333
12996;333
12998;333
13000;333
13002;333
13004;333
13006;333
13008;333
13010;333
13012;333
13014;333
13016;333
13018;333
13020;333
13022;333
13024;333
13026;333
13028;333
13030;333
13032;333
13034;333
13036;333
13038;333
13040;333
13042;333
13044;333
13046;333
13048;333
13050;333
13052;333
13054;333
13056;333
13058;333
13060;333
13062;333
13064;333
13066;333
13068;333
13070;333
13072;333
13074;333
13076;333
13078;333
13080;333
13082;333
13084;333
13086;333
13088;333
13090;333
13092;333
13094;333
13096;333
13098;333
13100;333
13102;333
13104;333
13106;333
13108;333
13110;333
13112;333
13114;333
13116;333
13118;333
13120;333
13122;333
13124;333
13126;333
13128;333
13130;333
13132;333
13134;333
13136;333
13138;333
13140;333
13142;333
13144;333
13146;333
13148;333
13150;333
13152;333
13154;333
13156;333
13158;333
13160;333
13162;333
13164;333
13166;333
13168;333
13170;333
13172;333
13174;333
13176;333
13178;333
13180;333
13182;333
13184;333
13186;333
13188;333
13190;333
13192;333
13194;333
13196;333
13198;333
13200;333
13202;333
13204;333
13206;333
13208;333
13210;333
13212;333
13214;333
13216;333
13218;333
13220;333
13222;333
13224;333
13226;333
13228;333
13230;333
13232;333
13234;333
13236;333
13238;333
13240;333
13242;333
13244;333
13246;333
13248;333
13250;333
13252;333
13254;333
13256;333
13258;333
13260;333
13262;333
13264;333
13266;333
13268;333
13270;333
13272;333
13274;333
13276;333
13278;333
13280;333
13282;333
13284;333
13286;333
13288;333
13290;333
13292;333
13294;333
13296;333
13298;333
13300;333
13302;333
13304;333
13306;333
13308;333
13310;333
13312;333
13314;333
13316;333
13318;333
13320;333
13322;333
13324;333
13326;333
13328;333
13330;333
13332;333
13334;333
13336;333
13338;333
13340;333
13342;333
13344;333
13346;333
13348;333
13350;333
13352;333
13354;333
13356;333
13358;333
13360;333
13362;333
13364;333
13366;333
13368;333
13370;333
13372;333
13374;333
13376;333
13378;333
13380;333
13382;333
13384;333
13386;333
13388;333
13390;333
13392;333
13394;333
13396;333
13398;333
13400;333
13402;333
13404;333
13406;333
13408;333
13410;333
13412;333
13414;333
13416;333
13418;333
13420;333
13422;333
13424;333
13426;333
13428;333
13430;333
13432;333
13434;333
13436;333
13438;333
13440;333
13442;333
13444;333
13446;333
13448;333
13450;333
13452;333
13454;333
13456;333
13458;333
13460;333
13462;333
13464;333
13466;333
13468;333
13470;333
13472;333
13474;333
13476;333
13478;333
13480;333
13482;333
13484;333
13486;333
13488;333
13490;333
13492;333
13494;333
13496;333
13498;333
13500;407
13502;407
13504;407
13506;407
13508;407
13510;407
13512;407
13514;407
13516;407
13518;407
13520;407
13522;407
13524;407
13526;407
13528;407
13530;407
13532;407
13534;407
13536;407
13538;407
13540;407
13542;407
13544;407
13546;407
13548;407
13550;407
13552;407
13554;407
13556;407
13558;407
13560;407
13562;407
13564;407
13566;407
13568;407
13570;407
13572;407
13574;407
13576;407
13578;407
13580;407
13582;407
13584;407
13586;407
13588;407
13590;407
13592;407
13594;407
13596;407
13598;407
13600;407
13602;407
13604;407
13606;407
13608;407
13610;407
13612;407
13614;407
13616;407
13618;407
13620;407
13622;407
13624;407
13626;407
13628;407
13630;407
13632;407
13634;407
13636;407
13638;407
13640;407
13642;407
13644;407
13646;407
13648;407
13650;407
13652;407
13654;407
13656;407
13658;407
13660;407
13662;407
13664;407
13666;407
13668;407
13670;407
13672;407
13674;407
13676;407
13678;407
13680;407
13682;407
13684;407
13686;407
13688;407
13690;407
13692;407
13694;407
13696;407
13698;407
13700;407
13702;407
13704;407
13706;407
13708;407
13710;407
13712;407
13714;407
13716;407
13718;407
13720;407
13722;407
13724;407
13726;407
13728;407
13730;407
13732;407
13734;407
13736;407
13738;407
13740;407
13742;407
13744;407
13746;407
13748;407
13750;407
13752;407
13754;407
13756;407
13758;407
13760;407
13762;407
13764;407
13766;407
13768;407
13770;407
13772;407
13774;407
13776;407
13778;407
13780;407
13782;407
13784;407
13786;407
13788;407
13790;407
13792;407
13794;407
13796;407
13798;407
13800;407
13802;407
13804;407
13806;407
13808;407
13810;407
13812;407
13814;407
13816;407
13818;407
13820;407
13822;407
13824;407
13826;407
13828;407
13830;407
13832;407
13834;407
13836;407
13838;407
13840;407
13842;407
13844;407
13846;407
13848;407
13850;407
13852;407
13854;407
13856;407
13858;407
13860;407
13862;407
13864;407
13866;407
13868;407
13870;407
13872;407
13874;407
13876;407
13878;407
13880;407
13882;407
13884;407
13886;407
13888;407
13890;407
13892;407
13894;407
13896;407
13898;407
13900;407
13902;407
13904;407
13906;407
13908;407
13910;407
13912;407
13914;407
13916;407
13918;407
13920;407
13922;407
13924;407
13926;407
13928;407
13930;407
13932;407
13934;407
13936;407
13938;407
13940;407
13942;407
13944;407
13946;407
13948;407
13950;407
13952;407
13954;407
13956;407
13958;407
13960;407
13962;407
13964;407
13966;407
13968;407
13970;407
13972;407
13974;407
13976;407
13978;407
13980;407
13982;407
13984;407
13986;407
13988;407
13990;407
13992;407
13994;407
13996;407
13998;407
14000;407
14002;407
14004;407
14006;407
14008;407
14010;407
14012;407
14014;407
14016;407
14018;407
14020;407
14022;407
14024;407
14026;407
14028;407
14030;407
14032;407
14034;407
14036;407
14038;407
14040;407
14042;407
14044;407
14046;407
14048;407
14050;407
14052;407
14054;407
14056;407
14058;407
14060;407
14062;407
14064;407
14066;407
14068;407
14070;407
14072;407
14074;407
14076;407
14078;407
14080;407
14082;407
14084;407
14086;407
14088;407
14090;407
14092;407
14094;407
14096;407
14098;407
14100;407
14102;407
14104;407
14106;407
14108;407
14110;407
14112;407
14114;407
14116;407
14118;407
14120;407
14122;407
14124;407
14126;407
14128;407
14130;407
14132;407
14134;407
14136;407
14138;407
14140;407
14142;407
14144;407
14146;407
14148;407
14150;407
14152;407
14154;407
14156;407
14158;407
14160;407
14162;407
14164;407
14166;407
14168;407
14170;407
14172;407
14174;407
14176;407
14178;407
14180;407
14182;407
14184;407
14186;407
14188;407
14190;407
14192;407
14194;407
14196;407
14198;407
14200;407
14202;407
14204;407
14206;407
14208;407
14210;407
14212;407
14214;407
14216;407
14218;407
14220;407
14222;407
14224;407
14226;407
14228;407
14230;407
14232;407
14234;407
14236;407
14238;407
14240;407
14242;407
14244;407
14246;407
14248;407
14250;407
14252;407
14254;407
14256;407
14258;407
14260;407
14262;407
14264;407
14266;407
14268;407
14270;407
14272;407
14274;407
14276;407
14278;407
14280;407
14282;407
14284;407
14286;407
14288;407
14290;407
14292;407
14294;407
14296;407
14298;407
14300;407
14302;407
14304;407
14306;407
14308;407
14310;407
14312;407
14314;407
14316;407
14318;407
14320;407
14322;407
14324;407
14326;407
14328;407
14330;407
14332;407
14334;407
14336;407
14338;407
14340;407
14342;407
14344;407
14346;407
14348;407
14350;407
14352;407
14354;407
14356;407
14358;407
14360;407
14362;407
14364;407
14366;407
14368;407
14370;407
14372;407
14374;407
14376;407
14378;407
14380;407
14382;407
14384;407
14386;407
14388;407
14390;407
14392;407
14394;407
14396;407
14398;407
14400;406
14402;406
14404;406
14406;406
14408;406
14410;406
14412;406
14414;406
14416;406
14418;406
14420;406
14422;406
14424;406
14426;406
14428;406
14430;406
14432;406
14434;406
14436;406
14438;406
14440;406
14442;406
14444;406
14446;406
14448;406
14450;406
14452;406
14454;406
14456;406
14458;406
14460;406
14462;406
14464;406
14466;406
14468;406
14470;406
14472;406
14474;406
14476;406
14478;406
14480;406
14482;406
14484;406
14486;406
14488;406
14490;406
14492;406
14494;406
14496;406
14498;406
14500;406
14502;406
14504;406
14506;406
14508;406
14510;406
14512;406
14514;406
14516;406
14518;406
14520;406
14522;406
14524;406
14526;406
14528;406
14530;406
14532;406
14534;406
14536;406
14538;406
14540;406
14542;406
14544;406
14546;406
14548;406
14550;406
14552;406
14554;406
14556;406
14558;406
14560;406
14562;406
14564;406
14566;406
14568;406
14570;406
14572;406
14574;406
14576;406
14578;406
14580;406
14582;406
14584;406
14586;406
14588;406
14590;406
14592;406
14594;406
14596;406
14598;406
14600;406
14602;406
14604;406
14606;406
14608;406
14610;406
14612;406
14614;406
14616;406
14618;406
14620;406
14622;406
14624;406
14626;406
14628;406
14630;406
14632;406
14634;406
14636;406
14638;406
14640;406
14642;406
14644;406
14646;406
14648;406
14650;406
14652;406
14654;406
14656;406
14658;406
14660;406
14662;406
14664;406
14666;406
14668;406
14670;406
14672;406
14674;406
14676;406
14678;406
14680;406
14682;406
14684;406
14686;406
14688;406
14690;406
14692;406
14694;406
14696;406
14698;406
14700;406
14702;406
14704;406
14706;406
14708;406
14710;406
14712;406
14714;406
14716;406
14718;406
14720;406
14722;406
14724;406
14726;406
14728;406
14730;406
14732;406
14734;406
14736;406
14738;406
14740;406
14742;406
14744;406
14746;406
14748;406
14750;406
14752;406
14754;406
14756;406
14758;406
14760;406
14762;406
14764;406
14766;406
14768;406
14770;406
14772;406
14774;406
14776;406
14778;406
14780;406
14782;406
14784;406
14786;406
14788;406
14790;406
14792;406
14794;406
14796;406
14798;406
14800;406
14802;406
14804;406
14806;406
14808;406
14810;406
14812;406
14814;406
14816;406
14818;406
14820;406
14822;406
14824;406
14826;406
14828;406
14830;406
14832;406
14834;406
14836;406
14838;406
14840;406
14842;406
14844;406
14846;406
14848;406
14850;406
14852;406
14854;406
14856;406
14858;406
14860;406
14862;406
14864;406
14866;406
14868;406
14870;406
14872;406
14874;406
14876;406
14878;406
14880;406
14882;406
14884;406
14886;406
14888;406
14890;406
14892;406
14894;406
14896;406
14898;406
14900;406
14902;406
14904;406
14906;406
14908;406
14910;406
14912;406
14914;406
14916;406
14918;406
14920;406
14922;406
14924;406
14926;406
14928;406
14930;406
14932;406
14934;406
14936;406
14938;406
14940;406
14942;406
14944;406
14946;406
14948;406
14950;406
14952;406
14954;406
14956;406
14958;406
14960;406
14962;406
14964;406
14966;406
14968;406
14970;406
14972;406
14974;406
14976;406
14978;406
14980;406
14982;406
14984;406
14986;406
14988;406
14990;406
14992;406
14994;406
14996;406
14998;406
15000;406
15002;406
15004;406
15006;406
15008;406
15010;406
15012;406
15014;406
15016;406
15018;406
15020;406
15022;406
15024;406
15026;406
15028;406
15030;406
15032;406
15034;406
15036;406
15038;406
15040;406
15042;406
15044;406
15046;406
15048;406
15050;406
15052;406
15054;406
15056;406
15058;406
15060;406
15062;406
15064;406
15066;406
15068;406
15070;406
15072;406
15074;406
15076;406
15078;406
15080;406
15082;406
15084;406
15086;406
15088;406
15090;406
15092;406
15094;406
15096;406
15098;406
15100;406
15102;406
15104;406
15106;406
15108;406
15110;406
15112;406
15114;406
15116;406
15118;406
15120;406
15122;406
15124;406
15126;406
15128;406
15130;406
15132;406
15134;406
15136;406
15138;406
15140;406
15142;406
15144;406
15146;406
15148;406
15150;406
15152;406
15154;406
15156;406
15158;406
15160;406
15162;406
15164;406
15166;406
15168;406
15170;406
15172;406
15174;406
15176;406
15178;406
15180;406
15182;406
15184;406
15186;406
15188;406
15190;406
15192;406
15194;406
15196;406
15198;406
15200;406
15202;406
15204;406
15206;406
15208;406
15210;406
15212;406
15214;406
15216;406
15218;406
15220;406
15222;406
15224;406
15226;406
15228;406
15230;406
15232;406
15234;406
15236;406
15238;406
15240;406
15242;406
15244;406
15246;406
15248;406
15250;406
15252;406
15254;406
15256;406
15258;406
15260;406
15262;406
15264;406
15266;406
15268;406
15270;406
15272;406
15274;406
15276;406
15278;406
15280;406
15282;406
15284;406
15286;406
15288;406
15290;406
15292;406
15294;406
15296;406
15298;406
15300;404
15302;404
15304;404
15306;404
15308;404
15310;404
15312;404
15314;404
15316;404
15318;404
15320;404
15322;404
15324;404
15326;404
15328;404
15330;404
15332;404
15334;404
15336;404
15338;404
15340;404
15342;404
15344;404
15346;404
15348;404
15350;404
15352;404
15354;404
15356;404
15358;404
15360;404
15362;404
15364;404
15366;404
15368;404
15370;404
15372;404
15374;404
15376;404
15378;404
15380;404
15382;404
15384;404
15386;404
15388;404
15390;404
15392;404
15394;404
15396;404
15398;404
15400;404
15402;404
15404;404
15406;404
15408;404
15410;404
15412;404
15414;404
15416;404
15418;404
15420;404
15422;404
15424;404
15426;404
15428;404
15430;404
15432;404
15434;404
15436;404
15438;404
15440;404
15442;404
15444;404
15446;404
15448;404
15450;404
15452;404
15454;404
15456;404
15458;404
15460;404
15462;404
15464;404
15466;404
15468;404
15470;404
15472;404
15474;404
15476;404
15478;404
15480;404
15482;404
15484;404
15486;404
15488;404
15490;404
15492;404
15494;404
15496;404
15498;404
15500;404
15502;404
15504;404
15506;404
15508;404
15510;404
15512;404
15514;404
15516;404
15518;404
15520;404
15522;404
15524;404
15526;404
15528;404
15530;404
15532;404
15534;404
15536;404
15538;404
15540;404
15542;404
15544;404
15546;404
15548;404
15550;404
15552;404
15554;404
15556;404
15558;404
15560;404
15562;404
15564;404
15566;404
15568;404
15570;404
15572;404
15574;404
15576;404
15578;404
15580;404
15582;404
15584;404
15586;404
15588;404
15590;404
15592;404
15594;404
15596;404
15598;404
15600;404
15602;404
15604;404
15606;404
15608;404
15610;404
15612;404
15614;404
15616;404
15618;404
15620;404
15622;404
15624;404
15626;404
15628;404
15630;404
15632;404
15634;404
15636;404
15638;404
15640;404
15642;404
15644;404
15646;404
15648;404
15650;404
15652;404
15654;404
15656;404
15658;404
15660;404
15662;404
15664;404
15666;404
15668;404
15670;404
15672;404
15674;404
15676;404
15678;404
15680;404
15682;404
15684;404
15686;404
15688;404
15690;404
15692;404
15694;404
15696;404
15698;404
15700;404
15702;404
15704;404
15706;404
15708;404
15710;404
15712;404
15714;404
15716;404
15718;404
15720;404
15722;404
15724;404
15726;404
15728;404
15730;404
15732;404
15734;404
15736;404
15738;404
15740;404
15742;404
15744;404
15746;404
15748;404
15750;404
15752;404
15754;404
15756;404
15758;404
15760;404
15762;404
15764;404
15766;404
15768;404
15770;404
15772;404
15774;404
15776;404
15778;404
15780;404
15782;404
15784;404
15786;404
15788;404
15790;404
15792;404
15794;404
15796;404
15798;404
15800;404
15802;404
15804;404
15806;404
15808;404
15810;404
15812;404
15814;404
15816;404
15818;404
15820;404
15822;404
15824;404
15826;404
15828;404
15830;404
15832;404
15834;404
15836;404
15838;404
15840;404
15842;404
15844;404
15846;404
15848;404
15850;404
15852;404
15854;404
15856;404
15858;404
15860;404
15862;404
15864;404
15866;404
15868;404
15870;404
15872;404
15874;404
15876;404
15878;404
15880;404
15882;404
15884;404
15886;404
15888;404
15890;404
15892;404
15894;404
15896;404
15898;404
15900;404
15902;404
15904;404
15906;404
15908;404
15910;404
15912;404
15914;404
15916;404
15918;404
15920;404
15922;404
15924;404
15926;404
15928;404
15930;404
15932;404
15934;404
15936;404
15938;404
15940;404
15942;404
15944;404
15946;404
15948;404
15950;404
15952;404
15954;404
15956;404
15958;404
15960;404
15962;404
15964;404
15966;404
15968;404
15970;404
15972;404
15974;404
15976;404
15978;404
15980;404
15982;404
15984;404
15986;404
15988;404
15990;404
15992;404
15994;404
15996;404
15998;404
16000;404
16002;404
16004;404
16006;404
16008;404
16010;404
16012;404
16014;404
16016;404
16018;404
16020;404
16022;404
16024;404
16026;404
16028;404
16030;404
16032;404
16034;404
16036;404
16038;404
16040;404
16042;404
16044;404
16046;404
16048;404
16050;404
16052;404
16054;404
16056;404
16058;404
16060;404
16062;404
16064;404
16066;404
16068;404
16070;404
16072;404
16074;404
16076;404
16078;404
16080;404
16082;404
16084;404
16086;404
16088;404
16090;404
16092;404
16094;404
16096;404
16098;404
16100;404
16102;404
16104;404
16106;404
16108;404
16110;404
16112;404
16114;404
16116;404
16118;404
16120;404
16122;404
16124;404
16126;404
16128;404
16130;404
16132;404
16134;404
16136;404
16138;404
16140;404
16142;404
16144;404
16146;404
16148;404
16150;404
16152;404
16154;404
16156;404
16158;404
16160;404
16162;404
16164;404
16166;404
16168;404
16170;404
16172;404
16174;404
16176;404
16178;404
16180;404
16182;404
16184;404
16186;404
16188;404
16190;404
16192;404
16194;404
16196;404
16198;404
16200;387
16202;387
16204;387
16206;387
16208;387
16210;387
16212;387
16214;387
16216;387
16218;387
16220;387
16222;387
16224;387
16226;387
16228;387
16230;387
16232;387
16234;387
16236;387
16238;387
16240;387
16242;387
16244;387
16246;387
16248;387
16250;387
16252;387
16254;387
16256;387
16258;387
16260;387
16262;387
16264;387
16266;387
16268;387
16270;387
16272;387
16274;387
16276;387
16278;387
16280;387
16282;387
16284;387
16286;387
16288;387
16290;387
16292;387
16294;387
16296;387
16298;387
16300;387
16302;387
16304;387
16306;387
16308;387
16310;387
16312;387
16314;387
16316;387
16318;387
16320;387
16322;387
16324;387
16326;387
16328;387
16330;387
16332;387
16334;387
16336;387
16338;387
16340;387
16342;387
16344;387
16346;387
16348;387
16350;387
16352;387
16354;387
16356;387
16358;387
16360;387
16362;387
16364;387
16366;387
16368;387
16370;387
16372;387
16374;387
16376;387
16378;387
16380;387
16382;387
16384;387
16386;387
16388;387
16390;387
16392;387
16394;387
16396;387
16398;387
16400;387
16402;387
16404;387
16406;387
16408;387
16410;387
16412;387
16414;387
16416;387
16418;387
16420;387
16422;387
16424;387
16426;387
16428;387
16430;387
16432;387
16434;387
16436;387
16438;387
16440;387
16442;387
16444;387
16446;387
16448;387
16450;387
16452;387
16454;387
16456;387
16458;387
16460;387
16462;387
16464;387
16466;387
16468;387
16470;387
16472;387
16474;387
16476;387
16478;387
16480;387
16482;387
16484;387
16486;387
16488;387
16490;387
16492;387
16494;387
16496;387
16498;387
16500;387
16502;387
16504;387
16506;387
16508;387
16510;387
16512;387
16514;387
16516;387
16518;387
16520;387
16522;387
16524;387
16526;387
16528;387
16530;387
16532;387
16534;387
16536;387
16538;387
16540;387
16542;387
16544;387
16546;387
16548;387
16550;387
16552;387
16554;387
16556;387
16558;387
16560;387
16562;387
16564;387
16566;387
16568;387
16570;387
16572;387
16574;387
16576;387
16578;387
16580;387
16582;387
16584;387
16586;387
16588;387
16590;387
16592;387
16594;387
16596;387
16598;387
16600;387
16602;387
16604;387
16606;387
16608;387
16610;387
16612;387
16614;387
16616;387
16618;387
16620;387
16622;387
16624;387
16626;387
16628;387
16630;387
16632;387
16634;387
16636;387
16638;387
16640;387
16642;387
16644;387
16646;387
16648;387
16650;387
16652;387
16654;387
16656;387
16658;387
16660;387
16662;387
16664;387
16666;387
16668;387
16670;387
16672;387
16674;387
16676;387
16678;387
16680;387
16682;387
16684;387
16686;387
16688;387
16690;387
16692;387
16694;387
16696;387
16698;387
16700;387
16702;387
16704;387
16706;387
16708;387
16710;387
16712;387
16714;387
16716;387
16718;387
16720;387
16722;387
16724;387
16726;387
16728;387
16730;387
16732;387
16734;387
16736;387
16738;387
16740;387
16742;387
16744;387
16746;387
16748;387
16750;387
16752;387
16754;387
16756;387
16758;387
16760;387
16762;387
16764;387
16766;387
16768;387
16770;387
16772;387
16774;387
16776;387
16778;387
16780;387
16782;387
16784;387
16786;387
16788;387
16790;387
16792;387
16794;387
16796;387
16798;387
16800;387
16802;387
16804;387
16806;387
16808;387
16810;387
16812;387
16814;387
16816;387
16818;387
16820;387
16822;387
16824;387
16826;387
16828;387
16830;387
16832;387
16834;387
16836;387
16838;387
16840;387
16842;387
16844;387
16846;387
16848;387
16850;387
16852;387
16854;387
16856;387
16858;387
16860;387
16862;387
16864;387
16866;387
16868;387
16870;387
16872;387
16874;387
16876;387
16878;387
16880;387
16882;387
16884;387
16886;387
16888;387
16890;387
16892;387
16894;387
16896;387
16898;387
16900;387
16902;387
16904;387
16906;387
16908;387
16910;387
16912;387
16914;387
16916;387
16918;387
16920;387
16922;387
16924;387
16926;387
16928;387
16930;387
16932;387
16934;387
16936;387
16938;387
16940;387
16942;387
16944;387
16946;387
16948;387
16950;387
16952;387
16954;387
16956;387
16958;387
16960;387
16962;387
16964;387
16966;387
16968;387
16970;387
16972;387
16974;387
16976;387
16978;387
16980;387
16982;387
16984;387
16986;387
16988;387
16990;387
16992;387
16994;387
16996;387
16998;387
17000;387
17002;387
17004;387
17006;387
17008;387
17010;387
17012;387
17014;387
17016;387
17018;387
17020;387
17022;387
17024;387
17026;387
17028;387
17030;387
17032;387
17034;387
17036;387
17038;387
17040;387
17042;387
17044;387
17046;387
17048;387
17050;387
17052;387
17054;387
17056;387
17058;387
17060;387
17062;387
17064;387
17066;387
17068;387
17070;387
17072;387
17074;387
17076;387
17078;387
17080;387
17082;387
17084;387
17086;387
17088;387
17090;387
17092;387
17094;387
17096;387
17098;387
17100;292
17102;292
17104;292
17106;292
17108;292
17110;292
17112;292
17114;292
17116;292
17118;292
17120;292
17122;292
17124;292
17126;292
17128;292
17130;292
17132;292
17134;292
17136;292
17138;292
17140;292
17142;292
17144;292
17146;292
17148;292
17150;292
17152;292
17154;292
17156;292
17158;292
17160;292
17162;292
17164;292
17166;292
17168;292
17170;292
17172;292
17174;292
17176;292
17178;292
17180;292
17182;292
17184;292
17186;292
17188;292
17190;292
17192;292
17194;292
17196;292
17198;292
17200;292
17202;292
17204;292
17206;292
17208;292
17210;292
17212;292
17214;292
17216;292
17218;292
17220;292
17222;292
17224;292
17226;292
17228;292
17230;292
17232;292
17234;292
17236;292
17238;292
17240;292
17242;292
17244;292
17246;292
17248;292
17250;292
17252;292
17254;292
17256;292
17258;292
17260;292
17262;292
17264;292
17266;292
17268;292
17270;292
17272;292
17274;292
17276;292
17278;292
17280;292
17282;292
17284;292
17286;292
17288;292
17290;292
17292;292
17294;292
17296;292
17298;292
17300;292
17302;292
17304;292
17306;292
17308;292
17310;292
17312;292
17314;292
17316;292
17318;292
17320;292
17322;292
17324;292
17326;292
17328;292
17330;292
17332;292
17334;292
17336;292
17338;292
17340;292
17342;292
17344;292
17346;292
17348;292
17350;292
17352;292
17354;292
17356;292
17358;292
17360;292
17362;292
17364;292
17366;292
17368;292
17370;292
17372;292
17374;292
17376;292
17378;292
17380;292
17382;292
17384;292
17386;292
17388;292
17390;292
17392;292
17394;292
17396;292
17398;292
17400;292
17402;292
17404;292
17406;292
17408;292
17410;292
17412;292
17414;292
17416;292
17418;292
17420;292
17422;292
17424;292
17426;292
17428;292
17430;292
17432;292
17434;292
17436;292
17438;292
17440;292
17442;292
17444;292
17446;292
17448;292
17450;292
17452;292
17454;292
17456;292
17458;292
17460;292
17462;292
17464;292
17466;292
17468;292
17470;292
17472;292
17474;292
17476;292
17478;292
17480;292
17482;292
17484;292
17486;292
17488;292
17490;292
17492;292
17494;292
17496;292
17498;292
17500;292
17502;292
17504;292
17506;292
17508;292
17510;292
17512;292
17514;292
17516;292
17518;292
17520;292
17522;292
17524;292
17526;292
17528;292
17530;292
17532;292
17534;292
17536;292
17538;292
17540;292
17542;292
17544;292
17546;292
17548;292
17550;292
17552;292
17554;292
17556;292
17558;292
17560;292
17562;292
17564;292
17566;292
17568;292
17570;292
17572;292
17574;292
17576;292
17578;292
17580;292
17582;292
17584;292
17586;292
17588;292
17590;292
17592;292
17594;292
17596;292
17598;292
17600;292
17602;292
17604;292
17606;292
17608;292
17610;292
17612;292
17614;292
17616;292
17618;292
17620;292
17622;292
17624;292
17626;292
17628;292
17630;292
17632;292
17634;292
17636;292
17638;292
17640;292
17642;292
17644;292
17646;292
17648;292
17650;292
17652;292
17654;292
17656;292
17658;292
17660;292
17662;292
17664;292
17666;292
17668;292
17670;292
17672;292
17674;292
17676;292
17678;292
17680;292
17682;292
17684;292
17686;292
17688;292
17690;292
17692;292
17694;292
17696;292
17698;292
17700;292
17702;292
17704;292
17706;292
17708;292
17710;292
17712;292
17714;292
17716;292
17718;292
17720;292
17722;292
17724;292
17726;292
17728;292
17730;292
17732;292
17734;292
17736;292
17738;292
17740;292
17742;292
17744;292
17746;292
17748;292
17750;292
17752;292
17754;292
17756;292
17758;292
17760;292
17762;292
17764;292
17766;292
17768;292
17770;292
17772;292
17774;292
17776;292
17778;292
17780;292
17782;292
17784;292
17786;292
17788;292
17790;292
17792;292
17794;292
17796;292
17798;292
17800;292
17802;292
17804;292
17806;292
17808;292
17810;292
17812;292
17814;292
17816;292
17818;292
17820;292
17822;292
17824;292
17826;292
17828;292
17830;292
17832;292
17834;292
17836;292
17838;292
17840;292
17842;292
17844;292
17846;292
17848;292
17850;292
17852;292
17854;292
17856;292
17858;292
17860;292
17862;292
17864;292
17866;292
17868;292
17870;292
17872;292
17874;292
17876;292
17878;292
17880;292
17882;292
17884;292
17886;292
17888;292
17890;292
17892;292
17894;292
17896;292
17898;292
17900;292
17902;292
17904;292
17906;292
17908;292
17910;292
17912;292
17914;292
17916;292
17918;292
17920;292
17922;292
17924;292
17926;292
17928;292
17930;292
17932;292
17934;292
17936;292
17938;292
17940;292
17942;292
17944;292
17946;292
17948;292
17950;292
17952;292
17954;292
17956;292
17958;292
17960;292
17962;292
17964;292
17966;292
17968;292
17970;292
17972;292
17974;292
17976;292
17978;292
17980;292
17982;292
17984;292
17986;292
17988;292
17990;292
17992;292
17994;292
17996;292
