#	X	Y
0;136
2;136
4;136
6;136
8;136
10;136
12;136
14;136
16;136
18;136
20;136
22;136
24;136
26;136
28;136
30;136
32;136
34;136
36;136
38;136
40;136
42;136
44;136
46;136
48;136
50;136
52;136
54;136
56;136
58;136
60;136
62;136
64;136
66;136
68;136
70;136
72;136
74;136
76;136
78;136
80;136
82;136
84;136
86;136
88;136
90;136
92;136
94;136
96;136
98;136
100;136
102;136
104;136
106;136
108;136
110;136
112;136
114;136
116;136
118;136
120;136
122;136
124;136
126;136
128;136
130;136
132;136
134;136
136;136
138;136
140;136
142;136
144;136
146;136
148;136
150;136
152;136
154;136
156;136
158;136
160;136
162;136
164;136
166;136
168;136
170;136
172;136
174;136
176;136
178;136
180;136
182;136
184;136
186;136
188;136
190;136
192;136
194;136
196;136
198;136
200;136
202;136
204;136
206;136
208;136
210;136
212;136
214;136
216;136
218;136
220;136
222;136
224;136
226;136
228;136
230;136
232;136
234;136
236;136
238;136
240;136
242;136
244;136
246;136
248;136
250;136
252;136
254;136
256;136
258;136
260;136
262;136
264;136
266;136
268;136
270;136
272;136
274;136
276;136
278;136
280;136
282;136
284;136
286;136
288;136
290;136
292;136
294;136
296;136
298;136
300;136
302;136
304;136
306;136
308;136
310;136
312;136
314;136
316;136
318;136
320;136
322;136
324;136
326;136
328;136
330;136
332;136
334;136
336;136
338;136
340;136
342;136
344;136
346;136
348;136
350;136
352;136
354;136
356;136
358;136
360;136
362;136
364;136
366;136
368;136
370;136
372;136
374;136
376;136
378;136
380;136
382;136
384;136
386;136
388;136
390;136
392;136
394;136
396;136
398;136
400;136
402;136
404;136
406;136
408;136
410;136
412;136
414;136
416;136
418;136
420;136
422;136
424;136
426;136
428;136
430;136
432;136
434;136
436;136
438;136
440;136
442;136
444;136
446;136
448;136
450;136
452;136
454;136
456;136
458;136
460;136
462;136
464;136
466;136
468;136
470;136
472;136
474;136
476;136
478;136
480;136
482;136
484;136
486;136
488;136
490;136
492;136
494;136
496;136
498;136
500;136
502;136
504;136
506;136
508;136
510;136
512;136
514;136
516;136
518;136
520;136
522;136
524;136
526;136
528;136
530;136
532;136
534;136
536;136
538;136
540;136
542;136
544;136
546;136
548;136
550;136
552;136
554;136
556;136
558;136
560;136
562;136
564;136
566;136
568;136
570;136
572;136
574;136
576;136
578;136
580;136
582;136
584;136
586;136
588;136
590;136
592;136
594;136
596;136
598;136
600;136
602;136
604;136
606;136
608;136
610;136
612;136
614;136
616;136
618;136
620;136
622;136
624;136
626;136
628;136
630;136
632;136
634;136
636;136
638;136
640;136
642;136
644;136
646;136
648;136
650;136
652;136
654;136
656;136
658;136
660;136
662;136
664;136
666;136
668;136
670;136
672;136
674;136
676;136
678;136
680;136
682;136
684;136
686;136
688;136
690;136
692;136
694;136
696;136
698;136
700;136
702;136
704;136
706;136
708;136
710;136
712;136
714;136
716;136
718;136
720;136
722;136
724;136
726;136
728;136
730;136
732;136
734;136
736;136
738;136
740;136
742;136
744;136
746;136
748;136
750;136
752;136
754;136
756;136
758;136
760;136
762;136
764;136
766;136
768;136
770;136
772;136
774;136
776;136
778;136
780;136
782;136
784;136
786;136
788;136
790;136
792;136
794;136
796;136
798;136
800;136
802;136
804;136
806;136
808;136
810;136
812;136
814;136
816;136
818;136
820;136
822;136
824;136
826;136
828;136
830;136
832;136
834;136
836;136
838;136
840;136
842;136
844;136
846;136
848;136
850;136
852;136
854;136
856;136
858;136
860;136
862;136
864;136
866;136
868;136
870;136
872;136
874;136
876;136
878;136
880;136
882;136
884;136
886;136
888;136
890;136
892;136
894;136
896;136
898;136
900;330
902;330
904;330
906;330
908;330
910;330
912;330
914;330
916;330
918;330
920;330
922;330
924;330
926;330
928;330
930;330
932;330
934;330
936;330
938;330
940;330
942;330
944;330
946;330
948;330
950;330
952;330
954;330
956;330
958;330
960;330
962;330
964;330
966;330
968;330
970;330
972;330
974;330
976;330
978;330
980;330
982;330
984;330
986;330
988;330
990;330
992;330
994;330
996;330
998;330
1000;330
1002;330
1004;330
1006;330
1008;330
1010;330
1012;330
1014;330
1016;330
1018;330
1020;330
1022;330
1024;330
1026;330
1028;330
1030;330
1032;330
1034;330
1036;330
1038;330
1040;330
1042;330
1044;330
1046;330
1048;330
1050;330
1052;330
1054;330
1056;330
1058;330
1060;330
1062;330
1064;330
1066;330
1068;330
1070;330
1072;330
1074;330
1076;330
1078;330
1080;330
1082;330
1084;330
1086;330
1088;330
1090;330
1092;330
1094;330
1096;330
1098;330
1100;330
1102;330
1104;330
1106;330
1108;330
1110;330
1112;330
1114;330
1116;330
1118;330
1120;330
1122;330
1124;330
1126;330
1128;330
1130;330
1132;330
1134;330
1136;330
1138;330
1140;330
1142;330
1144;330
1146;330
1148;330
1150;330
1152;330
1154;330
1156;330
1158;330
1160;330
1162;330
1164;330
1166;330
1168;330
1170;330
1172;330
1174;330
1176;330
1178;330
1180;330
1182;330
1184;330
1186;330
1188;330
1190;330
1192;330
1194;330
1196;330
1198;330
1200;330
1202;330
1204;330
1206;330
1208;330
1210;330
1212;330
1214;330
1216;330
1218;330
1220;330
1222;330
1224;330
1226;330
1228;330
1230;330
1232;330
1234;330
1236;330
1238;330
1240;330
1242;330
1244;330
1246;330
1248;330
1250;330
1252;330
1254;330
1256;330
1258;330
1260;330
1262;330
1264;330
1266;330
1268;330
1270;330
1272;330
1274;330
1276;330
1278;330
1280;330
1282;330
1284;330
1286;330
1288;330
1290;330
1292;330
1294;330
1296;330
1298;330
1300;330
1302;330
1304;330
1306;330
1308;330
1310;330
1312;330
1314;330
1316;330
1318;330
1320;330
1322;330
1324;330
1326;330
1328;330
1330;330
1332;330
1334;330
1336;330
1338;330
1340;330
1342;330
1344;330
1346;330
1348;330
1350;330
1352;330
1354;330
1356;330
1358;330
1360;330
1362;330
1364;330
1366;330
1368;330
1370;330
1372;330
1374;330
1376;330
1378;330
1380;330
1382;330
1384;330
1386;330
1388;330
1390;330
1392;330
1394;330
1396;330
1398;330
1400;330
1402;330
1404;330
1406;330
1408;330
1410;330
1412;330
1414;330
1416;330
1418;330
1420;330
1422;330
1424;330
1426;330
1428;330
1430;330
1432;330
1434;330
1436;330
1438;330
1440;330
1442;330
1444;330
1446;330
1448;330
1450;330
1452;330
1454;330
1456;330
1458;330
1460;330
1462;330
1464;330
1466;330
1468;330
1470;330
1472;330
1474;330
1476;330
1478;330
1480;330
1482;330
1484;330
1486;330
1488;330
1490;330
1492;330
1494;330
1496;330
1498;330
1500;330
1502;330
1504;330
1506;330
1508;330
1510;330
1512;330
1514;330
1516;330
1518;330
1520;330
1522;330
1524;330
1526;330
1528;330
1530;330
1532;330
1534;330
1536;330
1538;330
1540;330
1542;330
1544;330
1546;330
1548;330
1550;330
1552;330
1554;330
1556;330
1558;330
1560;330
1562;330
1564;330
1566;330
1568;330
1570;330
1572;330
1574;330
1576;330
1578;330
1580;330
1582;330
1584;330
1586;330
1588;330
1590;330
1592;330
1594;330
1596;330
1598;330
1600;330
1602;330
1604;330
1606;330
1608;330
1610;330
1612;330
1614;330
1616;330
1618;330
1620;330
1622;330
1624;330
1626;330
1628;330
1630;330
1632;330
1634;330
1636;330
1638;330
1640;330
1642;330
1644;330
1646;330
1648;330
1650;330
1652;330
1654;330
1656;330
1658;330
1660;330
1662;330
1664;330
1666;330
1668;330
1670;330
1672;330
1674;330
1676;330
1678;330
1680;330
1682;330
1684;330
1686;330
1688;330
1690;330
1692;330
1694;330
1696;330
1698;330
1700;330
1702;330
1704;330
1706;330
1708;330
1710;330
1712;330
1714;330
1716;330
1718;330
1720;330
1722;330
1724;330
1726;330
1728;330
1730;330
1732;330
1734;330
1736;330
1738;330
1740;330
1742;330
1744;330
1746;330
1748;330
1750;330
1752;330
1754;330
1756;330
1758;330
1760;330
1762;330
1764;330
1766;330
1768;330
1770;330
1772;330
1774;330
1776;330
1778;330
1780;330
1782;330
1784;330
1786;330
1788;330
1790;330
1792;330
1794;330
1796;330
1798;330
1800;230
1802;230
1804;230
1806;230
1808;230
1810;230
1812;230
1814;230
1816;230
1818;230
1820;230
1822;230
1824;230
1826;230
1828;230
1830;230
1832;230
1834;230
1836;230
1838;230
1840;230
1842;230
1844;230
1846;230
1848;230
1850;230
1852;230
1854;230
1856;230
1858;230
1860;230
1862;230
1864;230
1866;230
1868;230
1870;230
1872;230
1874;230
1876;230
1878;230
1880;230
1882;230
1884;230
1886;230
1888;230
1890;230
1892;230
1894;230
1896;230
1898;230
1900;230
1902;230
1904;230
1906;230
1908;230
1910;230
1912;230
1914;230
1916;230
1918;230
1920;230
1922;230
1924;230
1926;230
1928;230
1930;230
1932;230
1934;230
1936;230
1938;230
1940;230
1942;230
1944;230
1946;230
1948;230
1950;230
1952;230
1954;230
1956;230
1958;230
1960;230
1962;230
1964;230
1966;230
1968;230
1970;230
1972;230
1974;230
1976;230
1978;230
1980;230
1982;230
1984;230
1986;230
1988;230
1990;230
1992;230
1994;230
1996;230
1998;230
2000;230
2002;230
2004;230
2006;230
2008;230
2010;230
2012;230
2014;230
2016;230
2018;230
2020;230
2022;230
2024;230
2026;230
2028;230
2030;230
2032;230
2034;230
2036;230
2038;230
2040;230
2042;230
2044;230
2046;230
2048;230
2050;230
2052;230
2054;230
2056;230
2058;230
2060;230
2062;230
2064;230
2066;230
2068;230
2070;230
2072;230
2074;230
2076;230
2078;230
2080;230
2082;230
2084;230
2086;230
2088;230
2090;230
2092;230
2094;230
2096;230
2098;230
2100;230
2102;230
2104;230
2106;230
2108;230
2110;230
2112;230
2114;230
2116;230
2118;230
2120;230
2122;230
2124;230
2126;230
2128;230
2130;230
2132;230
2134;230
2136;230
2138;230
2140;230
2142;230
2144;230
2146;230
2148;230
2150;230
2152;230
2154;230
2156;230
2158;230
2160;230
2162;230
2164;230
2166;230
2168;230
2170;230
2172;230
2174;230
2176;230
2178;230
2180;230
2182;230
2184;230
2186;230
2188;230
2190;230
2192;230
2194;230
2196;230
2198;230
2200;230
2202;230
2204;230
2206;230
2208;230
2210;230
2212;230
2214;230
2216;230
2218;230
2220;230
2222;230
2224;230
2226;230
2228;230
2230;230
2232;230
2234;230
2236;230
2238;230
2240;230
2242;230
2244;230
2246;230
2248;230
2250;230
2252;230
2254;230
2256;230
2258;230
2260;230
2262;230
2264;230
2266;230
2268;230
2270;230
2272;230
2274;230
2276;230
2278;230
2280;230
2282;230
2284;230
2286;230
2288;230
2290;230
2292;230
2294;230
2296;230
2298;230
2300;230
2302;230
2304;230
2306;230
2308;230
2310;230
2312;230
2314;230
2316;230
2318;230
2320;230
2322;230
2324;230
2326;230
2328;230
2330;230
2332;230
2334;230
2336;230
2338;230
2340;230
2342;230
2344;230
2346;230
2348;230
2350;230
2352;230
2354;230
2356;230
2358;230
2360;230
2362;230
2364;230
2366;230
2368;230
2370;230
2372;230
2374;230
2376;230
2378;230
2380;230
2382;230
2384;230
2386;230
2388;230
2390;230
2392;230
2394;230
2396;230
2398;230
2400;230
2402;230
2404;230
2406;230
2408;230
2410;230
2412;230
2414;230
2416;230
2418;230
2420;230
2422;230
2424;230
2426;230
2428;230
2430;230
2432;230
2434;230
2436;230
2438;230
2440;230
2442;230
2444;230
2446;230
2448;230
2450;230
2452;230
2454;230
2456;230
2458;230
2460;230
2462;230
2464;230
2466;230
2468;230
2470;230
2472;230
2474;230
2476;230
2478;230
2480;230
2482;230
2484;230
2486;230
2488;230
2490;230
2492;230
2494;230
2496;230
2498;230
2500;230
2502;230
2504;230
2506;230
2508;230
2510;230
2512;230
2514;230
2516;230
2518;230
2520;230
2522;230
2524;230
2526;230
2528;230
2530;230
2532;230
2534;230
2536;230
2538;230
2540;230
2542;230
2544;230
2546;230
2548;230
2550;230
2552;230
2554;230
2556;230
2558;230
2560;230
2562;230
2564;230
2566;230
2568;230
2570;230
2572;230
2574;230
2576;230
2578;230
2580;230
2582;230
2584;230
2586;230
2588;230
2590;230
2592;230
2594;230
2596;230
2598;230
2600;230
2602;230
2604;230
2606;230
2608;230
2610;230
2612;230
2614;230
2616;230
2618;230
2620;230
2622;230
2624;230
2626;230
2628;230
2630;230
2632;230
2634;230
2636;230
2638;230
2640;230
2642;230
2644;230
2646;230
2648;230
2650;230
2652;230
2654;230
2656;230
2658;230
2660;230
2662;230
2664;230
2666;230
2668;230
2670;230
2672;230
2674;230
2676;230
2678;230
2680;230
2682;230
2684;230
2686;230
2688;230
2690;230
2692;230
2694;230
2696;230
2698;230
2700;268
2702;268
2704;268
2706;268
2708;268
2710;268
2712;268
2714;268
2716;268
2718;268
2720;268
2722;268
2724;268
2726;268
2728;268
2730;268
2732;268
2734;268
2736;268
2738;268
2740;268
2742;268
2744;268
2746;268
2748;268
2750;268
2752;268
2754;268
2756;268
2758;268
2760;268
2762;268
2764;268
2766;268
2768;268
2770;268
2772;268
2774;268
2776;268
2778;268
2780;268
2782;268
2784;268
2786;268
2788;268
2790;268
2792;268
2794;268
2796;268
2798;268
2800;268
2802;268
2804;268
2806;268
2808;268
2810;268
2812;268
2814;268
2816;268
2818;268
2820;268
2822;268
2824;268
2826;268
2828;268
2830;268
2832;268
2834;268
2836;268
2838;268
2840;268
2842;268
2844;268
2846;268
2848;268
2850;268
2852;268
2854;268
2856;268
2858;268
2860;268
2862;268
2864;268
2866;268
2868;268
2870;268
2872;268
2874;268
2876;268
2878;268
2880;268
2882;268
2884;268
2886;268
2888;268
2890;268
2892;268
2894;268
2896;268
2898;268
2900;268
2902;268
2904;268
2906;268
2908;268
2910;268
2912;268
2914;268
2916;268
2918;268
2920;268
2922;268
2924;268
2926;268
2928;268
2930;268
2932;268
2934;268
2936;268
2938;268
2940;268
2942;268
2944;268
2946;268
2948;268
2950;268
2952;268
2954;268
2956;268
2958;268
2960;268
2962;268
2964;268
2966;268
2968;268
2970;268
2972;268
2974;268
2976;268
2978;268
2980;268
2982;268
2984;268
2986;268
2988;268
2990;268
2992;268
2994;268
2996;268
2998;268
3000;268
3002;268
3004;268
3006;268
3008;268
3010;268
3012;268
3014;268
3016;268
3018;268
3020;268
3022;268
3024;268
3026;268
3028;268
3030;268
3032;268
3034;268
3036;268
3038;268
3040;268
3042;268
3044;268
3046;268
3048;268
3050;268
3052;268
3054;268
3056;268
3058;268
3060;268
3062;268
3064;268
3066;268
3068;268
3070;268
3072;268
3074;268
3076;268
3078;268
3080;268
3082;268
3084;268
3086;268
3088;268
3090;268
3092;268
3094;268
3096;268
3098;268
3100;268
3102;268
3104;268
3106;268
3108;268
3110;268
3112;268
3114;268
3116;268
3118;268
3120;268
3122;268
3124;268
3126;268
3128;268
3130;268
3132;268
3134;268
3136;268
3138;268
3140;268
3142;268
3144;268
3146;268
3148;268
3150;268
3152;268
3154;268
3156;268
3158;268
3160;268
3162;268
3164;268
3166;268
3168;268
3170;268
3172;268
3174;268
3176;268
3178;268
3180;268
3182;268
3184;268
3186;268
3188;268
3190;268
3192;268
3194;268
3196;268
3198;268
3200;268
3202;268
3204;268
3206;268
3208;268
3210;268
3212;268
3214;268
3216;268
3218;268
3220;268
3222;268
3224;268
3226;268
3228;268
3230;268
3232;268
3234;268
3236;268
3238;268
3240;268
3242;268
3244;268
3246;268
3248;268
3250;268
3252;268
3254;268
3256;268
3258;268
3260;268
3262;268
3264;268
3266;268
3268;268
3270;268
3272;268
3274;268
3276;268
3278;268
3280;268
3282;268
3284;268
3286;268
3288;268
3290;268
3292;268
3294;268
3296;268
3298;268
3300;268
3302;268
3304;268
3306;268
3308;268
3310;268
3312;268
3314;268
3316;268
3318;268
3320;268
3322;268
3324;268
3326;268
3328;268
3330;268
3332;268
3334;268
3336;268
3338;268
3340;268
3342;268
3344;268
3346;268
3348;268
3350;268
3352;268
3354;268
3356;268
3358;268
3360;268
3362;268
3364;268
3366;268
3368;268
3370;268
3372;268
3374;268
3376;268
3378;268
3380;268
3382;268
3384;268
3386;268
3388;268
3390;268
3392;268
3394;268
3396;268
3398;268
3400;268
3402;268
3404;268
3406;268
3408;268
3410;268
3412;268
3414;268
3416;268
3418;268
3420;268
3422;268
3424;268
3426;268
3428;268
3430;268
3432;268
3434;268
3436;268
3438;268
3440;268
3442;268
3444;268
3446;268
3448;268
3450;268
3452;268
3454;268
3456;268
3458;268
3460;268
3462;268
3464;268
3466;268
3468;268
3470;268
3472;268
3474;268
3476;268
3478;268
3480;268
3482;268
3484;268
3486;268
3488;268
3490;268
3492;268
3494;268
3496;268
3498;268
3500;268
3502;268
3504;268
3506;268
3508;268
3510;268
3512;268
3514;268
3516;268
3518;268
3520;268
3522;268
3524;268
3526;268
3528;268
3530;268
3532;268
3534;268
3536;268
3538;268
3540;268
3542;268
3544;268
3546;268
3548;268
3550;268
3552;268
3554;268
3556;268
3558;268
3560;268
3562;268
3564;268
3566;268
3568;268
3570;268
3572;268
3574;268
3576;268
3578;268
3580;268
3582;268
3584;268
3586;268
3588;268
3590;268
3592;268
3594;268
3596;268
3598;268
3600;471
3602;471
3604;471
3606;471
3608;471
3610;471
3612;471
3614;471
3616;471
3618;471
3620;471
3622;471
3624;471
3626;471
3628;471
3630;471
3632;471
3634;471
3636;471
3638;471
3640;471
3642;471
3644;471
3646;471
3648;471
3650;471
3652;471
3654;471
3656;471
3658;471
3660;471
3662;471
3664;471
3666;471
3668;471
3670;471
3672;471
3674;471
3676;471
3678;471
3680;471
3682;471
3684;471
3686;471
3688;471
3690;471
3692;471
3694;471
3696;471
3698;471
3700;471
3702;471
3704;471
3706;471
3708;471
3710;471
3712;471
3714;471
3716;471
3718;471
3720;471
3722;471
3724;471
3726;471
3728;471
3730;471
3732;471
3734;471
3736;471
3738;471
3740;471
3742;471
3744;471
3746;471
3748;471
3750;471
3752;471
3754;471
3756;471
3758;471
3760;471
3762;471
3764;471
3766;471
3768;471
3770;471
3772;471
3774;471
3776;471
3778;471
3780;471
3782;471
3784;471
3786;471
3788;471
3790;471
3792;471
3794;471
3796;471
3798;471
3800;471
3802;471
3804;471
3806;471
3808;471
3810;471
3812;471
3814;471
3816;471
3818;471
3820;471
3822;471
3824;471
3826;471
3828;471
3830;471
3832;471
3834;471
3836;471
3838;471
3840;471
3842;471
3844;471
3846;471
3848;471
3850;471
3852;471
3854;471
3856;471
3858;471
3860;471
3862;471
3864;471
3866;471
3868;471
3870;471
3872;471
3874;471
3876;471
3878;471
3880;471
3882;471
3884;471
3886;471
3888;471
3890;471
3892;471
3894;471
3896;471
3898;471
3900;471
3902;471
3904;471
3906;471
3908;471
3910;471
3912;471
3914;471
3916;471
3918;471
3920;471
3922;471
3924;471
3926;471
3928;471
3930;471
3932;471
3934;471
3936;471
3938;471
3940;471
3942;471
3944;471
3946;471
3948;471
3950;471
3952;471
3954;471
3956;471
3958;471
3960;471
3962;471
3964;471
3966;471
3968;471
3970;471
3972;471
3974;471
3976;471
3978;471
3980;471
3982;471
3984;471
3986;471
3988;471
3990;471
3992;471
3994;471
3996;471
3998;471
4000;471
4002;471
4004;471
4006;471
4008;471
4010;471
4012;471
4014;471
4016;471
4018;471
4020;471
4022;471
4024;471
4026;471
4028;471
4030;471
4032;471
4034;471
4036;471
4038;471
4040;471
4042;471
4044;471
4046;471
4048;471
4050;471
4052;471
4054;471
4056;471
4058;471
4060;471
4062;471
4064;471
4066;471
4068;471
4070;471
4072;471
4074;471
4076;471
4078;471
4080;471
4082;471
4084;471
4086;471
4088;471
4090;471
4092;471
4094;471
4096;471
4098;471
4100;471
4102;471
4104;471
4106;471
4108;471
4110;471
4112;471
4114;471
4116;471
4118;471
4120;471
4122;471
4124;471
4126;471
4128;471
4130;471
4132;471
4134;471
4136;471
4138;471
4140;471
4142;471
4144;471
4146;471
4148;471
4150;471
4152;471
4154;471
4156;471
4158;471
4160;471
4162;471
4164;471
4166;471
4168;471
4170;471
4172;471
4174;471
4176;471
4178;471
4180;471
4182;471
4184;471
4186;471
4188;471
4190;471
4192;471
4194;471
4196;471
4198;471
4200;471
4202;471
4204;471
4206;471
4208;471
4210;471
4212;471
4214;471
4216;471
4218;471
4220;471
4222;471
4224;471
4226;471
4228;471
4230;471
4232;471
4234;471
4236;471
4238;471
4240;471
4242;471
4244;471
4246;471
4248;471
4250;471
4252;471
4254;471
4256;471
4258;471
4260;471
4262;471
4264;471
4266;471
4268;471
4270;471
4272;471
4274;471
4276;471
4278;471
4280;471
4282;471
4284;471
4286;471
4288;471
4290;471
4292;471
4294;471
4296;471
4298;471
4300;471
4302;471
4304;471
4306;471
4308;471
4310;471
4312;471
4314;471
4316;471
4318;471
4320;471
4322;471
4324;471
4326;471
4328;471
4330;471
4332;471
4334;471
4336;471
4338;471
4340;471
4342;471
4344;471
4346;471
4348;471
4350;471
4352;471
4354;471
4356;471
4358;471
4360;471
4362;471
4364;471
4366;471
4368;471
4370;471
4372;471
4374;471
4376;471
4378;471
4380;471
4382;471
4384;471
4386;471
4388;471
4390;471
4392;471
4394;471
4396;471
4398;471
4400;471
4402;471
4404;471
4406;471
4408;471
4410;471
4412;471
4414;471
4416;471
4418;471
4420;471
4422;471
4424;471
4426;471
4428;471
4430;471
4432;471
4434;471
4436;471
4438;471
4440;471
4442;471
4444;471
4446;471
4448;471
4450;471
4452;471
4454;471
4456;471
4458;471
4460;471
4462;471
4464;471
4466;471
4468;471
4470;471
4472;471
4474;471
4476;471
4478;471
4480;471
4482;471
4484;471
4486;471
4488;471
4490;471
4492;471
4494;471
4496;471
4498;471
4500;137
4502;137
4504;137
4506;137
4508;137
4510;137
4512;137
4514;137
4516;137
4518;137
4520;137
4522;137
4524;137
4526;137
4528;137
4530;137
4532;137
4534;137
4536;137
4538;137
4540;137
4542;137
4544;137
4546;137
4548;137
4550;137
4552;137
4554;137
4556;137
4558;137
4560;137
4562;137
4564;137
4566;137
4568;137
4570;137
4572;137
4574;137
4576;137
4578;137
4580;137
4582;137
4584;137
4586;137
4588;137
4590;137
4592;137
4594;137
4596;137
4598;137
4600;137
4602;137
4604;137
4606;137
4608;137
4610;137
4612;137
4614;137
4616;137
4618;137
4620;137
4622;137
4624;137
4626;137
4628;137
4630;137
4632;137
4634;137
4636;137
4638;137
4640;137
4642;137
4644;137
4646;137
4648;137
4650;137
4652;137
4654;137
4656;137
4658;137
4660;137
4662;137
4664;137
4666;137
4668;137
4670;137
4672;137
4674;137
4676;137
4678;137
4680;137
4682;137
4684;137
4686;137
4688;137
4690;137
4692;137
4694;137
4696;137
4698;137
4700;137
4702;137
4704;137
4706;137
4708;137
4710;137
4712;137
4714;137
4716;137
4718;137
4720;137
4722;137
4724;137
4726;137
4728;137
4730;137
4732;137
4734;137
4736;137
4738;137
4740;137
4742;137
4744;137
4746;137
4748;137
4750;137
4752;137
4754;137
4756;137
4758;137
4760;137
4762;137
4764;137
4766;137
4768;137
4770;137
4772;137
4774;137
4776;137
4778;137
4780;137
4782;137
4784;137
4786;137
4788;137
4790;137
4792;137
4794;137
4796;137
4798;137
4800;137
4802;137
4804;137
4806;137
4808;137
4810;137
4812;137
4814;137
4816;137
4818;137
4820;137
4822;137
4824;137
4826;137
4828;137
4830;137
4832;137
4834;137
4836;137
4838;137
4840;137
4842;137
4844;137
4846;137
4848;137
4850;137
4852;137
4854;137
4856;137
4858;137
4860;137
4862;137
4864;137
4866;137
4868;137
4870;137
4872;137
4874;137
4876;137
4878;137
4880;137
4882;137
4884;137
4886;137
4888;137
4890;137
4892;137
4894;137
4896;137
4898;137
4900;137
4902;137
4904;137
4906;137
4908;137
4910;137
4912;137
4914;137
4916;137
4918;137
4920;137
4922;137
4924;137
4926;137
4928;137
4930;137
4932;137
4934;137
4936;137
4938;137
4940;137
4942;137
4944;137
4946;137
4948;137
4950;137
4952;137
4954;137
4956;137
4958;137
4960;137
4962;137
4964;137
4966;137
4968;137
4970;137
4972;137
4974;137
4976;137
4978;137
4980;137
4982;137
4984;137
4986;137
4988;137
4990;137
4992;137
4994;137
4996;137
4998;137
5000;137
5002;137
5004;137
5006;137
5008;137
5010;137
5012;137
5014;137
5016;137
5018;137
5020;137
5022;137
5024;137
5026;137
5028;137
5030;137
5032;137
5034;137
5036;137
5038;137
5040;137
5042;137
5044;137
5046;137
5048;137
5050;137
5052;137
5054;137
5056;137
5058;137
5060;137
5062;137
5064;137
5066;137
5068;137
5070;137
5072;137
5074;137
5076;137
5078;137
5080;137
5082;137
5084;137
5086;137
5088;137
5090;137
5092;137
5094;137
5096;137
5098;137
5100;137
5102;137
5104;137
5106;137
5108;137
5110;137
5112;137
5114;137
5116;137
5118;137
5120;137
5122;137
5124;137
5126;137
5128;137
5130;137
5132;137
5134;137
5136;137
5138;137
5140;137
5142;137
5144;137
5146;137
5148;137
5150;137
5152;137
5154;137
5156;137
5158;137
5160;137
5162;137
5164;137
5166;137
5168;137
5170;137
5172;137
5174;137
5176;137
5178;137
5180;137
5182;137
5184;137
5186;137
5188;137
5190;137
5192;137
5194;137
5196;137
5198;137
5200;137
5202;137
5204;137
5206;137
5208;137
5210;137
5212;137
5214;137
5216;137
5218;137
5220;137
5222;137
5224;137
5226;137
5228;137
5230;137
5232;137
5234;137
5236;137
5238;137
5240;137
5242;137
5244;137
5246;137
5248;137
5250;137
5252;137
5254;137
5256;137
5258;137
5260;137
5262;137
5264;137
5266;137
5268;137
5270;137
5272;137
5274;137
5276;137
5278;137
5280;137
5282;137
5284;137
5286;137
5288;137
5290;137
5292;137
5294;137
5296;137
5298;137
5300;137
5302;137
5304;137
5306;137
5308;137
5310;137
5312;137
5314;137
5316;137
5318;137
5320;137
5322;137
5324;137
5326;137
5328;137
5330;137
5332;137
5334;137
5336;137
5338;137
5340;137
5342;137
5344;137
5346;137
5348;137
5350;137
5352;137
5354;137
5356;137
5358;137
5360;137
5362;137
5364;137
5366;137
5368;137
5370;137
5372;137
5374;137
5376;137
5378;137
5380;137
5382;137
5384;137
5386;137
5388;137
5390;137
5392;137
5394;137
5396;137
5398;137
5400;62
5402;62
5404;62
5406;62
5408;62
5410;62
5412;62
5414;62
5416;62
5418;62
5420;62
5422;62
5424;62
5426;62
5428;62
5430;62
5432;62
5434;62
5436;62
5438;62
5440;62
5442;62
5444;62
5446;62
5448;62
5450;62
5452;62
5454;62
5456;62
5458;62
5460;62
5462;62
5464;62
5466;62
5468;62
5470;62
5472;62
5474;62
5476;62
5478;62
5480;62
5482;62
5484;62
5486;62
5488;62
5490;62
5492;62
5494;62
5496;62
5498;62
5500;62
5502;62
5504;62
5506;62
5508;62
5510;62
5512;62
5514;62
5516;62
5518;62
5520;62
5522;62
5524;62
5526;62
5528;62
5530;62
5532;62
5534;62
5536;62
5538;62
5540;62
5542;62
5544;62
5546;62
5548;62
5550;62
5552;62
5554;62
5556;62
5558;62
5560;62
5562;62
5564;62
5566;62
5568;62
5570;62
5572;62
5574;62
5576;62
5578;62
5580;62
5582;62
5584;62
5586;62
5588;62
5590;62
5592;62
5594;62
5596;62
5598;62
5600;62
5602;62
5604;62
5606;62
5608;62
5610;62
5612;62
5614;62
5616;62
5618;62
5620;62
5622;62
5624;62
5626;62
5628;62
5630;62
5632;62
5634;62
5636;62
5638;62
5640;62
5642;62
5644;62
5646;62
5648;62
5650;62
5652;62
5654;62
5656;62
5658;62
5660;62
5662;62
5664;62
5666;62
5668;62
5670;62
5672;62
5674;62
5676;62
5678;62
5680;62
5682;62
5684;62
5686;62
5688;62
5690;62
5692;62
5694;62
5696;62
5698;62
5700;62
5702;62
5704;62
5706;62
5708;62
5710;62
5712;62
5714;62
5716;62
5718;62
5720;62
5722;62
5724;62
5726;62
5728;62
5730;62
5732;62
5734;62
5736;62
5738;62
5740;62
5742;62
5744;62
5746;62
5748;62
5750;62
5752;62
5754;62
5756;62
5758;62
5760;62
5762;62
5764;62
5766;62
5768;62
5770;62
5772;62
5774;62
5776;62
5778;62
5780;62
5782;62
5784;62
5786;62
5788;62
5790;62
5792;62
5794;62
5796;62
5798;62
5800;62
5802;62
5804;62
5806;62
5808;62
5810;62
5812;62
5814;62
5816;62
5818;62
5820;62
5822;62
5824;62
5826;62
5828;62
5830;62
5832;62
5834;62
5836;62
5838;62
5840;62
5842;62
5844;62
5846;62
5848;62
5850;62
5852;62
5854;62
5856;62
5858;62
5860;62
5862;62
5864;62
5866;62
5868;62
5870;62
5872;62
5874;62
5876;62
5878;62
5880;62
5882;62
5884;62
5886;62
5888;62
5890;62
5892;62
5894;62
5896;62
5898;62
5900;62
5902;62
5904;62
5906;62
5908;62
5910;62
5912;62
5914;62
5916;62
5918;62
5920;62
5922;62
5924;62
5926;62
5928;62
5930;62
5932;62
5934;62
5936;62
5938;62
5940;62
5942;62
5944;62
5946;62
5948;62
5950;62
5952;62
5954;62
5956;62
5958;62
5960;62
5962;62
5964;62
5966;62
5968;62
5970;62
5972;62
5974;62
5976;62
5978;62
5980;62
5982;62
5984;62
5986;62
5988;62
5990;62
5992;62
5994;62
5996;62
5998;62
6000;62
6002;62
6004;62
6006;62
6008;62
6010;62
6012;62
6014;62
6016;62
6018;62
6020;62
6022;62
6024;62
6026;62
6028;62
6030;62
6032;62
6034;62
6036;62
6038;62
6040;62
6042;62
6044;62
6046;62
6048;62
6050;62
6052;62
6054;62
6056;62
6058;62
6060;62
6062;62
6064;62
6066;62
6068;62
6070;62
6072;62
6074;62
6076;62
6078;62
6080;62
6082;62
6084;62
6086;62
6088;62
6090;62
6092;62
6094;62
6096;62
6098;62
6100;62
6102;62
6104;62
6106;62
6108;62
6110;62
6112;62
6114;62
6116;62
6118;62
6120;62
6122;62
6124;62
6126;62
6128;62
6130;62
6132;62
6134;62
6136;62
6138;62
6140;62
6142;62
6144;62
6146;62
6148;62
6150;62
6152;62
6154;62
6156;62
6158;62
6160;62
6162;62
6164;62
6166;62
6168;62
6170;62
6172;62
6174;62
6176;62
6178;62
6180;62
6182;62
6184;62
6186;62
6188;62
6190;62
6192;62
6194;62
6196;62
6198;62
6200;62
6202;62
6204;62
6206;62
6208;62
6210;62
6212;62
6214;62
6216;62
6218;62
6220;62
6222;62
6224;62
6226;62
6228;62
6230;62
6232;62
6234;62
6236;62
6238;62
6240;62
6242;62
6244;62
6246;62
6248;62
6250;62
6252;62
6254;62
6256;62
6258;62
6260;62
6262;62
6264;62
6266;62
6268;62
6270;62
6272;62
6274;62
6276;62
6278;62
6280;62
6282;62
6284;62
6286;62
6288;62
6290;62
6292;62
6294;62
6296;62
6298;62
6300;62
6302;62
6304;62
6306;62
6308;62
6310;62
6312;62
6314;62
6316;62
6318;62
6320;62
6322;62
6324;62
6326;62
6328;62
6330;62
6332;62
6334;62
6336;62
6338;62
6340;62
6342;62
6344;62
6346;62
6348;62
6350;62
6352;62
6354;62
6356;62
6358;62
6360;62
6362;62
6364;62
6366;62
6368;62
6370;62
6372;62
6374;62
6376;62
6378;62
6380;62
6382;62
6384;62
6386;62
6388;62
6390;62
6392;62
6394;62
6396;62
6398;62
6400;62
6402;62
6404;62
6406;62
6408;62
6410;62
6412;62
6414;62
6416;62
6418;62
6420;62
6422;62
6424;62
6426;62
6428;62
6430;62
6432;62
6434;62
6436;62
6438;62
6440;62
6442;62
6444;62
6446;62
6448;62
6450;62
6452;62
6454;62
6456;62
6458;62
6460;62
6462;62
6464;62
6466;62
6468;62
6470;62
6472;62
6474;62
6476;62
6478;62
6480;62
6482;62
6484;62
6486;62
6488;62
6490;62
6492;62
6494;62
6496;62
6498;62
6500;62
6502;62
6504;62
6506;62
6508;62
6510;62
6512;62
6514;62
6516;62
6518;62
6520;62
6522;62
6524;62
6526;62
6528;62
6530;62
6532;62
6534;62
6536;62
6538;62
6540;62
6542;62
6544;62
6546;62
6548;62
6550;62
6552;62
6554;62
6556;62
6558;62
6560;62
6562;62
6564;62
6566;62
6568;62
6570;62
6572;62
6574;62
6576;62
6578;62
6580;62
6582;62
6584;62
6586;62
6588;62
6590;62
6592;62
6594;62
6596;62
6598;62
6600;62
6602;62
6604;62
6606;62
6608;62
6610;62
6612;62
6614;62
6616;62
6618;62
6620;62
6622;62
6624;62
6626;62
6628;62
6630;62
6632;62
6634;62
6636;62
6638;62
6640;62
6642;62
6644;62
6646;62
6648;62
6650;62
6652;62
6654;62
6656;62
6658;62
6660;62
6662;62
6664;62
6666;62
6668;62
6670;62
6672;62
6674;62
6676;62
6678;62
6680;62
6682;62
6684;62
6686;62
6688;62
6690;62
6692;62
6694;62
6696;62
6698;62
6700;62
6702;62
6704;62
6706;62
6708;62
6710;62
6712;62
6714;62
6716;62
6718;62
6720;62
6722;62
6724;62
6726;62
6728;62
6730;62
6732;62
6734;62
6736;62
6738;62
6740;62
6742;62
6744;62
6746;62
6748;62
6750;62
6752;62
6754;62
6756;62
6758;62
6760;62
6762;62
6764;62
6766;62
6768;62
6770;62
6772;62
6774;62
6776;62
6778;62
6780;62
6782;62
6784;62
6786;62
6788;62
6790;62
6792;62
6794;62
6796;62
6798;62
6800;62
6802;62
6804;62
6806;62
6808;62
6810;62
6812;62
6814;62
6816;62
6818;62
6820;62
6822;62
6824;62
6826;62
6828;62
6830;62
6832;62
6834;62
6836;62
6838;62
6840;62
6842;62
6844;62
6846;62
6848;62
6850;62
6852;62
6854;62
6856;62
6858;62
6860;62
6862;62
6864;62
6866;62
6868;62
6870;62
6872;62
6874;62
6876;62
6878;62
6880;62
6882;62
6884;62
6886;62
6888;62
6890;62
6892;62
6894;62
6896;62
6898;62
6900;62
6902;62
6904;62
6906;62
6908;62
6910;62
6912;62
6914;62
6916;62
6918;62
6920;62
6922;62
6924;62
6926;62
6928;62
6930;62
6932;62
6934;62
6936;62
6938;62
6940;62
6942;62
6944;62
6946;62
6948;62
6950;62
6952;62
6954;62
6956;62
6958;62
6960;62
6962;62
6964;62
6966;62
6968;62
6970;62
6972;62
6974;62
6976;62
6978;62
6980;62
6982;62
6984;62
6986;62
6988;62
6990;62
6992;62
6994;62
6996;62
6998;62
7000;62
7002;62
7004;62
7006;62
7008;62
7010;62
7012;62
7014;62
7016;62
7018;62
7020;62
7022;62
7024;62
7026;62
7028;62
7030;62
7032;62
7034;62
7036;62
7038;62
7040;62
7042;62
7044;62
7046;62
7048;62
7050;62
7052;62
7054;62
7056;62
7058;62
7060;62
7062;62
7064;62
7066;62
7068;62
7070;62
7072;62
7074;62
7076;62
7078;62
7080;62
7082;62
7084;62
7086;62
7088;62
7090;62
7092;62
7094;62
7096;62
7098;62
7100;62
7102;62
7104;62
7106;62
7108;62
7110;62
7112;62
7114;62
7116;62
7118;62
7120;62
7122;62
7124;62
7126;62
7128;62
7130;62
7132;62
7134;62
7136;62
7138;62
7140;62
7142;62
7144;62
7146;62
7148;62
7150;62
7152;62
7154;62
7156;62
7158;62
7160;62
7162;62
7164;62
7166;62
7168;62
7170;62
7172;62
7174;62
7176;62
7178;62
7180;62
7182;62
7184;62
7186;62
7188;62
7190;62
7192;62
7194;62
7196;62
7198;62
7200;63
7202;63
7204;63
7206;63
7208;63
7210;63
7212;63
7214;63
7216;63
7218;63
7220;63
7222;63
7224;63
7226;63
7228;63
7230;63
7232;63
7234;63
7236;63
7238;63
7240;63
7242;63
7244;63
7246;63
7248;63
7250;63
7252;63
7254;63
7256;63
7258;63
7260;63
7262;63
7264;63
7266;63
7268;63
7270;63
7272;63
7274;63
7276;63
7278;63
7280;63
7282;63
7284;63
7286;63
7288;63
7290;63
7292;63
7294;63
7296;63
7298;63
7300;63
7302;63
7304;63
7306;63
7308;63
7310;63
7312;63
7314;63
7316;63
7318;63
7320;63
7322;63
7324;63
7326;63
7328;63
7330;63
7332;63
7334;63
7336;63
7338;63
7340;63
7342;63
7344;63
7346;63
7348;63
7350;63
7352;63
7354;63
7356;63
7358;63
7360;63
7362;63
7364;63
7366;63
7368;63
7370;63
7372;63
7374;63
7376;63
7378;63
7380;63
7382;63
7384;63
7386;63
7388;63
7390;63
7392;63
7394;63
7396;63
7398;63
7400;63
7402;63
7404;63
7406;63
7408;63
7410;63
7412;63
7414;63
7416;63
7418;63
7420;63
7422;63
7424;63
7426;63
7428;63
7430;63
7432;63
7434;63
7436;63
7438;63
7440;63
7442;63
7444;63
7446;63
7448;63
7450;63
7452;63
7454;63
7456;63
7458;63
7460;63
7462;63
7464;63
7466;63
7468;63
7470;63
7472;63
7474;63
7476;63
7478;63
7480;63
7482;63
7484;63
7486;63
7488;63
7490;63
7492;63
7494;63
7496;63
7498;63
7500;63
7502;63
7504;63
7506;63
7508;63
7510;63
7512;63
7514;63
7516;63
7518;63
7520;63
7522;63
7524;63
7526;63
7528;63
7530;63
7532;63
7534;63
7536;63
7538;63
7540;63
7542;63
7544;63
7546;63
7548;63
7550;63
7552;63
7554;63
7556;63
7558;63
7560;63
7562;63
7564;63
7566;63
7568;63
7570;63
7572;63
7574;63
7576;63
7578;63
7580;63
7582;63
7584;63
7586;63
7588;63
7590;63
7592;63
7594;63
7596;63
7598;63
7600;63
7602;63
7604;63
7606;63
7608;63
7610;63
7612;63
7614;63
7616;63
7618;63
7620;63
7622;63
7624;63
7626;63
7628;63
7630;63
7632;63
7634;63
7636;63
7638;63
7640;63
7642;63
7644;63
7646;63
7648;63
7650;63
7652;63
7654;63
7656;63
7658;63
7660;63
7662;63
7664;63
7666;63
7668;63
7670;63
7672;63
7674;63
7676;63
7678;63
7680;63
7682;63
7684;63
7686;63
7688;63
7690;63
7692;63
7694;63
7696;63
7698;63
7700;63
7702;63
7704;63
7706;63
7708;63
7710;63
7712;63
7714;63
7716;63
7718;63
7720;63
7722;63
7724;63
7726;63
7728;63
7730;63
7732;63
7734;63
7736;63
7738;63
7740;63
7742;63
7744;63
7746;63
7748;63
7750;63
7752;63
7754;63
7756;63
7758;63
7760;63
7762;63
7764;63
7766;63
7768;63
7770;63
7772;63
7774;63
7776;63
7778;63
7780;63
7782;63
7784;63
7786;63
7788;63
7790;63
7792;63
7794;63
7796;63
7798;63
7800;63
7802;63
7804;63
7806;63
7808;63
7810;63
7812;63
7814;63
7816;63
7818;63
7820;63
7822;63
7824;63
7826;63
7828;63
7830;63
7832;63
7834;63
7836;63
7838;63
7840;63
7842;63
7844;63
7846;63
7848;63
7850;63
7852;63
7854;63
7856;63
7858;63
7860;63
7862;63
7864;63
7866;63
7868;63
7870;63
7872;63
7874;63
7876;63
7878;63
7880;63
7882;63
7884;63
7886;63
7888;63
7890;63
7892;63
7894;63
7896;63
7898;63
7900;63
7902;63
7904;63
7906;63
7908;63
7910;63
7912;63
7914;63
7916;63
7918;63
7920;63
7922;63
7924;63
7926;63
7928;63
7930;63
7932;63
7934;63
7936;63
7938;63
7940;63
7942;63
7944;63
7946;63
7948;63
7950;63
7952;63
7954;63
7956;63
7958;63
7960;63
7962;63
7964;63
7966;63
7968;63
7970;63
7972;63
7974;63
7976;63
7978;63
7980;63
7982;63
7984;63
7986;63
7988;63
7990;63
7992;63
7994;63
7996;63
7998;63
8000;63
8002;63
8004;63
8006;63
8008;63
8010;63
8012;63
8014;63
8016;63
8018;63
8020;63
8022;63
8024;63
8026;63
8028;63
8030;63
8032;63
8034;63
8036;63
8038;63
8040;63
8042;63
8044;63
8046;63
8048;63
8050;63
8052;63
8054;63
8056;63
8058;63
8060;63
8062;63
8064;63
8066;63
8068;63
8070;63
8072;63
8074;63
8076;63
8078;63
8080;63
8082;63
8084;63
8086;63
8088;63
8090;63
8092;63
8094;63
8096;63
8098;63
8100;252
8102;252
8104;252
8106;252
8108;252
8110;252
8112;252
8114;252
8116;252
8118;252
8120;252
8122;252
8124;252
8126;252
8128;252
8130;252
8132;252
8134;252
8136;252
8138;252
8140;252
8142;252
8144;252
8146;252
8148;252
8150;252
8152;252
8154;252
8156;252
8158;252
8160;252
8162;252
8164;252
8166;252
8168;252
8170;252
8172;252
8174;252
8176;252
8178;252
8180;252
8182;252
8184;252
8186;252
8188;252
8190;252
8192;252
8194;252
8196;252
8198;252
8200;252
8202;252
8204;252
8206;252
8208;252
8210;252
8212;252
8214;252
8216;252
8218;252
8220;252
8222;252
8224;252
8226;252
8228;252
8230;252
8232;252
8234;252
8236;252
8238;252
8240;252
8242;252
8244;252
8246;252
8248;252
8250;252
8252;252
8254;252
8256;252
8258;252
8260;252
8262;252
8264;252
8266;252
8268;252
8270;252
8272;252
8274;252
8276;252
8278;252
8280;252
8282;252
8284;252
8286;252
8288;252
8290;252
8292;252
8294;252
8296;252
8298;252
8300;252
8302;252
8304;252
8306;252
8308;252
8310;252
8312;252
8314;252
8316;252
8318;252
8320;252
8322;252
8324;252
8326;252
8328;252
8330;252
8332;252
8334;252
8336;252
8338;252
8340;252
8342;252
8344;252
8346;252
8348;252
8350;252
8352;252
8354;252
8356;252
8358;252
8360;252
8362;252
8364;252
8366;252
8368;252
8370;252
8372;252
8374;252
8376;252
8378;252
8380;252
8382;252
8384;252
8386;252
8388;252
8390;252
8392;252
8394;252
8396;252
8398;252
8400;252
8402;252
8404;252
8406;252
8408;252
8410;252
8412;252
8414;252
8416;252
8418;252
8420;252
8422;252
8424;252
8426;252
8428;252
8430;252
8432;252
8434;252
8436;252
8438;252
8440;252
8442;252
8444;252
8446;252
8448;252
8450;252
8452;252
8454;252
8456;252
8458;252
8460;252
8462;252
8464;252
8466;252
8468;252
8470;252
8472;252
8474;252
8476;252
8478;252
8480;252
8482;252
8484;252
8486;252
8488;252
8490;252
8492;252
8494;252
8496;252
8498;252
8500;252
8502;252
8504;252
8506;252
8508;252
8510;252
8512;252
8514;252
8516;252
8518;252
8520;252
8522;252
8524;252
8526;252
8528;252
8530;252
8532;252
8534;252
8536;252
8538;252
8540;252
8542;252
8544;252
8546;252
8548;252
8550;252
8552;252
8554;252
8556;252
8558;252
8560;252
8562;252
8564;252
8566;252
8568;252
8570;252
8572;252
8574;252
8576;252
8578;252
8580;252
8582;252
8584;252
8586;252
8588;252
8590;252
8592;252
8594;252
8596;252
8598;252
8600;252
8602;252
8604;252
8606;252
8608;252
8610;252
8612;252
8614;252
8616;252
8618;252
8620;252
8622;252
8624;252
8626;252
8628;252
8630;252
8632;252
8634;252
8636;252
8638;252
8640;252
8642;252
8644;252
8646;252
8648;252
8650;252
8652;252
8654;252
8656;252
8658;252
8660;252
8662;252
8664;252
8666;252
8668;252
8670;252
8672;252
8674;252
8676;252
8678;252
8680;252
8682;252
8684;252
8686;252
8688;252
8690;252
8692;252
8694;252
8696;252
8698;252
8700;252
8702;252
8704;252
8706;252
8708;252
8710;252
8712;252
8714;252
8716;252
8718;252
8720;252
8722;252
8724;252
8726;252
8728;252
8730;252
8732;252
8734;252
8736;252
8738;252
8740;252
8742;252
8744;252
8746;252
8748;252
8750;252
8752;252
8754;252
8756;252
8758;252
8760;252
8762;252
8764;252
8766;252
8768;252
8770;252
8772;252
8774;252
8776;252
8778;252
8780;252
8782;252
8784;252
8786;252
8788;252
8790;252
8792;252
8794;252
8796;252
8798;252
8800;252
8802;252
8804;252
8806;252
8808;252
8810;252
8812;252
8814;252
8816;252
8818;252
8820;252
8822;252
8824;252
8826;252
8828;252
8830;252
8832;252
8834;252
8836;252
8838;252
8840;252
8842;252
8844;252
8846;252
8848;252
8850;252
8852;252
8854;252
8856;252
8858;252
8860;252
8862;252
8864;252
8866;252
8868;252
8870;252
8872;252
8874;252
8876;252
8878;252
8880;252
8882;252
8884;252
8886;252
8888;252
8890;252
8892;252
8894;252
8896;252
8898;252
8900;252
8902;252
8904;252
8906;252
8908;252
8910;252
8912;252
8914;252
8916;252
8918;252
8920;252
8922;252
8924;252
8926;252
8928;252
8930;252
8932;252
8934;252
8936;252
8938;252
8940;252
8942;252
8944;252
8946;252
8948;252
8950;252
8952;252
8954;252
8956;252
8958;252
8960;252
8962;252
8964;252
8966;252
8968;252
8970;252
8972;252
8974;252
8976;252
8978;252
8980;252
8982;252
8984;252
8986;252
8988;252
8990;252
8992;252
8994;252
8996;252
8998;252
9000;249
9002;249
9004;249
9006;249
9008;249
9010;249
9012;249
9014;249
9016;249
9018;249
9020;249
9022;249
9024;249
9026;249
9028;249
9030;249
9032;249
9034;249
9036;249
9038;249
9040;249
9042;249
9044;249
9046;249
9048;249
9050;249
9052;249
9054;249
9056;249
9058;249
9060;249
9062;249
9064;249
9066;249
9068;249
9070;249
9072;249
9074;249
9076;249
9078;249
9080;249
9082;249
9084;249
9086;249
9088;249
9090;249
9092;249
9094;249
9096;249
9098;249
9100;249
9102;249
9104;249
9106;249
9108;249
9110;249
9112;249
9114;249
9116;249
9118;249
9120;249
9122;249
9124;249
9126;249
9128;249
9130;249
9132;249
9134;249
9136;249
9138;249
9140;249
9142;249
9144;249
9146;249
9148;249
9150;249
9152;249
9154;249
9156;249
9158;249
9160;249
9162;249
9164;249
9166;249
9168;249
9170;249
9172;249
9174;249
9176;249
9178;249
9180;249
9182;249
9184;249
9186;249
9188;249
9190;249
9192;249
9194;249
9196;249
9198;249
9200;249
9202;249
9204;249
9206;249
9208;249
9210;249
9212;249
9214;249
9216;249
9218;249
9220;249
9222;249
9224;249
9226;249
9228;249
9230;249
9232;249
9234;249
9236;249
9238;249
9240;249
9242;249
9244;249
9246;249
9248;249
9250;249
9252;249
9254;249
9256;249
9258;249
9260;249
9262;249
9264;249
9266;249
9268;249
9270;249
9272;249
9274;249
9276;249
9278;249
9280;249
9282;249
9284;249
9286;249
9288;249
9290;249
9292;249
9294;249
9296;249
9298;249
9300;249
9302;249
9304;249
9306;249
9308;249
9310;249
9312;249
9314;249
9316;249
9318;249
9320;249
9322;249
9324;249
9326;249
9328;249
9330;249
9332;249
9334;249
9336;249
9338;249
9340;249
9342;249
9344;249
9346;249
9348;249
9350;249
9352;249
9354;249
9356;249
9358;249
9360;249
9362;249
9364;249
9366;249
9368;249
9370;249
9372;249
9374;249
9376;249
9378;249
9380;249
9382;249
9384;249
9386;249
9388;249
9390;249
9392;249
9394;249
9396;249
9398;249
9400;249
9402;249
9404;249
9406;249
9408;249
9410;249
9412;249
9414;249
9416;249
9418;249
9420;249
9422;249
9424;249
9426;249
9428;249
9430;249
9432;249
9434;249
9436;249
9438;249
9440;249
9442;249
9444;249
9446;249
9448;249
9450;249
9452;249
9454;249
9456;249
9458;249
9460;249
9462;249
9464;249
9466;249
9468;249
9470;249
9472;249
9474;249
9476;249
9478;249
9480;249
9482;249
9484;249
9486;249
9488;249
9490;249
9492;249
9494;249
9496;249
9498;249
9500;249
9502;249
9504;249
9506;249
9508;249
9510;249
9512;249
9514;249
9516;249
9518;249
9520;249
9522;249
9524;249
9526;249
9528;249
9530;249
9532;249
9534;249
9536;249
9538;249
9540;249
9542;249
9544;249
9546;249
9548;249
9550;249
9552;249
9554;249
9556;249
9558;249
9560;249
9562;249
9564;249
9566;249
9568;249
9570;249
9572;249
9574;249
9576;249
9578;249
9580;249
9582;249
9584;249
9586;249
9588;249
9590;249
9592;249
9594;249
9596;249
9598;249
9600;249
9602;249
9604;249
9606;249
9608;249
9610;249
9612;249
9614;249
9616;249
9618;249
9620;249
9622;249
9624;249
9626;249
9628;249
9630;249
9632;249
9634;249
9636;249
9638;249
9640;249
9642;249
9644;249
9646;249
9648;249
9650;249
9652;249
9654;249
9656;249
9658;249
9660;249
9662;249
9664;249
9666;249
9668;249
9670;249
9672;249
9674;249
9676;249
9678;249
9680;249
9682;249
9684;249
9686;249
9688;249
9690;249
9692;249
9694;249
9696;249
9698;249
9700;249
9702;249
9704;249
9706;249
9708;249
9710;249
9712;249
9714;249
9716;249
9718;249
9720;249
9722;249
9724;249
9726;249
9728;249
9730;249
9732;249
9734;249
9736;249
9738;249
9740;249
9742;249
9744;249
9746;249
9748;249
9750;249
9752;249
9754;249
9756;249
9758;249
9760;249
9762;249
9764;249
9766;249
9768;249
9770;249
9772;249
9774;249
9776;249
9778;249
9780;249
9782;249
9784;249
9786;249
9788;249
9790;249
9792;249
9794;249
9796;249
9798;249
9800;249
9802;249
9804;249
9806;249
9808;249
9810;249
9812;249
9814;249
9816;249
9818;249
9820;249
9822;249
9824;249
9826;249
9828;249
9830;249
9832;249
9834;249
9836;249
9838;249
9840;249
9842;249
9844;249
9846;249
9848;249
9850;249
9852;249
9854;249
9856;249
9858;249
9860;249
9862;249
9864;249
9866;249
9868;249
9870;249
9872;249
9874;249
9876;249
9878;249
9880;249
9882;249
9884;249
9886;249
9888;249
9890;249
9892;249
9894;249
9896;249
9898;249
9900;63
9902;63
9904;63
9906;63
9908;63
9910;63
9912;63
9914;63
9916;63
9918;63
9920;63
9922;63
9924;63
9926;63
9928;63
9930;63
9932;63
9934;63
9936;63
9938;63
9940;63
9942;63
9944;63
9946;63
9948;63
9950;63
9952;63
9954;63
9956;63
9958;63
9960;63
9962;63
9964;63
9966;63
9968;63
9970;63
9972;63
9974;63
9976;63
9978;63
9980;63
9982;63
9984;63
9986;63
9988;63
9990;63
9992;63
9994;63
9996;63
9998;63
10000;63
10002;63
10004;63
10006;63
10008;63
10010;63
10012;63
10014;63
10016;63
10018;63
10020;63
10022;63
10024;63
10026;63
10028;63
10030;63
10032;63
10034;63
10036;63
10038;63
10040;63
10042;63
10044;63
10046;63
10048;63
10050;63
10052;63
10054;63
10056;63
10058;63
10060;63
10062;63
10064;63
10066;63
10068;63
10070;63
10072;63
10074;63
10076;63
10078;63
10080;63
10082;63
10084;63
10086;63
10088;63
10090;63
10092;63
10094;63
10096;63
10098;63
10100;63
10102;63
10104;63
10106;63
10108;63
10110;63
10112;63
10114;63
10116;63
10118;63
10120;63
10122;63
10124;63
10126;63
10128;63
10130;63
10132;63
10134;63
10136;63
10138;63
10140;63
10142;63
10144;63
10146;63
10148;63
10150;63
10152;63
10154;63
10156;63
10158;63
10160;63
10162;63
10164;63
10166;63
10168;63
10170;63
10172;63
10174;63
10176;63
10178;63
10180;63
10182;63
10184;63
10186;63
10188;63
10190;63
10192;63
10194;63
10196;63
10198;63
10200;63
10202;63
10204;63
10206;63
10208;63
10210;63
10212;63
10214;63
10216;63
10218;63
10220;63
10222;63
10224;63
10226;63
10228;63
10230;63
10232;63
10234;63
10236;63
10238;63
10240;63
10242;63
10244;63
10246;63
10248;63
10250;63
10252;63
10254;63
10256;63
10258;63
10260;63
10262;63
10264;63
10266;63
10268;63
10270;63
10272;63
10274;63
10276;63
10278;63
10280;63
10282;63
10284;63
10286;63
10288;63
10290;63
10292;63
10294;63
10296;63
10298;63
10300;63
10302;63
10304;63
10306;63
10308;63
10310;63
10312;63
10314;63
10316;63
10318;63
10320;63
10322;63
10324;63
10326;63
10328;63
10330;63
10332;63
10334;63
10336;63
10338;63
10340;63
10342;63
10344;63
10346;63
10348;63
10350;63
10352;63
10354;63
10356;63
10358;63
10360;63
10362;63
10364;63
10366;63
10368;63
10370;63
10372;63
10374;63
10376;63
10378;63
10380;63
10382;63
10384;63
10386;63
10388;63
10390;63
10392;63
10394;63
10396;63
10398;63
10400;63
10402;63
10404;63
10406;63
10408;63
10410;63
10412;63
10414;63
10416;63
10418;63
10420;63
10422;63
10424;63
10426;63
10428;63
10430;63
10432;63
10434;63
10436;63
10438;63
10440;63
10442;63
10444;63
10446;63
10448;63
10450;63
10452;63
10454;63
10456;63
10458;63
10460;63
10462;63
10464;63
10466;63
10468;63
10470;63
10472;63
10474;63
10476;63
10478;63
10480;63
10482;63
10484;63
10486;63
10488;63
10490;63
10492;63
10494;63
10496;63
10498;63
10500;63
10502;63
10504;63
10506;63
10508;63
10510;63
10512;63
10514;63
10516;63
10518;63
10520;63
10522;63
10524;63
10526;63
10528;63
10530;63
10532;63
10534;63
10536;63
10538;63
10540;63
10542;63
10544;63
10546;63
10548;63
10550;63
10552;63
10554;63
10556;63
10558;63
10560;63
10562;63
10564;63
10566;63
10568;63
10570;63
10572;63
10574;63
10576;63
10578;63
10580;63
10582;63
10584;63
10586;63
10588;63
10590;63
10592;63
10594;63
10596;63
10598;63
10600;63
10602;63
10604;63
10606;63
10608;63
10610;63
10612;63
10614;63
10616;63
10618;63
10620;63
10622;63
10624;63
10626;63
10628;63
10630;63
10632;63
10634;63
10636;63
10638;63
10640;63
10642;63
10644;63
10646;63
10648;63
10650;63
10652;63
10654;63
10656;63
10658;63
10660;63
10662;63
10664;63
10666;63
10668;63
10670;63
10672;63
10674;63
10676;63
10678;63
10680;63
10682;63
10684;63
10686;63
10688;63
10690;63
10692;63
10694;63
10696;63
10698;63
10700;63
10702;63
10704;63
10706;63
10708;63
10710;63
10712;63
10714;63
10716;63
10718;63
10720;63
10722;63
10724;63
10726;63
10728;63
10730;63
10732;63
10734;63
10736;63
10738;63
10740;63
10742;63
10744;63
10746;63
10748;63
10750;63
10752;63
10754;63
10756;63
10758;63
10760;63
10762;63
10764;63
10766;63
10768;63
10770;63
10772;63
10774;63
10776;63
10778;63
10780;63
10782;63
10784;63
10786;63
10788;63
10790;63
10792;63
10794;63
10796;63
10798;63
10800;139
10802;139
10804;139
10806;139
10808;139
10810;139
10812;139
10814;139
10816;139
10818;139
10820;139
10822;139
10824;139
10826;139
10828;139
10830;139
10832;139
10834;139
10836;139
10838;139
10840;139
10842;139
10844;139
10846;139
10848;139
10850;139
10852;139
10854;139
10856;139
10858;139
10860;139
10862;139
10864;139
10866;139
10868;139
10870;139
10872;139
10874;139
10876;139
10878;139
10880;139
10882;139
10884;139
10886;139
10888;139
10890;139
10892;139
10894;139
10896;139
10898;139
10900;139
10902;139
10904;139
10906;139
10908;139
10910;139
10912;139
10914;139
10916;139
10918;139
10920;139
10922;139
10924;139
10926;139
10928;139
10930;139
10932;139
10934;139
10936;139
10938;139
10940;139
10942;139
10944;139
10946;139
10948;139
10950;139
10952;139
10954;139
10956;139
10958;139
10960;139
10962;139
10964;139
10966;139
10968;139
10970;139
10972;139
10974;139
10976;139
10978;139
10980;139
10982;139
10984;139
10986;139
10988;139
10990;139
10992;139
10994;139
10996;139
10998;139
11000;139
11002;139
11004;139
11006;139
11008;139
11010;139
11012;139
11014;139
11016;139
11018;139
11020;139
11022;139
11024;139
11026;139
11028;139
11030;139
11032;139
11034;139
11036;139
11038;139
11040;139
11042;139
11044;139
11046;139
11048;139
11050;139
11052;139
11054;139
11056;139
11058;139
11060;139
11062;139
11064;139
11066;139
11068;139
11070;139
11072;139
11074;139
11076;139
11078;139
11080;139
11082;139
11084;139
11086;139
11088;139
11090;139
11092;139
11094;139
11096;139
11098;139
11100;139
11102;139
11104;139
11106;139
11108;139
11110;139
11112;139
11114;139
11116;139
11118;139
11120;139
11122;139
11124;139
11126;139
11128;139
11130;139
11132;139
11134;139
11136;139
11138;139
11140;139
11142;139
11144;139
11146;139
11148;139
11150;139
11152;139
11154;139
11156;139
11158;139
11160;139
11162;139
11164;139
11166;139
11168;139
11170;139
11172;139
11174;139
11176;139
11178;139
11180;139
11182;139
11184;139
11186;139
11188;139
11190;139
11192;139
11194;139
11196;139
11198;139
11200;139
11202;139
11204;139
11206;139
11208;139
11210;139
11212;139
11214;139
11216;139
11218;139
11220;139
11222;139
11224;139
11226;139
11228;139
11230;139
11232;139
11234;139
11236;139
11238;139
11240;139
11242;139
11244;139
11246;139
11248;139
11250;139
11252;139
11254;139
11256;139
11258;139
11260;139
11262;139
11264;139
11266;139
11268;139
11270;139
11272;139
11274;139
11276;139
11278;139
11280;139
11282;139
11284;139
11286;139
11288;139
11290;139
11292;139
11294;139
11296;139
11298;139
11300;139
11302;139
11304;139
11306;139
11308;139
11310;139
11312;139
11314;139
11316;139
11318;139
11320;139
11322;139
11324;139
11326;139
11328;139
11330;139
11332;139
11334;139
11336;139
11338;139
11340;139
11342;139
11344;139
11346;139
11348;139
11350;139
11352;139
11354;139
11356;139
11358;139
11360;139
11362;139
11364;139
11366;139
11368;139
11370;139
11372;139
11374;139
11376;139
11378;139
11380;139
11382;139
11384;139
11386;139
11388;139
11390;139
11392;139
11394;139
11396;139
11398;139
11400;139
11402;139
11404;139
11406;139
11408;139
11410;139
11412;139
11414;139
11416;139
11418;139
11420;139
11422;139
11424;139
11426;139
11428;139
11430;139
11432;139
11434;139
11436;139
11438;139
11440;139
11442;139
11444;139
11446;139
11448;139
11450;139
11452;139
11454;139
11456;139
11458;139
11460;139
11462;139
11464;139
11466;139
11468;139
11470;139
11472;139
11474;139
11476;139
11478;139
11480;139
11482;139
11484;139
11486;139
11488;139
11490;139
11492;139
11494;139
11496;139
11498;139
11500;139
11502;139
11504;139
11506;139
11508;139
11510;139
11512;139
11514;139
11516;139
11518;139
11520;139
11522;139
11524;139
11526;139
11528;139
11530;139
11532;139
11534;139
11536;139
11538;139
11540;139
11542;139
11544;139
11546;139
11548;139
11550;139
11552;139
11554;139
11556;139
11558;139
11560;139
11562;139
11564;139
11566;139
11568;139
11570;139
11572;139
11574;139
11576;139
11578;139
11580;139
11582;139
11584;139
11586;139
11588;139
11590;139
11592;139
11594;139
11596;139
11598;139
11600;139
11602;139
11604;139
11606;139
11608;139
11610;139
11612;139
11614;139
11616;139
11618;139
11620;139
11622;139
11624;139
11626;139
11628;139
11630;139
11632;139
11634;139
11636;139
11638;139
11640;139
11642;139
11644;139
11646;139
11648;139
11650;139
11652;139
11654;139
11656;139
11658;139
11660;139
11662;139
11664;139
11666;139
11668;139
11670;139
11672;139
11674;139
11676;139
11678;139
11680;139
11682;139
11684;139
11686;139
11688;139
11690;139
11692;139
11694;139
11696;139
11698;139
11700;141
11702;141
11704;141
11706;141
11708;141
11710;141
11712;141
11714;141
11716;141
11718;141
11720;141
11722;141
11724;141
11726;141
11728;141
11730;141
11732;141
11734;141
11736;141
11738;141
11740;141
11742;141
11744;141
11746;141
11748;141
11750;141
11752;141
11754;141
11756;141
11758;141
11760;141
11762;141
11764;141
11766;141
11768;141
11770;141
11772;141
11774;141
11776;141
11778;141
11780;141
11782;141
11784;141
11786;141
11788;141
11790;141
11792;141
11794;141
11796;141
11798;141
11800;141
11802;141
11804;141
11806;141
11808;141
11810;141
11812;141
11814;141
11816;141
11818;141
11820;141
11822;141
11824;141
11826;141
11828;141
11830;141
11832;141
11834;141
11836;141
11838;141
11840;141
11842;141
11844;141
11846;141
11848;141
11850;141
11852;141
11854;141
11856;141
11858;141
11860;141
11862;141
11864;141
11866;141
11868;141
11870;141
11872;141
11874;141
11876;141
11878;141
11880;141
11882;141
11884;141
11886;141
11888;141
11890;141
11892;141
11894;141
11896;141
11898;141
11900;141
11902;141
11904;141
11906;141
11908;141
11910;141
11912;141
11914;141
11916;141
11918;141
11920;141
11922;141
11924;141
11926;141
11928;141
11930;141
11932;141
11934;141
11936;141
11938;141
11940;141
11942;141
11944;141
11946;141
11948;141
11950;141
11952;141
11954;141
11956;141
11958;141
11960;141
11962;141
11964;141
11966;141
11968;141
11970;141
11972;141
11974;141
11976;141
11978;141
11980;141
11982;141
11984;141
11986;141
11988;141
11990;141
11992;141
11994;141
11996;141
11998;141
12000;141
12002;141
12004;141
12006;141
12008;141
12010;141
12012;141
12014;141
12016;141
12018;141
12020;141
12022;141
12024;141
12026;141
12028;141
12030;141
12032;141
12034;141
12036;141
12038;141
12040;141
12042;141
12044;141
12046;141
12048;141
12050;141
12052;141
12054;141
12056;141
12058;141
12060;141
12062;141
12064;141
12066;141
12068;141
12070;141
12072;141
12074;141
12076;141
12078;141
12080;141
12082;141
12084;141
12086;141
12088;141
12090;141
12092;141
12094;141
12096;141
12098;141
12100;141
12102;141
12104;141
12106;141
12108;141
12110;141
12112;141
12114;141
12116;141
12118;141
12120;141
12122;141
12124;141
12126;141
12128;141
12130;141
12132;141
12134;141
12136;141
12138;141
12140;141
12142;141
12144;141
12146;141
12148;141
12150;141
12152;141
12154;141
12156;141
12158;141
12160;141
12162;141
12164;141
12166;141
12168;141
12170;141
12172;141
12174;141
12176;141
12178;141
12180;141
12182;141
12184;141
12186;141
12188;141
12190;141
12192;141
12194;141
12196;141
12198;141
12200;141
12202;141
12204;141
12206;141
12208;141
12210;141
12212;141
12214;141
12216;141
12218;141
12220;141
12222;141
12224;141
12226;141
12228;141
12230;141
12232;141
12234;141
12236;141
12238;141
12240;141
12242;141
12244;141
12246;141
12248;141
12250;141
12252;141
12254;141
12256;141
12258;141
12260;141
12262;141
12264;141
12266;141
12268;141
12270;141
12272;141
12274;141
12276;141
12278;141
12280;141
12282;141
12284;141
12286;141
12288;141
12290;141
12292;141
12294;141
12296;141
12298;141
12300;141
12302;141
12304;141
12306;141
12308;141
12310;141
12312;141
12314;141
12316;141
12318;141
12320;141
12322;141
12324;141
12326;141
12328;141
12330;141
12332;141
12334;141
12336;141
12338;141
12340;141
12342;141
12344;141
12346;141
12348;141
12350;141
12352;141
12354;141
12356;141
12358;141
12360;141
12362;141
12364;141
12366;141
12368;141
12370;141
12372;141
12374;141
12376;141
12378;141
12380;141
12382;141
12384;141
12386;141
12388;141
12390;141
12392;141
12394;141
12396;141
12398;141
12400;141
12402;141
12404;141
12406;141
12408;141
12410;141
12412;141
12414;141
12416;141
12418;141
12420;141
12422;141
12424;141
12426;141
12428;141
12430;141
12432;141
12434;141
12436;141
12438;141
12440;141
12442;141
12444;141
12446;141
12448;141
12450;141
12452;141
12454;141
12456;141
12458;141
12460;141
12462;141
12464;141
12466;141
12468;141
12470;141
12472;141
12474;141
12476;141
12478;141
12480;141
12482;141
12484;141
12486;141
12488;141
12490;141
12492;141
12494;141
12496;141
12498;141
12500;141
12502;141
12504;141
12506;141
12508;141
12510;141
12512;141
12514;141
12516;141
12518;141
12520;141
12522;141
12524;141
12526;141
12528;141
12530;141
12532;141
12534;141
12536;141
12538;141
12540;141
12542;141
12544;141
12546;141
12548;141
12550;141
12552;141
12554;141
12556;141
12558;141
12560;141
12562;141
12564;141
12566;141
12568;141
12570;141
12572;141
12574;141
12576;141
12578;141
12580;141
12582;141
12584;141
12586;141
12588;141
12590;141
12592;141
12594;141
12596;141
12598;141
12600;214
12602;214
12604;214
12606;214
12608;214
12610;214
12612;214
12614;214
12616;214
12618;214
12620;214
12622;214
12624;214
12626;214
12628;214
12630;214
12632;214
12634;214
12636;214
12638;214
12640;214
12642;214
12644;214
12646;214
12648;214
12650;214
12652;214
12654;214
12656;214
12658;214
12660;214
12662;214
12664;214
12666;214
12668;214
12670;214
12672;214
12674;214
12676;214
12678;214
12680;214
12682;214
12684;214
12686;214
12688;214
12690;214
12692;214
12694;214
12696;214
12698;214
12700;214
12702;214
12704;214
12706;214
12708;214
12710;214
12712;214
12714;214
12716;214
12718;214
12720;214
12722;214
12724;214
12726;214
12728;214
12730;214
12732;214
12734;214
12736;214
12738;214
12740;214
12742;214
12744;214
12746;214
12748;214
12750;214
12752;214
12754;214
12756;214
12758;214
12760;214
12762;214
12764;214
12766;214
12768;214
12770;214
12772;214
12774;214
12776;214
12778;214
12780;214
12782;214
12784;214
12786;214
12788;214
12790;214
12792;214
12794;214
12796;214
12798;214
12800;214
12802;214
12804;214
12806;214
12808;214
12810;214
12812;214
12814;214
12816;214
12818;214
12820;214
12822;214
12824;214
12826;214
12828;214
12830;214
12832;214
12834;214
12836;214
12838;214
12840;214
12842;214
12844;214
12846;214
12848;214
12850;214
12852;214
12854;214
12856;214
12858;214
12860;214
12862;214
12864;214
12866;214
12868;214
12870;214
12872;214
12874;214
12876;214
12878;214
12880;214
12882;214
12884;214
12886;214
12888;214
12890;214
12892;214
12894;214
12896;214
12898;214
12900;214
12902;214
12904;214
12906;214
12908;214
12910;214
12912;214
12914;214
12916;214
12918;214
12920;214
12922;214
12924;214
12926;214
12928;214
12930;214
12932;214
12934;214
12936;214
12938;214
12940;214
12942;214
12944;214
12946;214
12948;214
12950;214
12952;214
12954;214
12956;214
12958;214
12960;214
12962;214
12964;214
12966;214
12968;214
12970;214
12972;214
12974;214
12976;214
12978;214
12980;214
12982;214
12984;214
12986;214
12988;214
12990;214
12992;214
12994;214
12996;214
12998;214
13000;214
13002;214
13004;214
13006;214
13008;214
13010;214
13012;214
13014;214
13016;214
13018;214
13020;214
13022;214
13024;214
13026;214
13028;214
13030;214
13032;214
13034;214
13036;214
13038;214
13040;214
13042;214
13044;214
13046;214
13048;214
13050;214
13052;214
13054;214
13056;214
13058;214
13060;214
13062;214
13064;214
13066;214
13068;214
13070;214
13072;214
13074;214
13076;214
13078;214
13080;214
13082;214
13084;214
13086;214
13088;214
13090;214
13092;214
13094;214
13096;214
13098;214
13100;214
13102;214
13104;214
13106;214
13108;214
13110;214
13112;214
13114;214
13116;214
13118;214
13120;214
13122;214
13124;214
13126;214
13128;214
13130;214
13132;214
13134;214
13136;214
13138;214
13140;214
13142;214
13144;214
13146;214
13148;214
13150;214
13152;214
13154;214
13156;214
13158;214
13160;214
13162;214
13164;214
13166;214
13168;214
13170;214
13172;214
13174;214
13176;214
13178;214
13180;214
13182;214
13184;214
13186;214
13188;214
13190;214
13192;214
13194;214
13196;214
13198;214
13200;214
13202;214
13204;214
13206;214
13208;214
13210;214
13212;214
13214;214
13216;214
13218;214
13220;214
13222;214
13224;214
13226;214
13228;214
13230;214
13232;214
13234;214
13236;214
13238;214
13240;214
13242;214
13244;214
13246;214
13248;214
13250;214
13252;214
13254;214
13256;214
13258;214
13260;214
13262;214
13264;214
13266;214
13268;214
13270;214
13272;214
13274;214
13276;214
13278;214
13280;214
13282;214
13284;214
13286;214
13288;214
13290;214
13292;214
13294;214
13296;214
13298;214
13300;214
13302;214
13304;214
13306;214
13308;214
13310;214
13312;214
13314;214
13316;214
13318;214
13320;214
13322;214
13324;214
13326;214
13328;214
13330;214
13332;214
13334;214
13336;214
13338;214
13340;214
13342;214
13344;214
13346;214
13348;214
13350;214
13352;214
13354;214
13356;214
13358;214
13360;214
13362;214
13364;214
13366;214
13368;214
13370;214
13372;214
13374;214
13376;214
13378;214
13380;214
13382;214
13384;214
13386;214
13388;214
13390;214
13392;214
13394;214
13396;214
13398;214
13400;214
13402;214
13404;214
13406;214
13408;214
13410;214
13412;214
13414;214
13416;214
13418;214
13420;214
13422;214
13424;214
13426;214
13428;214
13430;214
13432;214
13434;214
13436;214
13438;214
13440;214
13442;214
13444;214
13446;214
13448;214
13450;214
13452;214
13454;214
13456;214
13458;214
13460;214
13462;214
13464;214
13466;214
13468;214
13470;214
13472;214
13474;214
13476;214
13478;214
13480;214
13482;214
13484;214
13486;214
13488;214
13490;214
13492;214
13494;214
13496;214
13498;214
13500;326
13502;326
13504;326
13506;326
13508;326
13510;326
13512;326
13514;326
13516;326
13518;326
13520;326
13522;326
13524;326
13526;326
13528;326
13530;326
13532;326
13534;326
13536;326
13538;326
13540;326
13542;326
13544;326
13546;326
13548;326
13550;326
13552;326
13554;326
13556;326
13558;326
13560;326
13562;326
13564;326
13566;326
13568;326
13570;326
13572;326
13574;326
13576;326
13578;326
13580;326
13582;326
13584;326
13586;326
13588;326
13590;326
13592;326
13594;326
13596;326
13598;326
13600;326
13602;326
13604;326
13606;326
13608;326
13610;326
13612;326
13614;326
13616;326
13618;326
13620;326
13622;326
13624;326
13626;326
13628;326
13630;326
13632;326
13634;326
13636;326
13638;326
13640;326
13642;326
13644;326
13646;326
13648;326
13650;326
13652;326
13654;326
13656;326
13658;326
13660;326
13662;326
13664;326
13666;326
13668;326
13670;326
13672;326
13674;326
13676;326
13678;326
13680;326
13682;326
13684;326
13686;326
13688;326
13690;326
13692;326
13694;326
13696;326
13698;326
13700;326
13702;326
13704;326
13706;326
13708;326
13710;326
13712;326
13714;326
13716;326
13718;326
13720;326
13722;326
13724;326
13726;326
13728;326
13730;326
13732;326
13734;326
13736;326
13738;326
13740;326
13742;326
13744;326
13746;326
13748;326
13750;326
13752;326
13754;326
13756;326
13758;326
13760;326
13762;326
13764;326
13766;326
13768;326
13770;326
13772;326
13774;326
13776;326
13778;326
13780;326
13782;326
13784;326
13786;326
13788;326
13790;326
13792;326
13794;326
13796;326
13798;326
13800;326
13802;326
13804;326
13806;326
13808;326
13810;326
13812;326
13814;326
13816;326
13818;326
13820;326
13822;326
13824;326
13826;326
13828;326
13830;326
13832;326
13834;326
13836;326
13838;326
13840;326
13842;326
13844;326
13846;326
13848;326
13850;326
13852;326
13854;326
13856;326
13858;326
13860;326
13862;326
13864;326
13866;326
13868;326
13870;326
13872;326
13874;326
13876;326
13878;326
13880;326
13882;326
13884;326
13886;326
13888;326
13890;326
13892;326
13894;326
13896;326
13898;326
13900;326
13902;326
13904;326
13906;326
13908;326
13910;326
13912;326
13914;326
13916;326
13918;326
13920;326
13922;326
13924;326
13926;326
13928;326
13930;326
13932;326
13934;326
13936;326
13938;326
13940;326
13942;326
13944;326
13946;326
13948;326
13950;326
13952;326
13954;326
13956;326
13958;326
13960;326
13962;326
13964;326
13966;326
13968;326
13970;326
13972;326
13974;326
13976;326
13978;326
13980;326
13982;326
13984;326
13986;326
13988;326
13990;326
13992;326
13994;326
13996;326
13998;326
14000;326
14002;326
14004;326
14006;326
14008;326
14010;326
14012;326
14014;326
14016;326
14018;326
14020;326
14022;326
14024;326
14026;326
14028;326
14030;326
14032;326
14034;326
14036;326
14038;326
14040;326
14042;326
14044;326
14046;326
14048;326
14050;326
14052;326
14054;326
14056;326
14058;326
14060;326
14062;326
14064;326
14066;326
14068;326
14070;326
14072;326
14074;326
14076;326
14078;326
14080;326
14082;326
14084;326
14086;326
14088;326
14090;326
14092;326
14094;326
14096;326
14098;326
14100;326
14102;326
14104;326
14106;326
14108;326
14110;326
14112;326
14114;326
14116;326
14118;326
14120;326
14122;326
14124;326
14126;326
14128;326
14130;326
14132;326
14134;326
14136;326
14138;326
14140;326
14142;326
14144;326
14146;326
14148;326
14150;326
14152;326
14154;326
14156;326
14158;326
14160;326
14162;326
14164;326
14166;326
14168;326
14170;326
14172;326
14174;326
14176;326
14178;326
14180;326
14182;326
14184;326
14186;326
14188;326
14190;326
14192;326
14194;326
14196;326
14198;326
14200;326
14202;326
14204;326
14206;326
14208;326
14210;326
14212;326
14214;326
14216;326
14218;326
14220;326
14222;326
14224;326
14226;326
14228;326
14230;326
14232;326
14234;326
14236;326
14238;326
14240;326
14242;326
14244;326
14246;326
14248;326
14250;326
14252;326
14254;326
14256;326
14258;326
14260;326
14262;326
14264;326
14266;326
14268;326
14270;326
14272;326
14274;326
14276;326
14278;326
14280;326
14282;326
14284;326
14286;326
14288;326
14290;326
14292;326
14294;326
14296;326
14298;326
14300;326
14302;326
14304;326
14306;326
14308;326
14310;326
14312;326
14314;326
14316;326
14318;326
14320;326
14322;326
14324;326
14326;326
14328;326
14330;326
14332;326
14334;326
14336;326
14338;326
14340;326
14342;326
14344;326
14346;326
14348;326
14350;326
14352;326
14354;326
14356;326
14358;326
14360;326
14362;326
14364;326
14366;326
14368;326
14370;326
14372;326
14374;326
14376;326
14378;326
14380;326
14382;326
14384;326
14386;326
14388;326
14390;326
14392;326
14394;326
14396;326
14398;326
14400;252
14402;252
14404;252
14406;252
14408;252
14410;252
14412;252
14414;252
14416;252
14418;252
14420;252
14422;252
14424;252
14426;252
14428;252
14430;252
14432;252
14434;252
14436;252
14438;252
14440;252
14442;252
14444;252
14446;252
14448;252
14450;252
14452;252
14454;252
14456;252
14458;252
14460;252
14462;252
14464;252
14466;252
14468;252
14470;252
14472;252
14474;252
14476;252
14478;252
14480;252
14482;252
14484;252
14486;252
14488;252
14490;252
14492;252
14494;252
14496;252
14498;252
14500;252
14502;252
14504;252
14506;252
14508;252
14510;252
14512;252
14514;252
14516;252
14518;252
14520;252
14522;252
14524;252
14526;252
14528;252
14530;252
14532;252
14534;252
14536;252
14538;252
14540;252
14542;252
14544;252
14546;252
14548;252
14550;252
14552;252
14554;252
14556;252
14558;252
14560;252
14562;252
14564;252
14566;252
14568;252
14570;252
14572;252
14574;252
14576;252
14578;252
14580;252
14582;252
14584;252
14586;252
14588;252
14590;252
14592;252
14594;252
14596;252
14598;252
14600;252
14602;252
14604;252
14606;252
14608;252
14610;252
14612;252
14614;252
14616;252
14618;252
14620;252
14622;252
14624;252
14626;252
14628;252
14630;252
14632;252
14634;252
14636;252
14638;252
14640;252
14642;252
14644;252
14646;252
14648;252
14650;252
14652;252
14654;252
14656;252
14658;252
14660;252
14662;252
14664;252
14666;252
14668;252
14670;252
14672;252
14674;252
14676;252
14678;252
14680;252
14682;252
14684;252
14686;252
14688;252
14690;252
14692;252
14694;252
14696;252
14698;252
14700;252
14702;252
14704;252
14706;252
14708;252
14710;252
14712;252
14714;252
14716;252
14718;252
14720;252
14722;252
14724;252
14726;252
14728;252
14730;252
14732;252
14734;252
14736;252
14738;252
14740;252
14742;252
14744;252
14746;252
14748;252
14750;252
14752;252
14754;252
14756;252
14758;252
14760;252
14762;252
14764;252
14766;252
14768;252
14770;252
14772;252
14774;252
14776;252
14778;252
14780;252
14782;252
14784;252
14786;252
14788;252
14790;252
14792;252
14794;252
14796;252
14798;252
14800;252
14802;252
14804;252
14806;252
14808;252
14810;252
14812;252
14814;252
14816;252
14818;252
14820;252
14822;252
14824;252
14826;252
14828;252
14830;252
14832;252
14834;252
14836;252
14838;252
14840;252
14842;252
14844;252
14846;252
14848;252
14850;252
14852;252
14854;252
14856;252
14858;252
14860;252
14862;252
14864;252
14866;252
14868;252
14870;252
14872;252
14874;252
14876;252
14878;252
14880;252
14882;252
14884;252
14886;252
14888;252
14890;252
14892;252
14894;252
14896;252
14898;252
14900;252
14902;252
14904;252
14906;252
14908;252
14910;252
14912;252
14914;252
14916;252
14918;252
14920;252
14922;252
14924;252
14926;252
14928;252
14930;252
14932;252
14934;252
14936;252
14938;252
14940;252
14942;252
14944;252
14946;252
14948;252
14950;252
14952;252
14954;252
14956;252
14958;252
14960;252
14962;252
14964;252
14966;252
14968;252
14970;252
14972;252
14974;252
14976;252
14978;252
14980;252
14982;252
14984;252
14986;252
14988;252
14990;252
14992;252
14994;252
14996;252
14998;252
15000;252
15002;252
15004;252
15006;252
15008;252
15010;252
15012;252
15014;252
15016;252
15018;252
15020;252
15022;252
15024;252
15026;252
15028;252
15030;252
15032;252
15034;252
15036;252
15038;252
15040;252
15042;252
15044;252
15046;252
15048;252
15050;252
15052;252
15054;252
15056;252
15058;252
15060;252
15062;252
15064;252
15066;252
15068;252
15070;252
15072;252
15074;252
15076;252
15078;252
15080;252
15082;252
15084;252
15086;252
15088;252
15090;252
15092;252
15094;252
15096;252
15098;252
15100;252
15102;252
15104;252
15106;252
15108;252
15110;252
15112;252
15114;252
15116;252
15118;252
15120;252
15122;252
15124;252
15126;252
15128;252
15130;252
15132;252
15134;252
15136;252
15138;252
15140;252
15142;252
15144;252
15146;252
15148;252
15150;252
15152;252
15154;252
15156;252
15158;252
15160;252
15162;252
15164;252
15166;252
15168;252
15170;252
15172;252
15174;252
15176;252
15178;252
15180;252
15182;252
15184;252
15186;252
15188;252
15190;252
15192;252
15194;252
15196;252
15198;252
15200;252
15202;252
15204;252
15206;252
15208;252
15210;252
15212;252
15214;252
15216;252
15218;252
15220;252
15222;252
15224;252
15226;252
15228;252
15230;252
15232;252
15234;252
15236;252
15238;252
15240;252
15242;252
15244;252
15246;252
15248;252
15250;252
15252;252
15254;252
15256;252
15258;252
15260;252
15262;252
15264;252
15266;252
15268;252
15270;252
15272;252
15274;252
15276;252
15278;252
15280;252
15282;252
15284;252
15286;252
15288;252
15290;252
15292;252
15294;252
15296;252
15298;252
15300;138
15302;138
15304;138
15306;138
15308;138
15310;138
15312;138
15314;138
15316;138
15318;138
15320;138
15322;138
15324;138
15326;138
15328;138
15330;138
15332;138
15334;138
15336;138
15338;138
15340;138
15342;138
15344;138
15346;138
15348;138
15350;138
15352;138
15354;138
15356;138
15358;138
15360;138
15362;138
15364;138
15366;138
15368;138
15370;138
15372;138
15374;138
15376;138
15378;138
15380;138
15382;138
15384;138
15386;138
15388;138
15390;138
15392;138
15394;138
15396;138
15398;138
15400;138
15402;138
15404;138
15406;138
15408;138
15410;138
15412;138
15414;138
15416;138
15418;138
15420;138
15422;138
15424;138
15426;138
15428;138
15430;138
15432;138
15434;138
15436;138
15438;138
15440;138
15442;138
15444;138
15446;138
15448;138
15450;138
15452;138
15454;138
15456;138
15458;138
15460;138
15462;138
15464;138
15466;138
15468;138
15470;138
15472;138
15474;138
15476;138
15478;138
15480;138
15482;138
15484;138
15486;138
15488;138
15490;138
15492;138
15494;138
15496;138
15498;138
15500;138
15502;138
15504;138
15506;138
15508;138
15510;138
15512;138
15514;138
15516;138
15518;138
15520;138
15522;138
15524;138
15526;138
15528;138
15530;138
15532;138
15534;138
15536;138
15538;138
15540;138
15542;138
15544;138
15546;138
15548;138
15550;138
15552;138
15554;138
15556;138
15558;138
15560;138
15562;138
15564;138
15566;138
15568;138
15570;138
15572;138
15574;138
15576;138
15578;138
15580;138
15582;138
15584;138
15586;138
15588;138
15590;138
15592;138
15594;138
15596;138
15598;138
15600;138
15602;138
15604;138
15606;138
15608;138
15610;138
15612;138
15614;138
15616;138
15618;138
15620;138
15622;138
15624;138
15626;138
15628;138
15630;138
15632;138
15634;138
15636;138
15638;138
15640;138
15642;138
15644;138
15646;138
15648;138
15650;138
15652;138
15654;138
15656;138
15658;138
15660;138
15662;138
15664;138
15666;138
15668;138
15670;138
15672;138
15674;138
15676;138
15678;138
15680;138
15682;138
15684;138
15686;138
15688;138
15690;138
15692;138
15694;138
15696;138
15698;138
15700;138
15702;138
15704;138
15706;138
15708;138
15710;138
15712;138
15714;138
15716;138
15718;138
15720;138
15722;138
15724;138
15726;138
15728;138
15730;138
15732;138
15734;138
15736;138
15738;138
15740;138
15742;138
15744;138
15746;138
15748;138
15750;138
15752;138
15754;138
15756;138
15758;138
15760;138
15762;138
15764;138
15766;138
15768;138
15770;138
15772;138
15774;138
15776;138
15778;138
15780;138
15782;138
15784;138
15786;138
15788;138
15790;138
15792;138
15794;138
15796;138
15798;138
15800;138
15802;138
15804;138
15806;138
15808;138
15810;138
15812;138
15814;138
15816;138
15818;138
15820;138
15822;138
15824;138
15826;138
15828;138
15830;138
15832;138
15834;138
15836;138
15838;138
15840;138
15842;138
15844;138
15846;138
15848;138
15850;138
15852;138
15854;138
15856;138
15858;138
15860;138
15862;138
15864;138
15866;138
15868;138
15870;138
15872;138
15874;138
15876;138
15878;138
15880;138
15882;138
15884;138
15886;138
15888;138
15890;138
15892;138
15894;138
15896;138
15898;138
15900;138
15902;138
15904;138
15906;138
15908;138
15910;138
15912;138
15914;138
15916;138
15918;138
15920;138
15922;138
15924;138
15926;138
15928;138
15930;138
15932;138
15934;138
15936;138
15938;138
15940;138
15942;138
15944;138
15946;138
15948;138
15950;138
15952;138
15954;138
15956;138
15958;138
15960;138
15962;138
15964;138
15966;138
15968;138
15970;138
15972;138
15974;138
15976;138
15978;138
15980;138
15982;138
15984;138
15986;138
15988;138
15990;138
15992;138
15994;138
15996;138
15998;138
16000;138
16002;138
16004;138
16006;138
16008;138
16010;138
16012;138
16014;138
16016;138
16018;138
16020;138
16022;138
16024;138
16026;138
16028;138
16030;138
16032;138
16034;138
16036;138
16038;138
16040;138
16042;138
16044;138
16046;138
16048;138
16050;138
16052;138
16054;138
16056;138
16058;138
16060;138
16062;138
16064;138
16066;138
16068;138
16070;138
16072;138
16074;138
16076;138
16078;138
16080;138
16082;138
16084;138
16086;138
16088;138
16090;138
16092;138
16094;138
16096;138
16098;138
16100;138
16102;138
16104;138
16106;138
16108;138
16110;138
16112;138
16114;138
16116;138
16118;138
16120;138
16122;138
16124;138
16126;138
16128;138
16130;138
16132;138
16134;138
16136;138
16138;138
16140;138
16142;138
16144;138
16146;138
16148;138
16150;138
16152;138
16154;138
16156;138
16158;138
16160;138
16162;138
16164;138
16166;138
16168;138
16170;138
16172;138
16174;138
16176;138
16178;138
16180;138
16182;138
16184;138
16186;138
16188;138
16190;138
16192;138
16194;138
16196;138
16198;138
16200;63
16202;63
16204;63
16206;63
16208;63
16210;63
16212;63
16214;63
16216;63
16218;63
16220;63
16222;63
16224;63
16226;63
16228;63
16230;63
16232;63
16234;63
16236;63
16238;63
16240;63
16242;63
16244;63
16246;63
16248;63
16250;63
16252;63
16254;63
16256;63
16258;63
16260;63
16262;63
16264;63
16266;63
16268;63
16270;63
16272;63
16274;63
16276;63
16278;63
16280;63
16282;63
16284;63
16286;63
16288;63
16290;63
16292;63
16294;63
16296;63
16298;63
16300;63
16302;63
16304;63
16306;63
16308;63
16310;63
16312;63
16314;63
16316;63
16318;63
16320;63
16322;63
16324;63
16326;63
16328;63
16330;63
16332;63
16334;63
16336;63
16338;63
16340;63
16342;63
16344;63
16346;63
16348;63
16350;63
16352;63
16354;63
16356;63
16358;63
16360;63
16362;63
16364;63
16366;63
16368;63
16370;63
16372;63
16374;63
16376;63
16378;63
16380;63
16382;63
16384;63
16386;63
16388;63
16390;63
16392;63
16394;63
16396;63
16398;63
16400;63
16402;63
16404;63
16406;63
16408;63
16410;63
16412;63
16414;63
16416;63
16418;63
16420;63
16422;63
16424;63
16426;63
16428;63
16430;63
16432;63
16434;63
16436;63
16438;63
16440;63
16442;63
16444;63
16446;63
16448;63
16450;63
16452;63
16454;63
16456;63
16458;63
16460;63
16462;63
16464;63
16466;63
16468;63
16470;63
16472;63
16474;63
16476;63
16478;63
16480;63
16482;63
16484;63
16486;63
16488;63
16490;63
16492;63
16494;63
16496;63
16498;63
16500;63
16502;63
16504;63
16506;63
16508;63
16510;63
16512;63
16514;63
16516;63
16518;63
16520;63
16522;63
16524;63
16526;63
16528;63
16530;63
16532;63
16534;63
16536;63
16538;63
16540;63
16542;63
16544;63
16546;63
16548;63
16550;63
16552;63
16554;63
16556;63
16558;63
16560;63
16562;63
16564;63
16566;63
16568;63
16570;63
16572;63
16574;63
16576;63
16578;63
16580;63
16582;63
16584;63
16586;63
16588;63
16590;63
16592;63
16594;63
16596;63
16598;63
16600;63
16602;63
16604;63
16606;63
16608;63
16610;63
16612;63
16614;63
16616;63
16618;63
16620;63
16622;63
16624;63
16626;63
16628;63
16630;63
16632;63
16634;63
16636;63
16638;63
16640;63
16642;63
16644;63
16646;63
16648;63
16650;63
16652;63
16654;63
16656;63
16658;63
16660;63
16662;63
16664;63
16666;63
16668;63
16670;63
16672;63
16674;63
16676;63
16678;63
16680;63
16682;63
16684;63
16686;63
16688;63
16690;63
16692;63
16694;63
16696;63
16698;63
16700;63
16702;63
16704;63
16706;63
16708;63
16710;63
16712;63
16714;63
16716;63
16718;63
16720;63
16722;63
16724;63
16726;63
16728;63
16730;63
16732;63
16734;63
16736;63
16738;63
16740;63
16742;63
16744;63
16746;63
16748;63
16750;63
16752;63
16754;63
16756;63
16758;63
16760;63
16762;63
16764;63
16766;63
16768;63
16770;63
16772;63
16774;63
16776;63
16778;63
16780;63
16782;63
16784;63
16786;63
16788;63
16790;63
16792;63
16794;63
16796;63
16798;63
16800;63
16802;63
16804;63
16806;63
16808;63
16810;63
16812;63
16814;63
16816;63
16818;63
16820;63
16822;63
16824;63
16826;63
16828;63
16830;63
16832;63
16834;63
16836;63
16838;63
16840;63
16842;63
16844;63
16846;63
16848;63
16850;63
16852;63
16854;63
16856;63
16858;63
16860;63
16862;63
16864;63
16866;63
16868;63
16870;63
16872;63
16874;63
16876;63
16878;63
16880;63
16882;63
16884;63
16886;63
16888;63
16890;63
16892;63
16894;63
16896;63
16898;63
16900;63
16902;63
16904;63
16906;63
16908;63
16910;63
16912;63
16914;63
16916;63
16918;63
16920;63
16922;63
16924;63
16926;63
16928;63
16930;63
16932;63
16934;63
16936;63
16938;63
16940;63
16942;63
16944;63
16946;63
16948;63
16950;63
16952;63
16954;63
16956;63
16958;63
16960;63
16962;63
16964;63
16966;63
16968;63
16970;63
16972;63
16974;63
16976;63
16978;63
16980;63
16982;63
16984;63
16986;63
16988;63
16990;63
16992;63
16994;63
16996;63
16998;63
17000;63
17002;63
17004;63
17006;63
17008;63
17010;63
17012;63
17014;63
17016;63
17018;63
17020;63
17022;63
17024;63
17026;63
17028;63
17030;63
17032;63
17034;63
17036;63
17038;63
17040;63
17042;63
17044;63
17046;63
17048;63
17050;63
17052;63
17054;63
17056;63
17058;63
17060;63
17062;63
17064;63
17066;63
17068;63
17070;63
17072;63
17074;63
17076;63
17078;63
17080;63
17082;63
17084;63
17086;63
17088;63
17090;63
17092;63
17094;63
17096;63
17098;63
17100;138
17102;138
17104;138
17106;138
17108;138
17110;138
17112;138
17114;138
17116;138
17118;138
17120;138
17122;138
17124;138
17126;138
17128;138
17130;138
17132;138
17134;138
17136;138
17138;138
17140;138
17142;138
17144;138
17146;138
17148;138
17150;138
17152;138
17154;138
17156;138
17158;138
17160;138
17162;138
17164;138
17166;138
17168;138
17170;138
17172;138
17174;138
17176;138
17178;138
17180;138
17182;138
17184;138
17186;138
17188;138
17190;138
17192;138
17194;138
17196;138
17198;138
17200;138
17202;138
17204;138
17206;138
17208;138
17210;138
17212;138
17214;138
17216;138
17218;138
17220;138
17222;138
17224;138
17226;138
17228;138
17230;138
17232;138
17234;138
17236;138
17238;138
17240;138
17242;138
17244;138
17246;138
17248;138
17250;138
17252;138
17254;138
17256;138
17258;138
17260;138
17262;138
17264;138
17266;138
17268;138
17270;138
17272;138
17274;138
17276;138
17278;138
17280;138
17282;138
17284;138
17286;138
17288;138
17290;138
17292;138
17294;138
17296;138
17298;138
17300;138
17302;138
17304;138
17306;138
17308;138
17310;138
17312;138
17314;138
17316;138
17318;138
17320;138
17322;138
17324;138
17326;138
17328;138
17330;138
17332;138
17334;138
17336;138
17338;138
17340;138
17342;138
17344;138
17346;138
17348;138
17350;138
17352;138
17354;138
17356;138
17358;138
17360;138
17362;138
17364;138
17366;138
17368;138
17370;138
17372;138
17374;138
17376;138
17378;138
17380;138
17382;138
17384;138
17386;138
17388;138
17390;138
17392;138
17394;138
17396;138
17398;138
17400;138
17402;138
17404;138
17406;138
17408;138
17410;138
17412;138
17414;138
17416;138
17418;138
17420;138
17422;138
17424;138
17426;138
17428;138
17430;138
17432;138
17434;138
17436;138
17438;138
17440;138
17442;138
17444;138
17446;138
17448;138
17450;138
17452;138
17454;138
17456;138
17458;138
17460;138
17462;138
17464;138
17466;138
17468;138
17470;138
17472;138
17474;138
17476;138
17478;138
17480;138
17482;138
17484;138
17486;138
17488;138
17490;138
17492;138
17494;138
17496;138
17498;138
17500;138
17502;138
17504;138
17506;138
17508;138
17510;138
17512;138
17514;138
17516;138
17518;138
17520;138
17522;138
17524;138
17526;138
17528;138
17530;138
17532;138
17534;138
17536;138
17538;138
17540;138
17542;138
17544;138
17546;138
17548;138
17550;138
17552;138
17554;138
17556;138
17558;138
17560;138
17562;138
17564;138
17566;138
17568;138
17570;138
17572;138
17574;138
17576;138
17578;138
17580;138
17582;138
17584;138
17586;138
17588;138
17590;138
17592;138
17594;138
17596;138
17598;138
17600;138
17602;138
17604;138
17606;138
17608;138
17610;138
17612;138
17614;138
17616;138
17618;138
17620;138
17622;138
17624;138
17626;138
17628;138
17630;138
17632;138
17634;138
17636;138
17638;138
17640;138
17642;138
17644;138
17646;138
17648;138
17650;138
17652;138
17654;138
17656;138
17658;138
17660;138
17662;138
17664;138
17666;138
17668;138
17670;138
17672;138
17674;138
17676;138
17678;138
17680;138
17682;138
17684;138
17686;138
17688;138
17690;138
17692;138
17694;138
17696;138
17698;138
17700;138
17702;138
17704;138
17706;138
17708;138
17710;138
17712;138
17714;138
17716;138
17718;138
17720;138
17722;138
17724;138
17726;138
17728;138
17730;138
17732;138
17734;138
17736;138
17738;138
17740;138
17742;138
17744;138
17746;138
17748;138
17750;138
17752;138
17754;138
17756;138
17758;138
17760;138
17762;138
17764;138
17766;138
17768;138
17770;138
17772;138
17774;138
17776;138
17778;138
17780;138
17782;138
17784;138
17786;138
17788;138
17790;138
17792;138
17794;138
17796;138
17798;138
17800;138
17802;138
17804;138
17806;138
17808;138
17810;138
17812;138
17814;138
17816;138
17818;138
17820;138
17822;138
17824;138
17826;138
17828;138
17830;138
17832;138
17834;138
17836;138
17838;138
17840;138
17842;138
17844;138
17846;138
17848;138
17850;138
17852;138
17854;138
17856;138
17858;138
17860;138
17862;138
17864;138
17866;138
17868;138
17870;138
17872;138
17874;138
17876;138
17878;138
17880;138
17882;138
17884;138
17886;138
17888;138
17890;138
17892;138
17894;138
17896;138
17898;138
17900;138
17902;138
17904;138
17906;138
17908;138
17910;138
17912;138
17914;138
17916;138
17918;138
17920;138
17922;138
17924;138
17926;138
17928;138
17930;138
17932;138
17934;138
17936;138
17938;138
17940;138
17942;138
17944;138
17946;138
17948;138
17950;138
17952;138
17954;138
17956;138
17958;138
17960;138
17962;138
17964;138
17966;138
17968;138
17970;138
17972;138
17974;138
17976;138
17978;138
17980;138
17982;138
17984;138
17986;138
17988;138
17990;138
17992;138
17994;138
17996;138
