#	X	Y
0;287
2;287
4;287
6;287
8;287
10;287
12;287
14;287
16;287
18;287
20;287
22;287
24;287
26;287
28;287
30;287
32;287
34;287
36;287
38;287
40;287
42;287
44;287
46;287
48;287
50;287
52;287
54;287
56;287
58;287
60;287
62;287
64;287
66;287
68;287
70;287
72;287
74;287
76;287
78;287
80;287
82;287
84;287
86;287
88;287
90;287
92;287
94;287
96;287
98;287
100;287
102;287
104;287
106;287
108;287
110;287
112;287
114;287
116;287
118;287
120;287
122;287
124;287
126;287
128;287
130;287
132;287
134;287
136;287
138;287
140;287
142;287
144;287
146;287
148;287
150;287
152;287
154;287
156;287
158;287
160;287
162;287
164;287
166;287
168;287
170;287
172;287
174;287
176;287
178;287
180;287
182;287
184;287
186;287
188;287
190;287
192;287
194;287
196;287
198;287
200;287
202;287
204;287
206;287
208;287
210;287
212;287
214;287
216;287
218;287
220;287
222;287
224;287
226;287
228;287
230;287
232;287
234;287
236;287
238;287
240;287
242;287
244;287
246;287
248;287
250;287
252;287
254;287
256;287
258;287
260;287
262;287
264;287
266;287
268;287
270;287
272;287
274;287
276;287
278;287
280;287
282;287
284;287
286;287
288;287
290;287
292;287
294;287
296;287
298;287
300;287
302;287
304;287
306;287
308;287
310;287
312;287
314;287
316;287
318;287
320;287
322;287
324;287
326;287
328;287
330;287
332;287
334;287
336;287
338;287
340;287
342;287
344;287
346;287
348;287
350;287
352;287
354;287
356;287
358;287
360;287
362;287
364;287
366;287
368;287
370;287
372;287
374;287
376;287
378;287
380;287
382;287
384;287
386;287
388;287
390;287
392;287
394;287
396;287
398;287
400;287
402;287
404;287
406;287
408;287
410;287
412;287
414;287
416;287
418;287
420;287
422;287
424;287
426;287
428;287
430;287
432;287
434;287
436;287
438;287
440;287
442;287
444;287
446;287
448;287
450;287
452;287
454;287
456;287
458;287
460;287
462;287
464;287
466;287
468;287
470;287
472;287
474;287
476;287
478;287
480;287
482;287
484;287
486;287
488;287
490;287
492;287
494;287
496;287
498;287
500;287
502;287
504;287
506;287
508;287
510;287
512;287
514;287
516;287
518;287
520;287
522;287
524;287
526;287
528;287
530;287
532;287
534;287
536;287
538;287
540;287
542;287
544;287
546;287
548;287
550;287
552;287
554;287
556;287
558;287
560;287
562;287
564;287
566;287
568;287
570;287
572;287
574;287
576;287
578;287
580;287
582;287
584;287
586;287
588;287
590;287
592;287
594;287
596;287
598;287
600;287
602;287
604;287
606;287
608;287
610;287
612;287
614;287
616;287
618;287
620;287
622;287
624;287
626;287
628;287
630;287
632;287
634;287
636;287
638;287
640;287
642;287
644;287
646;287
648;287
650;287
652;287
654;287
656;287
658;287
660;287
662;287
664;287
666;287
668;287
670;287
672;287
674;287
676;287
678;287
680;287
682;287
684;287
686;287
688;287
690;287
692;287
694;287
696;287
698;287
700;287
702;287
704;287
706;287
708;287
710;287
712;287
714;287
716;287
718;287
720;287
722;287
724;287
726;287
728;287
730;287
732;287
734;287
736;287
738;287
740;287
742;287
744;287
746;287
748;287
750;287
752;287
754;287
756;287
758;287
760;287
762;287
764;287
766;287
768;287
770;287
772;287
774;287
776;287
778;287
780;287
782;287
784;287
786;287
788;287
790;287
792;287
794;287
796;287
798;287
800;287
802;287
804;287
806;287
808;287
810;287
812;287
814;287
816;287
818;287
820;287
822;287
824;287
826;287
828;287
830;287
832;287
834;287
836;287
838;287
840;287
842;287
844;287
846;287
848;287
850;287
852;287
854;287
856;287
858;287
860;287
862;287
864;287
866;287
868;287
870;287
872;287
874;287
876;287
878;287
880;287
882;287
884;287
886;287
888;287
890;287
892;287
894;287
896;287
898;287
900;391
902;391
904;391
906;391
908;391
910;391
912;391
914;391
916;391
918;391
920;391
922;391
924;391
926;391
928;391
930;391
932;391
934;391
936;391
938;391
940;391
942;391
944;391
946;391
948;391
950;391
952;391
954;391
956;391
958;391
960;391
962;391
964;391
966;391
968;391
970;391
972;391
974;391
976;391
978;391
980;391
982;391
984;391
986;391
988;391
990;391
992;391
994;391
996;391
998;391
1000;391
1002;391
1004;391
1006;391
1008;391
1010;391
1012;391
1014;391
1016;391
1018;391
1020;391
1022;391
1024;391
1026;391
1028;391
1030;391
1032;391
1034;391
1036;391
1038;391
1040;391
1042;391
1044;391
1046;391
1048;391
1050;391
1052;391
1054;391
1056;391
1058;391
1060;391
1062;391
1064;391
1066;391
1068;391
1070;391
1072;391
1074;391
1076;391
1078;391
1080;391
1082;391
1084;391
1086;391
1088;391
1090;391
1092;391
1094;391
1096;391
1098;391
1100;391
1102;391
1104;391
1106;391
1108;391
1110;391
1112;391
1114;391
1116;391
1118;391
1120;391
1122;391
1124;391
1126;391
1128;391
1130;391
1132;391
1134;391
1136;391
1138;391
1140;391
1142;391
1144;391
1146;391
1148;391
1150;391
1152;391
1154;391
1156;391
1158;391
1160;391
1162;391
1164;391
1166;391
1168;391
1170;391
1172;391
1174;391
1176;391
1178;391
1180;391
1182;391
1184;391
1186;391
1188;391
1190;391
1192;391
1194;391
1196;391
1198;391
1200;391
1202;391
1204;391
1206;391
1208;391
1210;391
1212;391
1214;391
1216;391
1218;391
1220;391
1222;391
1224;391
1226;391
1228;391
1230;391
1232;391
1234;391
1236;391
1238;391
1240;391
1242;391
1244;391
1246;391
1248;391
1250;391
1252;391
1254;391
1256;391
1258;391
1260;391
1262;391
1264;391
1266;391
1268;391
1270;391
1272;391
1274;391
1276;391
1278;391
1280;391
1282;391
1284;391
1286;391
1288;391
1290;391
1292;391
1294;391
1296;391
1298;391
1300;391
1302;391
1304;391
1306;391
1308;391
1310;391
1312;391
1314;391
1316;391
1318;391
1320;391
1322;391
1324;391
1326;391
1328;391
1330;391
1332;391
1334;391
1336;391
1338;391
1340;391
1342;391
1344;391
1346;391
1348;391
1350;391
1352;391
1354;391
1356;391
1358;391
1360;391
1362;391
1364;391
1366;391
1368;391
1370;391
1372;391
1374;391
1376;391
1378;391
1380;391
1382;391
1384;391
1386;391
1388;391
1390;391
1392;391
1394;391
1396;391
1398;391
1400;391
1402;391
1404;391
1406;391
1408;391
1410;391
1412;391
1414;391
1416;391
1418;391
1420;391
1422;391
1424;391
1426;391
1428;391
1430;391
1432;391
1434;391
1436;391
1438;391
1440;391
1442;391
1444;391
1446;391
1448;391
1450;391
1452;391
1454;391
1456;391
1458;391
1460;391
1462;391
1464;391
1466;391
1468;391
1470;391
1472;391
1474;391
1476;391
1478;391
1480;391
1482;391
1484;391
1486;391
1488;391
1490;391
1492;391
1494;391
1496;391
1498;391
1500;391
1502;391
1504;391
1506;391
1508;391
1510;391
1512;391
1514;391
1516;391
1518;391
1520;391
1522;391
1524;391
1526;391
1528;391
1530;391
1532;391
1534;391
1536;391
1538;391
1540;391
1542;391
1544;391
1546;391
1548;391
1550;391
1552;391
1554;391
1556;391
1558;391
1560;391
1562;391
1564;391
1566;391
1568;391
1570;391
1572;391
1574;391
1576;391
1578;391
1580;391
1582;391
1584;391
1586;391
1588;391
1590;391
1592;391
1594;391
1596;391
1598;391
1600;391
1602;391
1604;391
1606;391
1608;391
1610;391
1612;391
1614;391
1616;391
1618;391
1620;391
1622;391
1624;391
1626;391
1628;391
1630;391
1632;391
1634;391
1636;391
1638;391
1640;391
1642;391
1644;391
1646;391
1648;391
1650;391
1652;391
1654;391
1656;391
1658;391
1660;391
1662;391
1664;391
1666;391
1668;391
1670;391
1672;391
1674;391
1676;391
1678;391
1680;391
1682;391
1684;391
1686;391
1688;391
1690;391
1692;391
1694;391
1696;391
1698;391
1700;391
1702;391
1704;391
1706;391
1708;391
1710;391
1712;391
1714;391
1716;391
1718;391
1720;391
1722;391
1724;391
1726;391
1728;391
1730;391
1732;391
1734;391
1736;391
1738;391
1740;391
1742;391
1744;391
1746;391
1748;391
1750;391
1752;391
1754;391
1756;391
1758;391
1760;391
1762;391
1764;391
1766;391
1768;391
1770;391
1772;391
1774;391
1776;391
1778;391
1780;391
1782;391
1784;391
1786;391
1788;391
1790;391
1792;391
1794;391
1796;391
1798;391
1800;516
1802;516
1804;516
1806;516
1808;516
1810;516
1812;516
1814;516
1816;516
1818;516
1820;516
1822;516
1824;516
1826;516
1828;516
1830;516
1832;516
1834;516
1836;516
1838;516
1840;516
1842;516
1844;516
1846;516
1848;516
1850;516
1852;516
1854;516
1856;516
1858;516
1860;516
1862;516
1864;516
1866;516
1868;516
1870;516
1872;516
1874;516
1876;516
1878;516
1880;516
1882;516
1884;516
1886;516
1888;516
1890;516
1892;516
1894;516
1896;516
1898;516
1900;516
1902;516
1904;516
1906;516
1908;516
1910;516
1912;516
1914;516
1916;516
1918;516
1920;516
1922;516
1924;516
1926;516
1928;516
1930;516
1932;516
1934;516
1936;516
1938;516
1940;516
1942;516
1944;516
1946;516
1948;516
1950;516
1952;516
1954;516
1956;516
1958;516
1960;516
1962;516
1964;516
1966;516
1968;516
1970;516
1972;516
1974;516
1976;516
1978;516
1980;516
1982;516
1984;516
1986;516
1988;516
1990;516
1992;516
1994;516
1996;516
1998;516
2000;516
2002;516
2004;516
2006;516
2008;516
2010;516
2012;516
2014;516
2016;516
2018;516
2020;516
2022;516
2024;516
2026;516
2028;516
2030;516
2032;516
2034;516
2036;516
2038;516
2040;516
2042;516
2044;516
2046;516
2048;516
2050;516
2052;516
2054;516
2056;516
2058;516
2060;516
2062;516
2064;516
2066;516
2068;516
2070;516
2072;516
2074;516
2076;516
2078;516
2080;516
2082;516
2084;516
2086;516
2088;516
2090;516
2092;516
2094;516
2096;516
2098;516
2100;516
2102;516
2104;516
2106;516
2108;516
2110;516
2112;516
2114;516
2116;516
2118;516
2120;516
2122;516
2124;516
2126;516
2128;516
2130;516
2132;516
2134;516
2136;516
2138;516
2140;516
2142;516
2144;516
2146;516
2148;516
2150;516
2152;516
2154;516
2156;516
2158;516
2160;516
2162;516
2164;516
2166;516
2168;516
2170;516
2172;516
2174;516
2176;516
2178;516
2180;516
2182;516
2184;516
2186;516
2188;516
2190;516
2192;516
2194;516
2196;516
2198;516
2200;516
2202;516
2204;516
2206;516
2208;516
2210;516
2212;516
2214;516
2216;516
2218;516
2220;516
2222;516
2224;516
2226;516
2228;516
2230;516
2232;516
2234;516
2236;516
2238;516
2240;516
2242;516
2244;516
2246;516
2248;516
2250;516
2252;516
2254;516
2256;516
2258;516
2260;516
2262;516
2264;516
2266;516
2268;516
2270;516
2272;516
2274;516
2276;516
2278;516
2280;516
2282;516
2284;516
2286;516
2288;516
2290;516
2292;516
2294;516
2296;516
2298;516
2300;516
2302;516
2304;516
2306;516
2308;516
2310;516
2312;516
2314;516
2316;516
2318;516
2320;516
2322;516
2324;516
2326;516
2328;516
2330;516
2332;516
2334;516
2336;516
2338;516
2340;516
2342;516
2344;516
2346;516
2348;516
2350;516
2352;516
2354;516
2356;516
2358;516
2360;516
2362;516
2364;516
2366;516
2368;516
2370;516
2372;516
2374;516
2376;516
2378;516
2380;516
2382;516
2384;516
2386;516
2388;516
2390;516
2392;516
2394;516
2396;516
2398;516
2400;516
2402;516
2404;516
2406;516
2408;516
2410;516
2412;516
2414;516
2416;516
2418;516
2420;516
2422;516
2424;516
2426;516
2428;516
2430;516
2432;516
2434;516
2436;516
2438;516
2440;516
2442;516
2444;516
2446;516
2448;516
2450;516
2452;516
2454;516
2456;516
2458;516
2460;516
2462;516
2464;516
2466;516
2468;516
2470;516
2472;516
2474;516
2476;516
2478;516
2480;516
2482;516
2484;516
2486;516
2488;516
2490;516
2492;516
2494;516
2496;516
2498;516
2500;516
2502;516
2504;516
2506;516
2508;516
2510;516
2512;516
2514;516
2516;516
2518;516
2520;516
2522;516
2524;516
2526;516
2528;516
2530;516
2532;516
2534;516
2536;516
2538;516
2540;516
2542;516
2544;516
2546;516
2548;516
2550;516
2552;516
2554;516
2556;516
2558;516
2560;516
2562;516
2564;516
2566;516
2568;516
2570;516
2572;516
2574;516
2576;516
2578;516
2580;516
2582;516
2584;516
2586;516
2588;516
2590;516
2592;516
2594;516
2596;516
2598;516
2600;516
2602;516
2604;516
2606;516
2608;516
2610;516
2612;516
2614;516
2616;516
2618;516
2620;516
2622;516
2624;516
2626;516
2628;516
2630;516
2632;516
2634;516
2636;516
2638;516
2640;516
2642;516
2644;516
2646;516
2648;516
2650;516
2652;516
2654;516
2656;516
2658;516
2660;516
2662;516
2664;516
2666;516
2668;516
2670;516
2672;516
2674;516
2676;516
2678;516
2680;516
2682;516
2684;516
2686;516
2688;516
2690;516
2692;516
2694;516
2696;516
2698;516
2700;382
2702;382
2704;382
2706;382
2708;382
2710;382
2712;382
2714;382
2716;382
2718;382
2720;382
2722;382
2724;382
2726;382
2728;382
2730;382
2732;382
2734;382
2736;382
2738;382
2740;382
2742;382
2744;382
2746;382
2748;382
2750;382
2752;382
2754;382
2756;382
2758;382
2760;382
2762;382
2764;382
2766;382
2768;382
2770;382
2772;382
2774;382
2776;382
2778;382
2780;382
2782;382
2784;382
2786;382
2788;382
2790;382
2792;382
2794;382
2796;382
2798;382
2800;382
2802;382
2804;382
2806;382
2808;382
2810;382
2812;382
2814;382
2816;382
2818;382
2820;382
2822;382
2824;382
2826;382
2828;382
2830;382
2832;382
2834;382
2836;382
2838;382
2840;382
2842;382
2844;382
2846;382
2848;382
2850;382
2852;382
2854;382
2856;382
2858;382
2860;382
2862;382
2864;382
2866;382
2868;382
2870;382
2872;382
2874;382
2876;382
2878;382
2880;382
2882;382
2884;382
2886;382
2888;382
2890;382
2892;382
2894;382
2896;382
2898;382
2900;382
2902;382
2904;382
2906;382
2908;382
2910;382
2912;382
2914;382
2916;382
2918;382
2920;382
2922;382
2924;382
2926;382
2928;382
2930;382
2932;382
2934;382
2936;382
2938;382
2940;382
2942;382
2944;382
2946;382
2948;382
2950;382
2952;382
2954;382
2956;382
2958;382
2960;382
2962;382
2964;382
2966;382
2968;382
2970;382
2972;382
2974;382
2976;382
2978;382
2980;382
2982;382
2984;382
2986;382
2988;382
2990;382
2992;382
2994;382
2996;382
2998;382
3000;382
3002;382
3004;382
3006;382
3008;382
3010;382
3012;382
3014;382
3016;382
3018;382
3020;382
3022;382
3024;382
3026;382
3028;382
3030;382
3032;382
3034;382
3036;382
3038;382
3040;382
3042;382
3044;382
3046;382
3048;382
3050;382
3052;382
3054;382
3056;382
3058;382
3060;382
3062;382
3064;382
3066;382
3068;382
3070;382
3072;382
3074;382
3076;382
3078;382
3080;382
3082;382
3084;382
3086;382
3088;382
3090;382
3092;382
3094;382
3096;382
3098;382
3100;382
3102;382
3104;382
3106;382
3108;382
3110;382
3112;382
3114;382
3116;382
3118;382
3120;382
3122;382
3124;382
3126;382
3128;382
3130;382
3132;382
3134;382
3136;382
3138;382
3140;382
3142;382
3144;382
3146;382
3148;382
3150;382
3152;382
3154;382
3156;382
3158;382
3160;382
3162;382
3164;382
3166;382
3168;382
3170;382
3172;382
3174;382
3176;382
3178;382
3180;382
3182;382
3184;382
3186;382
3188;382
3190;382
3192;382
3194;382
3196;382
3198;382
3200;382
3202;382
3204;382
3206;382
3208;382
3210;382
3212;382
3214;382
3216;382
3218;382
3220;382
3222;382
3224;382
3226;382
3228;382
3230;382
3232;382
3234;382
3236;382
3238;382
3240;382
3242;382
3244;382
3246;382
3248;382
3250;382
3252;382
3254;382
3256;382
3258;382
3260;382
3262;382
3264;382
3266;382
3268;382
3270;382
3272;382
3274;382
3276;382
3278;382
3280;382
3282;382
3284;382
3286;382
3288;382
3290;382
3292;382
3294;382
3296;382
3298;382
3300;382
3302;382
3304;382
3306;382
3308;382
3310;382
3312;382
3314;382
3316;382
3318;382
3320;382
3322;382
3324;382
3326;382
3328;382
3330;382
3332;382
3334;382
3336;382
3338;382
3340;382
3342;382
3344;382
3346;382
3348;382
3350;382
3352;382
3354;382
3356;382
3358;382
3360;382
3362;382
3364;382
3366;382
3368;382
3370;382
3372;382
3374;382
3376;382
3378;382
3380;382
3382;382
3384;382
3386;382
3388;382
3390;382
3392;382
3394;382
3396;382
3398;382
3400;382
3402;382
3404;382
3406;382
3408;382
3410;382
3412;382
3414;382
3416;382
3418;382
3420;382
3422;382
3424;382
3426;382
3428;382
3430;382
3432;382
3434;382
3436;382
3438;382
3440;382
3442;382
3444;382
3446;382
3448;382
3450;382
3452;382
3454;382
3456;382
3458;382
3460;382
3462;382
3464;382
3466;382
3468;382
3470;382
3472;382
3474;382
3476;382
3478;382
3480;382
3482;382
3484;382
3486;382
3488;382
3490;382
3492;382
3494;382
3496;382
3498;382
3500;382
3502;382
3504;382
3506;382
3508;382
3510;382
3512;382
3514;382
3516;382
3518;382
3520;382
3522;382
3524;382
3526;382
3528;382
3530;382
3532;382
3534;382
3536;382
3538;382
3540;382
3542;382
3544;382
3546;382
3548;382
3550;382
3552;382
3554;382
3556;382
3558;382
3560;382
3562;382
3564;382
3566;382
3568;382
3570;382
3572;382
3574;382
3576;382
3578;382
3580;382
3582;382
3584;382
3586;382
3588;382
3590;382
3592;382
3594;382
3596;382
3598;382
3600;444
3602;444
3604;444
3606;444
3608;444
3610;444
3612;444
3614;444
3616;444
3618;444
3620;444
3622;444
3624;444
3626;444
3628;444
3630;444
3632;444
3634;444
3636;444
3638;444
3640;444
3642;444
3644;444
3646;444
3648;444
3650;444
3652;444
3654;444
3656;444
3658;444
3660;444
3662;444
3664;444
3666;444
3668;444
3670;444
3672;444
3674;444
3676;444
3678;444
3680;444
3682;444
3684;444
3686;444
3688;444
3690;444
3692;444
3694;444
3696;444
3698;444
3700;444
3702;444
3704;444
3706;444
3708;444
3710;444
3712;444
3714;444
3716;444
3718;444
3720;444
3722;444
3724;444
3726;444
3728;444
3730;444
3732;444
3734;444
3736;444
3738;444
3740;444
3742;444
3744;444
3746;444
3748;444
3750;444
3752;444
3754;444
3756;444
3758;444
3760;444
3762;444
3764;444
3766;444
3768;444
3770;444
3772;444
3774;444
3776;444
3778;444
3780;444
3782;444
3784;444
3786;444
3788;444
3790;444
3792;444
3794;444
3796;444
3798;444
3800;444
3802;444
3804;444
3806;444
3808;444
3810;444
3812;444
3814;444
3816;444
3818;444
3820;444
3822;444
3824;444
3826;444
3828;444
3830;444
3832;444
3834;444
3836;444
3838;444
3840;444
3842;444
3844;444
3846;444
3848;444
3850;444
3852;444
3854;444
3856;444
3858;444
3860;444
3862;444
3864;444
3866;444
3868;444
3870;444
3872;444
3874;444
3876;444
3878;444
3880;444
3882;444
3884;444
3886;444
3888;444
3890;444
3892;444
3894;444
3896;444
3898;444
3900;444
3902;444
3904;444
3906;444
3908;444
3910;444
3912;444
3914;444
3916;444
3918;444
3920;444
3922;444
3924;444
3926;444
3928;444
3930;444
3932;444
3934;444
3936;444
3938;444
3940;444
3942;444
3944;444
3946;444
3948;444
3950;444
3952;444
3954;444
3956;444
3958;444
3960;444
3962;444
3964;444
3966;444
3968;444
3970;444
3972;444
3974;444
3976;444
3978;444
3980;444
3982;444
3984;444
3986;444
3988;444
3990;444
3992;444
3994;444
3996;444
3998;444
4000;444
4002;444
4004;444
4006;444
4008;444
4010;444
4012;444
4014;444
4016;444
4018;444
4020;444
4022;444
4024;444
4026;444
4028;444
4030;444
4032;444
4034;444
4036;444
4038;444
4040;444
4042;444
4044;444
4046;444
4048;444
4050;444
4052;444
4054;444
4056;444
4058;444
4060;444
4062;444
4064;444
4066;444
4068;444
4070;444
4072;444
4074;444
4076;444
4078;444
4080;444
4082;444
4084;444
4086;444
4088;444
4090;444
4092;444
4094;444
4096;444
4098;444
4100;444
4102;444
4104;444
4106;444
4108;444
4110;444
4112;444
4114;444
4116;444
4118;444
4120;444
4122;444
4124;444
4126;444
4128;444
4130;444
4132;444
4134;444
4136;444
4138;444
4140;444
4142;444
4144;444
4146;444
4148;444
4150;444
4152;444
4154;444
4156;444
4158;444
4160;444
4162;444
4164;444
4166;444
4168;444
4170;444
4172;444
4174;444
4176;444
4178;444
4180;444
4182;444
4184;444
4186;444
4188;444
4190;444
4192;444
4194;444
4196;444
4198;444
4200;444
4202;444
4204;444
4206;444
4208;444
4210;444
4212;444
4214;444
4216;444
4218;444
4220;444
4222;444
4224;444
4226;444
4228;444
4230;444
4232;444
4234;444
4236;444
4238;444
4240;444
4242;444
4244;444
4246;444
4248;444
4250;444
4252;444
4254;444
4256;444
4258;444
4260;444
4262;444
4264;444
4266;444
4268;444
4270;444
4272;444
4274;444
4276;444
4278;444
4280;444
4282;444
4284;444
4286;444
4288;444
4290;444
4292;444
4294;444
4296;444
4298;444
4300;444
4302;444
4304;444
4306;444
4308;444
4310;444
4312;444
4314;444
4316;444
4318;444
4320;444
4322;444
4324;444
4326;444
4328;444
4330;444
4332;444
4334;444
4336;444
4338;444
4340;444
4342;444
4344;444
4346;444
4348;444
4350;444
4352;444
4354;444
4356;444
4358;444
4360;444
4362;444
4364;444
4366;444
4368;444
4370;444
4372;444
4374;444
4376;444
4378;444
4380;444
4382;444
4384;444
4386;444
4388;444
4390;444
4392;444
4394;444
4396;444
4398;444
4400;444
4402;444
4404;444
4406;444
4408;444
4410;444
4412;444
4414;444
4416;444
4418;444
4420;444
4422;444
4424;444
4426;444
4428;444
4430;444
4432;444
4434;444
4436;444
4438;444
4440;444
4442;444
4444;444
4446;444
4448;444
4450;444
4452;444
4454;444
4456;444
4458;444
4460;444
4462;444
4464;444
4466;444
4468;444
4470;444
4472;444
4474;444
4476;444
4478;444
4480;444
4482;444
4484;444
4486;444
4488;444
4490;444
4492;444
4494;444
4496;444
4498;444
4500;609
4502;609
4504;609
4506;609
4508;609
4510;609
4512;609
4514;609
4516;609
4518;609
4520;609
4522;609
4524;609
4526;609
4528;609
4530;609
4532;609
4534;609
4536;609
4538;609
4540;609
4542;609
4544;609
4546;609
4548;609
4550;609
4552;609
4554;609
4556;609
4558;609
4560;609
4562;609
4564;609
4566;609
4568;609
4570;609
4572;609
4574;609
4576;609
4578;609
4580;609
4582;609
4584;609
4586;609
4588;609
4590;609
4592;609
4594;609
4596;609
4598;609
4600;609
4602;609
4604;609
4606;609
4608;609
4610;609
4612;609
4614;609
4616;609
4618;609
4620;609
4622;609
4624;609
4626;609
4628;609
4630;609
4632;609
4634;609
4636;609
4638;609
4640;609
4642;609
4644;609
4646;609
4648;609
4650;609
4652;609
4654;609
4656;609
4658;609
4660;609
4662;609
4664;609
4666;609
4668;609
4670;609
4672;609
4674;609
4676;609
4678;609
4680;609
4682;609
4684;609
4686;609
4688;609
4690;609
4692;609
4694;609
4696;609
4698;609
4700;609
4702;609
4704;609
4706;609
4708;609
4710;609
4712;609
4714;609
4716;609
4718;609
4720;609
4722;609
4724;609
4726;609
4728;609
4730;609
4732;609
4734;609
4736;609
4738;609
4740;609
4742;609
4744;609
4746;609
4748;609
4750;609
4752;609
4754;609
4756;609
4758;609
4760;609
4762;609
4764;609
4766;609
4768;609
4770;609
4772;609
4774;609
4776;609
4778;609
4780;609
4782;609
4784;609
4786;609
4788;609
4790;609
4792;609
4794;609
4796;609
4798;609
4800;609
4802;609
4804;609
4806;609
4808;609
4810;609
4812;609
4814;609
4816;609
4818;609
4820;609
4822;609
4824;609
4826;609
4828;609
4830;609
4832;609
4834;609
4836;609
4838;609
4840;609
4842;609
4844;609
4846;609
4848;609
4850;609
4852;609
4854;609
4856;609
4858;609
4860;609
4862;609
4864;609
4866;609
4868;609
4870;609
4872;609
4874;609
4876;609
4878;609
4880;609
4882;609
4884;609
4886;609
4888;609
4890;609
4892;609
4894;609
4896;609
4898;609
4900;609
4902;609
4904;609
4906;609
4908;609
4910;609
4912;609
4914;609
4916;609
4918;609
4920;609
4922;609
4924;609
4926;609
4928;609
4930;609
4932;609
4934;609
4936;609
4938;609
4940;609
4942;609
4944;609
4946;609
4948;609
4950;609
4952;609
4954;609
4956;609
4958;609
4960;609
4962;609
4964;609
4966;609
4968;609
4970;609
4972;609
4974;609
4976;609
4978;609
4980;609
4982;609
4984;609
4986;609
4988;609
4990;609
4992;609
4994;609
4996;609
4998;609
5000;609
5002;609
5004;609
5006;609
5008;609
5010;609
5012;609
5014;609
5016;609
5018;609
5020;609
5022;609
5024;609
5026;609
5028;609
5030;609
5032;609
5034;609
5036;609
5038;609
5040;609
5042;609
5044;609
5046;609
5048;609
5050;609
5052;609
5054;609
5056;609
5058;609
5060;609
5062;609
5064;609
5066;609
5068;609
5070;609
5072;609
5074;609
5076;609
5078;609
5080;609
5082;609
5084;609
5086;609
5088;609
5090;609
5092;609
5094;609
5096;609
5098;609
5100;609
5102;609
5104;609
5106;609
5108;609
5110;609
5112;609
5114;609
5116;609
5118;609
5120;609
5122;609
5124;609
5126;609
5128;609
5130;609
5132;609
5134;609
5136;609
5138;609
5140;609
5142;609
5144;609
5146;609
5148;609
5150;609
5152;609
5154;609
5156;609
5158;609
5160;609
5162;609
5164;609
5166;609
5168;609
5170;609
5172;609
5174;609
5176;609
5178;609
5180;609
5182;609
5184;609
5186;609
5188;609
5190;609
5192;609
5194;609
5196;609
5198;609
5200;609
5202;609
5204;609
5206;609
5208;609
5210;609
5212;609
5214;609
5216;609
5218;609
5220;609
5222;609
5224;609
5226;609
5228;609
5230;609
5232;609
5234;609
5236;609
5238;609
5240;609
5242;609
5244;609
5246;609
5248;609
5250;609
5252;609
5254;609
5256;609
5258;609
5260;609
5262;609
5264;609
5266;609
5268;609
5270;609
5272;609
5274;609
5276;609
5278;609
5280;609
5282;609
5284;609
5286;609
5288;609
5290;609
5292;609
5294;609
5296;609
5298;609
5300;609
5302;609
5304;609
5306;609
5308;609
5310;609
5312;609
5314;609
5316;609
5318;609
5320;609
5322;609
5324;609
5326;609
5328;609
5330;609
5332;609
5334;609
5336;609
5338;609
5340;609
5342;609
5344;609
5346;609
5348;609
5350;609
5352;609
5354;609
5356;609
5358;609
5360;609
5362;609
5364;609
5366;609
5368;609
5370;609
5372;609
5374;609
5376;609
5378;609
5380;609
5382;609
5384;609
5386;609
5388;609
5390;609
5392;609
5394;609
5396;609
5398;609
5400;416
5402;416
5404;416
5406;416
5408;416
5410;416
5412;416
5414;416
5416;416
5418;416
5420;416
5422;416
5424;416
5426;416
5428;416
5430;416
5432;416
5434;416
5436;416
5438;416
5440;416
5442;416
5444;416
5446;416
5448;416
5450;416
5452;416
5454;416
5456;416
5458;416
5460;416
5462;416
5464;416
5466;416
5468;416
5470;416
5472;416
5474;416
5476;416
5478;416
5480;416
5482;416
5484;416
5486;416
5488;416
5490;416
5492;416
5494;416
5496;416
5498;416
5500;416
5502;416
5504;416
5506;416
5508;416
5510;416
5512;416
5514;416
5516;416
5518;416
5520;416
5522;416
5524;416
5526;416
5528;416
5530;416
5532;416
5534;416
5536;416
5538;416
5540;416
5542;416
5544;416
5546;416
5548;416
5550;416
5552;416
5554;416
5556;416
5558;416
5560;416
5562;416
5564;416
5566;416
5568;416
5570;416
5572;416
5574;416
5576;416
5578;416
5580;416
5582;416
5584;416
5586;416
5588;416
5590;416
5592;416
5594;416
5596;416
5598;416
5600;416
5602;416
5604;416
5606;416
5608;416
5610;416
5612;416
5614;416
5616;416
5618;416
5620;416
5622;416
5624;416
5626;416
5628;416
5630;416
5632;416
5634;416
5636;416
5638;416
5640;416
5642;416
5644;416
5646;416
5648;416
5650;416
5652;416
5654;416
5656;416
5658;416
5660;416
5662;416
5664;416
5666;416
5668;416
5670;416
5672;416
5674;416
5676;416
5678;416
5680;416
5682;416
5684;416
5686;416
5688;416
5690;416
5692;416
5694;416
5696;416
5698;416
5700;416
5702;416
5704;416
5706;416
5708;416
5710;416
5712;416
5714;416
5716;416
5718;416
5720;416
5722;416
5724;416
5726;416
5728;416
5730;416
5732;416
5734;416
5736;416
5738;416
5740;416
5742;416
5744;416
5746;416
5748;416
5750;416
5752;416
5754;416
5756;416
5758;416
5760;416
5762;416
5764;416
5766;416
5768;416
5770;416
5772;416
5774;416
5776;416
5778;416
5780;416
5782;416
5784;416
5786;416
5788;416
5790;416
5792;416
5794;416
5796;416
5798;416
5800;416
5802;416
5804;416
5806;416
5808;416
5810;416
5812;416
5814;416
5816;416
5818;416
5820;416
5822;416
5824;416
5826;416
5828;416
5830;416
5832;416
5834;416
5836;416
5838;416
5840;416
5842;416
5844;416
5846;416
5848;416
5850;416
5852;416
5854;416
5856;416
5858;416
5860;416
5862;416
5864;416
5866;416
5868;416
5870;416
5872;416
5874;416
5876;416
5878;416
5880;416
5882;416
5884;416
5886;416
5888;416
5890;416
5892;416
5894;416
5896;416
5898;416
5900;416
5902;416
5904;416
5906;416
5908;416
5910;416
5912;416
5914;416
5916;416
5918;416
5920;416
5922;416
5924;416
5926;416
5928;416
5930;416
5932;416
5934;416
5936;416
5938;416
5940;416
5942;416
5944;416
5946;416
5948;416
5950;416
5952;416
5954;416
5956;416
5958;416
5960;416
5962;416
5964;416
5966;416
5968;416
5970;416
5972;416
5974;416
5976;416
5978;416
5980;416
5982;416
5984;416
5986;416
5988;416
5990;416
5992;416
5994;416
5996;416
5998;416
6000;416
6002;416
6004;416
6006;416
6008;416
6010;416
6012;416
6014;416
6016;416
6018;416
6020;416
6022;416
6024;416
6026;416
6028;416
6030;416
6032;416
6034;416
6036;416
6038;416
6040;416
6042;416
6044;416
6046;416
6048;416
6050;416
6052;416
6054;416
6056;416
6058;416
6060;416
6062;416
6064;416
6066;416
6068;416
6070;416
6072;416
6074;416
6076;416
6078;416
6080;416
6082;416
6084;416
6086;416
6088;416
6090;416
6092;416
6094;416
6096;416
6098;416
6100;416
6102;416
6104;416
6106;416
6108;416
6110;416
6112;416
6114;416
6116;416
6118;416
6120;416
6122;416
6124;416
6126;416
6128;416
6130;416
6132;416
6134;416
6136;416
6138;416
6140;416
6142;416
6144;416
6146;416
6148;416
6150;416
6152;416
6154;416
6156;416
6158;416
6160;416
6162;416
6164;416
6166;416
6168;416
6170;416
6172;416
6174;416
6176;416
6178;416
6180;416
6182;416
6184;416
6186;416
6188;416
6190;416
6192;416
6194;416
6196;416
6198;416
6200;416
6202;416
6204;416
6206;416
6208;416
6210;416
6212;416
6214;416
6216;416
6218;416
6220;416
6222;416
6224;416
6226;416
6228;416
6230;416
6232;416
6234;416
6236;416
6238;416
6240;416
6242;416
6244;416
6246;416
6248;416
6250;416
6252;416
6254;416
6256;416
6258;416
6260;416
6262;416
6264;416
6266;416
6268;416
6270;416
6272;416
6274;416
6276;416
6278;416
6280;416
6282;416
6284;416
6286;416
6288;416
6290;416
6292;416
6294;416
6296;416
6298;416
6300;547
6302;547
6304;547
6306;547
6308;547
6310;547
6312;547
6314;547
6316;547
6318;547
6320;547
6322;547
6324;547
6326;547
6328;547
6330;547
6332;547
6334;547
6336;547
6338;547
6340;547
6342;547
6344;547
6346;547
6348;547
6350;547
6352;547
6354;547
6356;547
6358;547
6360;547
6362;547
6364;547
6366;547
6368;547
6370;547
6372;547
6374;547
6376;547
6378;547
6380;547
6382;547
6384;547
6386;547
6388;547
6390;547
6392;547
6394;547
6396;547
6398;547
6400;547
6402;547
6404;547
6406;547
6408;547
6410;547
6412;547
6414;547
6416;547
6418;547
6420;547
6422;547
6424;547
6426;547
6428;547
6430;547
6432;547
6434;547
6436;547
6438;547
6440;547
6442;547
6444;547
6446;547
6448;547
6450;547
6452;547
6454;547
6456;547
6458;547
6460;547
6462;547
6464;547
6466;547
6468;547
6470;547
6472;547
6474;547
6476;547
6478;547
6480;547
6482;547
6484;547
6486;547
6488;547
6490;547
6492;547
6494;547
6496;547
6498;547
6500;547
6502;547
6504;547
6506;547
6508;547
6510;547
6512;547
6514;547
6516;547
6518;547
6520;547
6522;547
6524;547
6526;547
6528;547
6530;547
6532;547
6534;547
6536;547
6538;547
6540;547
6542;547
6544;547
6546;547
6548;547
6550;547
6552;547
6554;547
6556;547
6558;547
6560;547
6562;547
6564;547
6566;547
6568;547
6570;547
6572;547
6574;547
6576;547
6578;547
6580;547
6582;547
6584;547
6586;547
6588;547
6590;547
6592;547
6594;547
6596;547
6598;547
6600;547
6602;547
6604;547
6606;547
6608;547
6610;547
6612;547
6614;547
6616;547
6618;547
6620;547
6622;547
6624;547
6626;547
6628;547
6630;547
6632;547
6634;547
6636;547
6638;547
6640;547
6642;547
6644;547
6646;547
6648;547
6650;547
6652;547
6654;547
6656;547
6658;547
6660;547
6662;547
6664;547
6666;547
6668;547
6670;547
6672;547
6674;547
6676;547
6678;547
6680;547
6682;547
6684;547
6686;547
6688;547
6690;547
6692;547
6694;547
6696;547
6698;547
6700;547
6702;547
6704;547
6706;547
6708;547
6710;547
6712;547
6714;547
6716;547
6718;547
6720;547
6722;547
6724;547
6726;547
6728;547
6730;547
6732;547
6734;547
6736;547
6738;547
6740;547
6742;547
6744;547
6746;547
6748;547
6750;547
6752;547
6754;547
6756;547
6758;547
6760;547
6762;547
6764;547
6766;547
6768;547
6770;547
6772;547
6774;547
6776;547
6778;547
6780;547
6782;547
6784;547
6786;547
6788;547
6790;547
6792;547
6794;547
6796;547
6798;547
6800;547
6802;547
6804;547
6806;547
6808;547
6810;547
6812;547
6814;547
6816;547
6818;547
6820;547
6822;547
6824;547
6826;547
6828;547
6830;547
6832;547
6834;547
6836;547
6838;547
6840;547
6842;547
6844;547
6846;547
6848;547
6850;547
6852;547
6854;547
6856;547
6858;547
6860;547
6862;547
6864;547
6866;547
6868;547
6870;547
6872;547
6874;547
6876;547
6878;547
6880;547
6882;547
6884;547
6886;547
6888;547
6890;547
6892;547
6894;547
6896;547
6898;547
6900;547
6902;547
6904;547
6906;547
6908;547
6910;547
6912;547
6914;547
6916;547
6918;547
6920;547
6922;547
6924;547
6926;547
6928;547
6930;547
6932;547
6934;547
6936;547
6938;547
6940;547
6942;547
6944;547
6946;547
6948;547
6950;547
6952;547
6954;547
6956;547
6958;547
6960;547
6962;547
6964;547
6966;547
6968;547
6970;547
6972;547
6974;547
6976;547
6978;547
6980;547
6982;547
6984;547
6986;547
6988;547
6990;547
6992;547
6994;547
6996;547
6998;547
7000;547
7002;547
7004;547
7006;547
7008;547
7010;547
7012;547
7014;547
7016;547
7018;547
7020;547
7022;547
7024;547
7026;547
7028;547
7030;547
7032;547
7034;547
7036;547
7038;547
7040;547
7042;547
7044;547
7046;547
7048;547
7050;547
7052;547
7054;547
7056;547
7058;547
7060;547
7062;547
7064;547
7066;547
7068;547
7070;547
7072;547
7074;547
7076;547
7078;547
7080;547
7082;547
7084;547
7086;547
7088;547
7090;547
7092;547
7094;547
7096;547
7098;547
7100;547
7102;547
7104;547
7106;547
7108;547
7110;547
7112;547
7114;547
7116;547
7118;547
7120;547
7122;547
7124;547
7126;547
7128;547
7130;547
7132;547
7134;547
7136;547
7138;547
7140;547
7142;547
7144;547
7146;547
7148;547
7150;547
7152;547
7154;547
7156;547
7158;547
7160;547
7162;547
7164;547
7166;547
7168;547
7170;547
7172;547
7174;547
7176;547
7178;547
7180;547
7182;547
7184;547
7186;547
7188;547
7190;547
7192;547
7194;547
7196;547
7198;547
7200;452
7202;452
7204;452
7206;452
7208;452
7210;452
7212;452
7214;452
7216;452
7218;452
7220;452
7222;452
7224;452
7226;452
7228;452
7230;452
7232;452
7234;452
7236;452
7238;452
7240;452
7242;452
7244;452
7246;452
7248;452
7250;452
7252;452
7254;452
7256;452
7258;452
7260;452
7262;452
7264;452
7266;452
7268;452
7270;452
7272;452
7274;452
7276;452
7278;452
7280;452
7282;452
7284;452
7286;452
7288;452
7290;452
7292;452
7294;452
7296;452
7298;452
7300;452
7302;452
7304;452
7306;452
7308;452
7310;452
7312;452
7314;452
7316;452
7318;452
7320;452
7322;452
7324;452
7326;452
7328;452
7330;452
7332;452
7334;452
7336;452
7338;452
7340;452
7342;452
7344;452
7346;452
7348;452
7350;452
7352;452
7354;452
7356;452
7358;452
7360;452
7362;452
7364;452
7366;452
7368;452
7370;452
7372;452
7374;452
7376;452
7378;452
7380;452
7382;452
7384;452
7386;452
7388;452
7390;452
7392;452
7394;452
7396;452
7398;452
7400;452
7402;452
7404;452
7406;452
7408;452
7410;452
7412;452
7414;452
7416;452
7418;452
7420;452
7422;452
7424;452
7426;452
7428;452
7430;452
7432;452
7434;452
7436;452
7438;452
7440;452
7442;452
7444;452
7446;452
7448;452
7450;452
7452;452
7454;452
7456;452
7458;452
7460;452
7462;452
7464;452
7466;452
7468;452
7470;452
7472;452
7474;452
7476;452
7478;452
7480;452
7482;452
7484;452
7486;452
7488;452
7490;452
7492;452
7494;452
7496;452
7498;452
7500;452
7502;452
7504;452
7506;452
7508;452
7510;452
7512;452
7514;452
7516;452
7518;452
7520;452
7522;452
7524;452
7526;452
7528;452
7530;452
7532;452
7534;452
7536;452
7538;452
7540;452
7542;452
7544;452
7546;452
7548;452
7550;452
7552;452
7554;452
7556;452
7558;452
7560;452
7562;452
7564;452
7566;452
7568;452
7570;452
7572;452
7574;452
7576;452
7578;452
7580;452
7582;452
7584;452
7586;452
7588;452
7590;452
7592;452
7594;452
7596;452
7598;452
7600;452
7602;452
7604;452
7606;452
7608;452
7610;452
7612;452
7614;452
7616;452
7618;452
7620;452
7622;452
7624;452
7626;452
7628;452
7630;452
7632;452
7634;452
7636;452
7638;452
7640;452
7642;452
7644;452
7646;452
7648;452
7650;452
7652;452
7654;452
7656;452
7658;452
7660;452
7662;452
7664;452
7666;452
7668;452
7670;452
7672;452
7674;452
7676;452
7678;452
7680;452
7682;452
7684;452
7686;452
7688;452
7690;452
7692;452
7694;452
7696;452
7698;452
7700;452
7702;452
7704;452
7706;452
7708;452
7710;452
7712;452
7714;452
7716;452
7718;452
7720;452
7722;452
7724;452
7726;452
7728;452
7730;452
7732;452
7734;452
7736;452
7738;452
7740;452
7742;452
7744;452
7746;452
7748;452
7750;452
7752;452
7754;452
7756;452
7758;452
7760;452
7762;452
7764;452
7766;452
7768;452
7770;452
7772;452
7774;452
7776;452
7778;452
7780;452
7782;452
7784;452
7786;452
7788;452
7790;452
7792;452
7794;452
7796;452
7798;452
7800;452
7802;452
7804;452
7806;452
7808;452
7810;452
7812;452
7814;452
7816;452
7818;452
7820;452
7822;452
7824;452
7826;452
7828;452
7830;452
7832;452
7834;452
7836;452
7838;452
7840;452
7842;452
7844;452
7846;452
7848;452
7850;452
7852;452
7854;452
7856;452
7858;452
7860;452
7862;452
7864;452
7866;452
7868;452
7870;452
7872;452
7874;452
7876;452
7878;452
7880;452
7882;452
7884;452
7886;452
7888;452
7890;452
7892;452
7894;452
7896;452
7898;452
7900;452
7902;452
7904;452
7906;452
7908;452
7910;452
7912;452
7914;452
7916;452
7918;452
7920;452
7922;452
7924;452
7926;452
7928;452
7930;452
7932;452
7934;452
7936;452
7938;452
7940;452
7942;452
7944;452
7946;452
7948;452
7950;452
7952;452
7954;452
7956;452
7958;452
7960;452
7962;452
7964;452
7966;452
7968;452
7970;452
7972;452
7974;452
7976;452
7978;452
7980;452
7982;452
7984;452
7986;452
7988;452
7990;452
7992;452
7994;452
7996;452
7998;452
8000;452
8002;452
8004;452
8006;452
8008;452
8010;452
8012;452
8014;452
8016;452
8018;452
8020;452
8022;452
8024;452
8026;452
8028;452
8030;452
8032;452
8034;452
8036;452
8038;452
8040;452
8042;452
8044;452
8046;452
8048;452
8050;452
8052;452
8054;452
8056;452
8058;452
8060;452
8062;452
8064;452
8066;452
8068;452
8070;452
8072;452
8074;452
8076;452
8078;452
8080;452
8082;452
8084;452
8086;452
8088;452
8090;452
8092;452
8094;452
8096;452
8098;452
8100;247
8102;247
8104;247
8106;247
8108;247
8110;247
8112;247
8114;247
8116;247
8118;247
8120;247
8122;247
8124;247
8126;247
8128;247
8130;247
8132;247
8134;247
8136;247
8138;247
8140;247
8142;247
8144;247
8146;247
8148;247
8150;247
8152;247
8154;247
8156;247
8158;247
8160;247
8162;247
8164;247
8166;247
8168;247
8170;247
8172;247
8174;247
8176;247
8178;247
8180;247
8182;247
8184;247
8186;247
8188;247
8190;247
8192;247
8194;247
8196;247
8198;247
8200;247
8202;247
8204;247
8206;247
8208;247
8210;247
8212;247
8214;247
8216;247
8218;247
8220;247
8222;247
8224;247
8226;247
8228;247
8230;247
8232;247
8234;247
8236;247
8238;247
8240;247
8242;247
8244;247
8246;247
8248;247
8250;247
8252;247
8254;247
8256;247
8258;247
8260;247
8262;247
8264;247
8266;247
8268;247
8270;247
8272;247
8274;247
8276;247
8278;247
8280;247
8282;247
8284;247
8286;247
8288;247
8290;247
8292;247
8294;247
8296;247
8298;247
8300;247
8302;247
8304;247
8306;247
8308;247
8310;247
8312;247
8314;247
8316;247
8318;247
8320;247
8322;247
8324;247
8326;247
8328;247
8330;247
8332;247
8334;247
8336;247
8338;247
8340;247
8342;247
8344;247
8346;247
8348;247
8350;247
8352;247
8354;247
8356;247
8358;247
8360;247
8362;247
8364;247
8366;247
8368;247
8370;247
8372;247
8374;247
8376;247
8378;247
8380;247
8382;247
8384;247
8386;247
8388;247
8390;247
8392;247
8394;247
8396;247
8398;247
8400;247
8402;247
8404;247
8406;247
8408;247
8410;247
8412;247
8414;247
8416;247
8418;247
8420;247
8422;247
8424;247
8426;247
8428;247
8430;247
8432;247
8434;247
8436;247
8438;247
8440;247
8442;247
8444;247
8446;247
8448;247
8450;247
8452;247
8454;247
8456;247
8458;247
8460;247
8462;247
8464;247
8466;247
8468;247
8470;247
8472;247
8474;247
8476;247
8478;247
8480;247
8482;247
8484;247
8486;247
8488;247
8490;247
8492;247
8494;247
8496;247
8498;247
8500;247
8502;247
8504;247
8506;247
8508;247
8510;247
8512;247
8514;247
8516;247
8518;247
8520;247
8522;247
8524;247
8526;247
8528;247
8530;247
8532;247
8534;247
8536;247
8538;247
8540;247
8542;247
8544;247
8546;247
8548;247
8550;247
8552;247
8554;247
8556;247
8558;247
8560;247
8562;247
8564;247
8566;247
8568;247
8570;247
8572;247
8574;247
8576;247
8578;247
8580;247
8582;247
8584;247
8586;247
8588;247
8590;247
8592;247
8594;247
8596;247
8598;247
8600;247
8602;247
8604;247
8606;247
8608;247
8610;247
8612;247
8614;247
8616;247
8618;247
8620;247
8622;247
8624;247
8626;247
8628;247
8630;247
8632;247
8634;247
8636;247
8638;247
8640;247
8642;247
8644;247
8646;247
8648;247
8650;247
8652;247
8654;247
8656;247
8658;247
8660;247
8662;247
8664;247
8666;247
8668;247
8670;247
8672;247
8674;247
8676;247
8678;247
8680;247
8682;247
8684;247
8686;247
8688;247
8690;247
8692;247
8694;247
8696;247
8698;247
8700;247
8702;247
8704;247
8706;247
8708;247
8710;247
8712;247
8714;247
8716;247
8718;247
8720;247
8722;247
8724;247
8726;247
8728;247
8730;247
8732;247
8734;247
8736;247
8738;247
8740;247
8742;247
8744;247
8746;247
8748;247
8750;247
8752;247
8754;247
8756;247
8758;247
8760;247
8762;247
8764;247
8766;247
8768;247
8770;247
8772;247
8774;247
8776;247
8778;247
8780;247
8782;247
8784;247
8786;247
8788;247
8790;247
8792;247
8794;247
8796;247
8798;247
8800;247
8802;247
8804;247
8806;247
8808;247
8810;247
8812;247
8814;247
8816;247
8818;247
8820;247
8822;247
8824;247
8826;247
8828;247
8830;247
8832;247
8834;247
8836;247
8838;247
8840;247
8842;247
8844;247
8846;247
8848;247
8850;247
8852;247
8854;247
8856;247
8858;247
8860;247
8862;247
8864;247
8866;247
8868;247
8870;247
8872;247
8874;247
8876;247
8878;247
8880;247
8882;247
8884;247
8886;247
8888;247
8890;247
8892;247
8894;247
8896;247
8898;247
8900;247
8902;247
8904;247
8906;247
8908;247
8910;247
8912;247
8914;247
8916;247
8918;247
8920;247
8922;247
8924;247
8926;247
8928;247
8930;247
8932;247
8934;247
8936;247
8938;247
8940;247
8942;247
8944;247
8946;247
8948;247
8950;247
8952;247
8954;247
8956;247
8958;247
8960;247
8962;247
8964;247
8966;247
8968;247
8970;247
8972;247
8974;247
8976;247
8978;247
8980;247
8982;247
8984;247
8986;247
8988;247
8990;247
8992;247
8994;247
8996;247
8998;247
9000;280
9002;280
9004;280
9006;280
9008;280
9010;280
9012;280
9014;280
9016;280
9018;280
9020;280
9022;280
9024;280
9026;280
9028;280
9030;280
9032;280
9034;280
9036;280
9038;280
9040;280
9042;280
9044;280
9046;280
9048;280
9050;280
9052;280
9054;280
9056;280
9058;280
9060;280
9062;280
9064;280
9066;280
9068;280
9070;280
9072;280
9074;280
9076;280
9078;280
9080;280
9082;280
9084;280
9086;280
9088;280
9090;280
9092;280
9094;280
9096;280
9098;280
9100;280
9102;280
9104;280
9106;280
9108;280
9110;280
9112;280
9114;280
9116;280
9118;280
9120;280
9122;280
9124;280
9126;280
9128;280
9130;280
9132;280
9134;280
9136;280
9138;280
9140;280
9142;280
9144;280
9146;280
9148;280
9150;280
9152;280
9154;280
9156;280
9158;280
9160;280
9162;280
9164;280
9166;280
9168;280
9170;280
9172;280
9174;280
9176;280
9178;280
9180;280
9182;280
9184;280
9186;280
9188;280
9190;280
9192;280
9194;280
9196;280
9198;280
9200;280
9202;280
9204;280
9206;280
9208;280
9210;280
9212;280
9214;280
9216;280
9218;280
9220;280
9222;280
9224;280
9226;280
9228;280
9230;280
9232;280
9234;280
9236;280
9238;280
9240;280
9242;280
9244;280
9246;280
9248;280
9250;280
9252;280
9254;280
9256;280
9258;280
9260;280
9262;280
9264;280
9266;280
9268;280
9270;280
9272;280
9274;280
9276;280
9278;280
9280;280
9282;280
9284;280
9286;280
9288;280
9290;280
9292;280
9294;280
9296;280
9298;280
9300;280
9302;280
9304;280
9306;280
9308;280
9310;280
9312;280
9314;280
9316;280
9318;280
9320;280
9322;280
9324;280
9326;280
9328;280
9330;280
9332;280
9334;280
9336;280
9338;280
9340;280
9342;280
9344;280
9346;280
9348;280
9350;280
9352;280
9354;280
9356;280
9358;280
9360;280
9362;280
9364;280
9366;280
9368;280
9370;280
9372;280
9374;280
9376;280
9378;280
9380;280
9382;280
9384;280
9386;280
9388;280
9390;280
9392;280
9394;280
9396;280
9398;280
9400;280
9402;280
9404;280
9406;280
9408;280
9410;280
9412;280
9414;280
9416;280
9418;280
9420;280
9422;280
9424;280
9426;280
9428;280
9430;280
9432;280
9434;280
9436;280
9438;280
9440;280
9442;280
9444;280
9446;280
9448;280
9450;280
9452;280
9454;280
9456;280
9458;280
9460;280
9462;280
9464;280
9466;280
9468;280
9470;280
9472;280
9474;280
9476;280
9478;280
9480;280
9482;280
9484;280
9486;280
9488;280
9490;280
9492;280
9494;280
9496;280
9498;280
9500;280
9502;280
9504;280
9506;280
9508;280
9510;280
9512;280
9514;280
9516;280
9518;280
9520;280
9522;280
9524;280
9526;280
9528;280
9530;280
9532;280
9534;280
9536;280
9538;280
9540;280
9542;280
9544;280
9546;280
9548;280
9550;280
9552;280
9554;280
9556;280
9558;280
9560;280
9562;280
9564;280
9566;280
9568;280
9570;280
9572;280
9574;280
9576;280
9578;280
9580;280
9582;280
9584;280
9586;280
9588;280
9590;280
9592;280
9594;280
9596;280
9598;280
9600;280
9602;280
9604;280
9606;280
9608;280
9610;280
9612;280
9614;280
9616;280
9618;280
9620;280
9622;280
9624;280
9626;280
9628;280
9630;280
9632;280
9634;280
9636;280
9638;280
9640;280
9642;280
9644;280
9646;280
9648;280
9650;280
9652;280
9654;280
9656;280
9658;280
9660;280
9662;280
9664;280
9666;280
9668;280
9670;280
9672;280
9674;280
9676;280
9678;280
9680;280
9682;280
9684;280
9686;280
9688;280
9690;280
9692;280
9694;280
9696;280
9698;280
9700;280
9702;280
9704;280
9706;280
9708;280
9710;280
9712;280
9714;280
9716;280
9718;280
9720;280
9722;280
9724;280
9726;280
9728;280
9730;280
9732;280
9734;280
9736;280
9738;280
9740;280
9742;280
9744;280
9746;280
9748;280
9750;280
9752;280
9754;280
9756;280
9758;280
9760;280
9762;280
9764;280
9766;280
9768;280
9770;280
9772;280
9774;280
9776;280
9778;280
9780;280
9782;280
9784;280
9786;280
9788;280
9790;280
9792;280
9794;280
9796;280
9798;280
9800;280
9802;280
9804;280
9806;280
9808;280
9810;280
9812;280
9814;280
9816;280
9818;280
9820;280
9822;280
9824;280
9826;280
9828;280
9830;280
9832;280
9834;280
9836;280
9838;280
9840;280
9842;280
9844;280
9846;280
9848;280
9850;280
9852;280
9854;280
9856;280
9858;280
9860;280
9862;280
9864;280
9866;280
9868;280
9870;280
9872;280
9874;280
9876;280
9878;280
9880;280
9882;280
9884;280
9886;280
9888;280
9890;280
9892;280
9894;280
9896;280
9898;280
9900;377
9902;377
9904;377
9906;377
9908;377
9910;377
9912;377
9914;377
9916;377
9918;377
9920;377
9922;377
9924;377
9926;377
9928;377
9930;377
9932;377
9934;377
9936;377
9938;377
9940;377
9942;377
9944;377
9946;377
9948;377
9950;377
9952;377
9954;377
9956;377
9958;377
9960;377
9962;377
9964;377
9966;377
9968;377
9970;377
9972;377
9974;377
9976;377
9978;377
9980;377
9982;377
9984;377
9986;377
9988;377
9990;377
9992;377
9994;377
9996;377
9998;377
10000;377
10002;377
10004;377
10006;377
10008;377
10010;377
10012;377
10014;377
10016;377
10018;377
10020;377
10022;377
10024;377
10026;377
10028;377
10030;377
10032;377
10034;377
10036;377
10038;377
10040;377
10042;377
10044;377
10046;377
10048;377
10050;377
10052;377
10054;377
10056;377
10058;377
10060;377
10062;377
10064;377
10066;377
10068;377
10070;377
10072;377
10074;377
10076;377
10078;377
10080;377
10082;377
10084;377
10086;377
10088;377
10090;377
10092;377
10094;377
10096;377
10098;377
10100;377
10102;377
10104;377
10106;377
10108;377
10110;377
10112;377
10114;377
10116;377
10118;377
10120;377
10122;377
10124;377
10126;377
10128;377
10130;377
10132;377
10134;377
10136;377
10138;377
10140;377
10142;377
10144;377
10146;377
10148;377
10150;377
10152;377
10154;377
10156;377
10158;377
10160;377
10162;377
10164;377
10166;377
10168;377
10170;377
10172;377
10174;377
10176;377
10178;377
10180;377
10182;377
10184;377
10186;377
10188;377
10190;377
10192;377
10194;377
10196;377
10198;377
10200;377
10202;377
10204;377
10206;377
10208;377
10210;377
10212;377
10214;377
10216;377
10218;377
10220;377
10222;377
10224;377
10226;377
10228;377
10230;377
10232;377
10234;377
10236;377
10238;377
10240;377
10242;377
10244;377
10246;377
10248;377
10250;377
10252;377
10254;377
10256;377
10258;377
10260;377
10262;377
10264;377
10266;377
10268;377
10270;377
10272;377
10274;377
10276;377
10278;377
10280;377
10282;377
10284;377
10286;377
10288;377
10290;377
10292;377
10294;377
10296;377
10298;377
10300;377
10302;377
10304;377
10306;377
10308;377
10310;377
10312;377
10314;377
10316;377
10318;377
10320;377
10322;377
10324;377
10326;377
10328;377
10330;377
10332;377
10334;377
10336;377
10338;377
10340;377
10342;377
10344;377
10346;377
10348;377
10350;377
10352;377
10354;377
10356;377
10358;377
10360;377
10362;377
10364;377
10366;377
10368;377
10370;377
10372;377
10374;377
10376;377
10378;377
10380;377
10382;377
10384;377
10386;377
10388;377
10390;377
10392;377
10394;377
10396;377
10398;377
10400;377
10402;377
10404;377
10406;377
10408;377
10410;377
10412;377
10414;377
10416;377
10418;377
10420;377
10422;377
10424;377
10426;377
10428;377
10430;377
10432;377
10434;377
10436;377
10438;377
10440;377
10442;377
10444;377
10446;377
10448;377
10450;377
10452;377
10454;377
10456;377
10458;377
10460;377
10462;377
10464;377
10466;377
10468;377
10470;377
10472;377
10474;377
10476;377
10478;377
10480;377
10482;377
10484;377
10486;377
10488;377
10490;377
10492;377
10494;377
10496;377
10498;377
10500;377
10502;377
10504;377
10506;377
10508;377
10510;377
10512;377
10514;377
10516;377
10518;377
10520;377
10522;377
10524;377
10526;377
10528;377
10530;377
10532;377
10534;377
10536;377
10538;377
10540;377
10542;377
10544;377
10546;377
10548;377
10550;377
10552;377
10554;377
10556;377
10558;377
10560;377
10562;377
10564;377
10566;377
10568;377
10570;377
10572;377
10574;377
10576;377
10578;377
10580;377
10582;377
10584;377
10586;377
10588;377
10590;377
10592;377
10594;377
10596;377
10598;377
10600;377
10602;377
10604;377
10606;377
10608;377
10610;377
10612;377
10614;377
10616;377
10618;377
10620;377
10622;377
10624;377
10626;377
10628;377
10630;377
10632;377
10634;377
10636;377
10638;377
10640;377
10642;377
10644;377
10646;377
10648;377
10650;377
10652;377
10654;377
10656;377
10658;377
10660;377
10662;377
10664;377
10666;377
10668;377
10670;377
10672;377
10674;377
10676;377
10678;377
10680;377
10682;377
10684;377
10686;377
10688;377
10690;377
10692;377
10694;377
10696;377
10698;377
10700;377
10702;377
10704;377
10706;377
10708;377
10710;377
10712;377
10714;377
10716;377
10718;377
10720;377
10722;377
10724;377
10726;377
10728;377
10730;377
10732;377
10734;377
10736;377
10738;377
10740;377
10742;377
10744;377
10746;377
10748;377
10750;377
10752;377
10754;377
10756;377
10758;377
10760;377
10762;377
10764;377
10766;377
10768;377
10770;377
10772;377
10774;377
10776;377
10778;377
10780;377
10782;377
10784;377
10786;377
10788;377
10790;377
10792;377
10794;377
10796;377
10798;377
10800;326
10802;326
10804;326
10806;326
10808;326
10810;326
10812;326
10814;326
10816;326
10818;326
10820;326
10822;326
10824;326
10826;326
10828;326
10830;326
10832;326
10834;326
10836;326
10838;326
10840;326
10842;326
10844;326
10846;326
10848;326
10850;326
10852;326
10854;326
10856;326
10858;326
10860;326
10862;326
10864;326
10866;326
10868;326
10870;326
10872;326
10874;326
10876;326
10878;326
10880;326
10882;326
10884;326
10886;326
10888;326
10890;326
10892;326
10894;326
10896;326
10898;326
10900;326
10902;326
10904;326
10906;326
10908;326
10910;326
10912;326
10914;326
10916;326
10918;326
10920;326
10922;326
10924;326
10926;326
10928;326
10930;326
10932;326
10934;326
10936;326
10938;326
10940;326
10942;326
10944;326
10946;326
10948;326
10950;326
10952;326
10954;326
10956;326
10958;326
10960;326
10962;326
10964;326
10966;326
10968;326
10970;326
10972;326
10974;326
10976;326
10978;326
10980;326
10982;326
10984;326
10986;326
10988;326
10990;326
10992;326
10994;326
10996;326
10998;326
11000;326
11002;326
11004;326
11006;326
11008;326
11010;326
11012;326
11014;326
11016;326
11018;326
11020;326
11022;326
11024;326
11026;326
11028;326
11030;326
11032;326
11034;326
11036;326
11038;326
11040;326
11042;326
11044;326
11046;326
11048;326
11050;326
11052;326
11054;326
11056;326
11058;326
11060;326
11062;326
11064;326
11066;326
11068;326
11070;326
11072;326
11074;326
11076;326
11078;326
11080;326
11082;326
11084;326
11086;326
11088;326
11090;326
11092;326
11094;326
11096;326
11098;326
11100;326
11102;326
11104;326
11106;326
11108;326
11110;326
11112;326
11114;326
11116;326
11118;326
11120;326
11122;326
11124;326
11126;326
11128;326
11130;326
11132;326
11134;326
11136;326
11138;326
11140;326
11142;326
11144;326
11146;326
11148;326
11150;326
11152;326
11154;326
11156;326
11158;326
11160;326
11162;326
11164;326
11166;326
11168;326
11170;326
11172;326
11174;326
11176;326
11178;326
11180;326
11182;326
11184;326
11186;326
11188;326
11190;326
11192;326
11194;326
11196;326
11198;326
11200;326
11202;326
11204;326
11206;326
11208;326
11210;326
11212;326
11214;326
11216;326
11218;326
11220;326
11222;326
11224;326
11226;326
11228;326
11230;326
11232;326
11234;326
11236;326
11238;326
11240;326
11242;326
11244;326
11246;326
11248;326
11250;326
11252;326
11254;326
11256;326
11258;326
11260;326
11262;326
11264;326
11266;326
11268;326
11270;326
11272;326
11274;326
11276;326
11278;326
11280;326
11282;326
11284;326
11286;326
11288;326
11290;326
11292;326
11294;326
11296;326
11298;326
11300;326
11302;326
11304;326
11306;326
11308;326
11310;326
11312;326
11314;326
11316;326
11318;326
11320;326
11322;326
11324;326
11326;326
11328;326
11330;326
11332;326
11334;326
11336;326
11338;326
11340;326
11342;326
11344;326
11346;326
11348;326
11350;326
11352;326
11354;326
11356;326
11358;326
11360;326
11362;326
11364;326
11366;326
11368;326
11370;326
11372;326
11374;326
11376;326
11378;326
11380;326
11382;326
11384;326
11386;326
11388;326
11390;326
11392;326
11394;326
11396;326
11398;326
11400;326
11402;326
11404;326
11406;326
11408;326
11410;326
11412;326
11414;326
11416;326
11418;326
11420;326
11422;326
11424;326
11426;326
11428;326
11430;326
11432;326
11434;326
11436;326
11438;326
11440;326
11442;326
11444;326
11446;326
11448;326
11450;326
11452;326
11454;326
11456;326
11458;326
11460;326
11462;326
11464;326
11466;326
11468;326
11470;326
11472;326
11474;326
11476;326
11478;326
11480;326
11482;326
11484;326
11486;326
11488;326
11490;326
11492;326
11494;326
11496;326
11498;326
11500;326
11502;326
11504;326
11506;326
11508;326
11510;326
11512;326
11514;326
11516;326
11518;326
11520;326
11522;326
11524;326
11526;326
11528;326
11530;326
11532;326
11534;326
11536;326
11538;326
11540;326
11542;326
11544;326
11546;326
11548;326
11550;326
11552;326
11554;326
11556;326
11558;326
11560;326
11562;326
11564;326
11566;326
11568;326
11570;326
11572;326
11574;326
11576;326
11578;326
11580;326
11582;326
11584;326
11586;326
11588;326
11590;326
11592;326
11594;326
11596;326
11598;326
11600;326
11602;326
11604;326
11606;326
11608;326
11610;326
11612;326
11614;326
11616;326
11618;326
11620;326
11622;326
11624;326
11626;326
11628;326
11630;326
11632;326
11634;326
11636;326
11638;326
11640;326
11642;326
11644;326
11646;326
11648;326
11650;326
11652;326
11654;326
11656;326
11658;326
11660;326
11662;326
11664;326
11666;326
11668;326
11670;326
11672;326
11674;326
11676;326
11678;326
11680;326
11682;326
11684;326
11686;326
11688;326
11690;326
11692;326
11694;326
11696;326
11698;326
11700;262
11702;262
11704;262
11706;262
11708;262
11710;262
11712;262
11714;262
11716;262
11718;262
11720;262
11722;262
11724;262
11726;262
11728;262
11730;262
11732;262
11734;262
11736;262
11738;262
11740;262
11742;262
11744;262
11746;262
11748;262
11750;262
11752;262
11754;262
11756;262
11758;262
11760;262
11762;262
11764;262
11766;262
11768;262
11770;262
11772;262
11774;262
11776;262
11778;262
11780;262
11782;262
11784;262
11786;262
11788;262
11790;262
11792;262
11794;262
11796;262
11798;262
11800;262
11802;262
11804;262
11806;262
11808;262
11810;262
11812;262
11814;262
11816;262
11818;262
11820;262
11822;262
11824;262
11826;262
11828;262
11830;262
11832;262
11834;262
11836;262
11838;262
11840;262
11842;262
11844;262
11846;262
11848;262
11850;262
11852;262
11854;262
11856;262
11858;262
11860;262
11862;262
11864;262
11866;262
11868;262
11870;262
11872;262
11874;262
11876;262
11878;262
11880;262
11882;262
11884;262
11886;262
11888;262
11890;262
11892;262
11894;262
11896;262
11898;262
11900;262
11902;262
11904;262
11906;262
11908;262
11910;262
11912;262
11914;262
11916;262
11918;262
11920;262
11922;262
11924;262
11926;262
11928;262
11930;262
11932;262
11934;262
11936;262
11938;262
11940;262
11942;262
11944;262
11946;262
11948;262
11950;262
11952;262
11954;262
11956;262
11958;262
11960;262
11962;262
11964;262
11966;262
11968;262
11970;262
11972;262
11974;262
11976;262
11978;262
11980;262
11982;262
11984;262
11986;262
11988;262
11990;262
11992;262
11994;262
11996;262
11998;262
12000;262
12002;262
12004;262
12006;262
12008;262
12010;262
12012;262
12014;262
12016;262
12018;262
12020;262
12022;262
12024;262
12026;262
12028;262
12030;262
12032;262
12034;262
12036;262
12038;262
12040;262
12042;262
12044;262
12046;262
12048;262
12050;262
12052;262
12054;262
12056;262
12058;262
12060;262
12062;262
12064;262
12066;262
12068;262
12070;262
12072;262
12074;262
12076;262
12078;262
12080;262
12082;262
12084;262
12086;262
12088;262
12090;262
12092;262
12094;262
12096;262
12098;262
12100;262
12102;262
12104;262
12106;262
12108;262
12110;262
12112;262
12114;262
12116;262
12118;262
12120;262
12122;262
12124;262
12126;262
12128;262
12130;262
12132;262
12134;262
12136;262
12138;262
12140;262
12142;262
12144;262
12146;262
12148;262
12150;262
12152;262
12154;262
12156;262
12158;262
12160;262
12162;262
12164;262
12166;262
12168;262
12170;262
12172;262
12174;262
12176;262
12178;262
12180;262
12182;262
12184;262
12186;262
12188;262
12190;262
12192;262
12194;262
12196;262
12198;262
12200;262
12202;262
12204;262
12206;262
12208;262
12210;262
12212;262
12214;262
12216;262
12218;262
12220;262
12222;262
12224;262
12226;262
12228;262
12230;262
12232;262
12234;262
12236;262
12238;262
12240;262
12242;262
12244;262
12246;262
12248;262
12250;262
12252;262
12254;262
12256;262
12258;262
12260;262
12262;262
12264;262
12266;262
12268;262
12270;262
12272;262
12274;262
12276;262
12278;262
12280;262
12282;262
12284;262
12286;262
12288;262
12290;262
12292;262
12294;262
12296;262
12298;262
12300;262
12302;262
12304;262
12306;262
12308;262
12310;262
12312;262
12314;262
12316;262
12318;262
12320;262
12322;262
12324;262
12326;262
12328;262
12330;262
12332;262
12334;262
12336;262
12338;262
12340;262
12342;262
12344;262
12346;262
12348;262
12350;262
12352;262
12354;262
12356;262
12358;262
12360;262
12362;262
12364;262
12366;262
12368;262
12370;262
12372;262
12374;262
12376;262
12378;262
12380;262
12382;262
12384;262
12386;262
12388;262
12390;262
12392;262
12394;262
12396;262
12398;262
12400;262
12402;262
12404;262
12406;262
12408;262
12410;262
12412;262
12414;262
12416;262
12418;262
12420;262
12422;262
12424;262
12426;262
12428;262
12430;262
12432;262
12434;262
12436;262
12438;262
12440;262
12442;262
12444;262
12446;262
12448;262
12450;262
12452;262
12454;262
12456;262
12458;262
12460;262
12462;262
12464;262
12466;262
12468;262
12470;262
12472;262
12474;262
12476;262
12478;262
12480;262
12482;262
12484;262
12486;262
12488;262
12490;262
12492;262
12494;262
12496;262
12498;262
12500;262
12502;262
12504;262
12506;262
12508;262
12510;262
12512;262
12514;262
12516;262
12518;262
12520;262
12522;262
12524;262
12526;262
12528;262
12530;262
12532;262
12534;262
12536;262
12538;262
12540;262
12542;262
12544;262
12546;262
12548;262
12550;262
12552;262
12554;262
12556;262
12558;262
12560;262
12562;262
12564;262
12566;262
12568;262
12570;262
12572;262
12574;262
12576;262
12578;262
12580;262
12582;262
12584;262
12586;262
12588;262
12590;262
12592;262
12594;262
12596;262
12598;262
12600;225
12602;225
12604;225
12606;225
12608;225
12610;225
12612;225
12614;225
12616;225
12618;225
12620;225
12622;225
12624;225
12626;225
12628;225
12630;225
12632;225
12634;225
12636;225
12638;225
12640;225
12642;225
12644;225
12646;225
12648;225
12650;225
12652;225
12654;225
12656;225
12658;225
12660;225
12662;225
12664;225
12666;225
12668;225
12670;225
12672;225
12674;225
12676;225
12678;225
12680;225
12682;225
12684;225
12686;225
12688;225
12690;225
12692;225
12694;225
12696;225
12698;225
12700;225
12702;225
12704;225
12706;225
12708;225
12710;225
12712;225
12714;225
12716;225
12718;225
12720;225
12722;225
12724;225
12726;225
12728;225
12730;225
12732;225
12734;225
12736;225
12738;225
12740;225
12742;225
12744;225
12746;225
12748;225
12750;225
12752;225
12754;225
12756;225
12758;225
12760;225
12762;225
12764;225
12766;225
12768;225
12770;225
12772;225
12774;225
12776;225
12778;225
12780;225
12782;225
12784;225
12786;225
12788;225
12790;225
12792;225
12794;225
12796;225
12798;225
12800;225
12802;225
12804;225
12806;225
12808;225
12810;225
12812;225
12814;225
12816;225
12818;225
12820;225
12822;225
12824;225
12826;225
12828;225
12830;225
12832;225
12834;225
12836;225
12838;225
12840;225
12842;225
12844;225
12846;225
12848;225
12850;225
12852;225
12854;225
12856;225
12858;225
12860;225
12862;225
12864;225
12866;225
12868;225
12870;225
12872;225
12874;225
12876;225
12878;225
12880;225
12882;225
12884;225
12886;225
12888;225
12890;225
12892;225
12894;225
12896;225
12898;225
12900;225
12902;225
12904;225
12906;225
12908;225
12910;225
12912;225
12914;225
12916;225
12918;225
12920;225
12922;225
12924;225
12926;225
12928;225
12930;225
12932;225
12934;225
12936;225
12938;225
12940;225
12942;225
12944;225
12946;225
12948;225
12950;225
12952;225
12954;225
12956;225
12958;225
12960;225
12962;225
12964;225
12966;225
12968;225
12970;225
12972;225
12974;225
12976;225
12978;225
12980;225
12982;225
12984;225
12986;225
12988;225
12990;225
12992;225
12994;225
12996;225
12998;225
13000;225
13002;225
13004;225
13006;225
13008;225
13010;225
13012;225
13014;225
13016;225
13018;225
13020;225
13022;225
13024;225
13026;225
13028;225
13030;225
13032;225
13034;225
13036;225
13038;225
13040;225
13042;225
13044;225
13046;225
13048;225
13050;225
13052;225
13054;225
13056;225
13058;225
13060;225
13062;225
13064;225
13066;225
13068;225
13070;225
13072;225
13074;225
13076;225
13078;225
13080;225
13082;225
13084;225
13086;225
13088;225
13090;225
13092;225
13094;225
13096;225
13098;225
13100;225
13102;225
13104;225
13106;225
13108;225
13110;225
13112;225
13114;225
13116;225
13118;225
13120;225
13122;225
13124;225
13126;225
13128;225
13130;225
13132;225
13134;225
13136;225
13138;225
13140;225
13142;225
13144;225
13146;225
13148;225
13150;225
13152;225
13154;225
13156;225
13158;225
13160;225
13162;225
13164;225
13166;225
13168;225
13170;225
13172;225
13174;225
13176;225
13178;225
13180;225
13182;225
13184;225
13186;225
13188;225
13190;225
13192;225
13194;225
13196;225
13198;225
13200;225
13202;225
13204;225
13206;225
13208;225
13210;225
13212;225
13214;225
13216;225
13218;225
13220;225
13222;225
13224;225
13226;225
13228;225
13230;225
13232;225
13234;225
13236;225
13238;225
13240;225
13242;225
13244;225
13246;225
13248;225
13250;225
13252;225
13254;225
13256;225
13258;225
13260;225
13262;225
13264;225
13266;225
13268;225
13270;225
13272;225
13274;225
13276;225
13278;225
13280;225
13282;225
13284;225
13286;225
13288;225
13290;225
13292;225
13294;225
13296;225
13298;225
13300;225
13302;225
13304;225
13306;225
13308;225
13310;225
13312;225
13314;225
13316;225
13318;225
13320;225
13322;225
13324;225
13326;225
13328;225
13330;225
13332;225
13334;225
13336;225
13338;225
13340;225
13342;225
13344;225
13346;225
13348;225
13350;225
13352;225
13354;225
13356;225
13358;225
13360;225
13362;225
13364;225
13366;225
13368;225
13370;225
13372;225
13374;225
13376;225
13378;225
13380;225
13382;225
13384;225
13386;225
13388;225
13390;225
13392;225
13394;225
13396;225
13398;225
13400;225
13402;225
13404;225
13406;225
13408;225
13410;225
13412;225
13414;225
13416;225
13418;225
13420;225
13422;225
13424;225
13426;225
13428;225
13430;225
13432;225
13434;225
13436;225
13438;225
13440;225
13442;225
13444;225
13446;225
13448;225
13450;225
13452;225
13454;225
13456;225
13458;225
13460;225
13462;225
13464;225
13466;225
13468;225
13470;225
13472;225
13474;225
13476;225
13478;225
13480;225
13482;225
13484;225
13486;225
13488;225
13490;225
13492;225
13494;225
13496;225
13498;225
13500;242
13502;242
13504;242
13506;242
13508;242
13510;242
13512;242
13514;242
13516;242
13518;242
13520;242
13522;242
13524;242
13526;242
13528;242
13530;242
13532;242
13534;242
13536;242
13538;242
13540;242
13542;242
13544;242
13546;242
13548;242
13550;242
13552;242
13554;242
13556;242
13558;242
13560;242
13562;242
13564;242
13566;242
13568;242
13570;242
13572;242
13574;242
13576;242
13578;242
13580;242
13582;242
13584;242
13586;242
13588;242
13590;242
13592;242
13594;242
13596;242
13598;242
13600;242
13602;242
13604;242
13606;242
13608;242
13610;242
13612;242
13614;242
13616;242
13618;242
13620;242
13622;242
13624;242
13626;242
13628;242
13630;242
13632;242
13634;242
13636;242
13638;242
13640;242
13642;242
13644;242
13646;242
13648;242
13650;242
13652;242
13654;242
13656;242
13658;242
13660;242
13662;242
13664;242
13666;242
13668;242
13670;242
13672;242
13674;242
13676;242
13678;242
13680;242
13682;242
13684;242
13686;242
13688;242
13690;242
13692;242
13694;242
13696;242
13698;242
13700;242
13702;242
13704;242
13706;242
13708;242
13710;242
13712;242
13714;242
13716;242
13718;242
13720;242
13722;242
13724;242
13726;242
13728;242
13730;242
13732;242
13734;242
13736;242
13738;242
13740;242
13742;242
13744;242
13746;242
13748;242
13750;242
13752;242
13754;242
13756;242
13758;242
13760;242
13762;242
13764;242
13766;242
13768;242
13770;242
13772;242
13774;242
13776;242
13778;242
13780;242
13782;242
13784;242
13786;242
13788;242
13790;242
13792;242
13794;242
13796;242
13798;242
13800;242
13802;242
13804;242
13806;242
13808;242
13810;242
13812;242
13814;242
13816;242
13818;242
13820;242
13822;242
13824;242
13826;242
13828;242
13830;242
13832;242
13834;242
13836;242
13838;242
13840;242
13842;242
13844;242
13846;242
13848;242
13850;242
13852;242
13854;242
13856;242
13858;242
13860;242
13862;242
13864;242
13866;242
13868;242
13870;242
13872;242
13874;242
13876;242
13878;242
13880;242
13882;242
13884;242
13886;242
13888;242
13890;242
13892;242
13894;242
13896;242
13898;242
13900;242
13902;242
13904;242
13906;242
13908;242
13910;242
13912;242
13914;242
13916;242
13918;242
13920;242
13922;242
13924;242
13926;242
13928;242
13930;242
13932;242
13934;242
13936;242
13938;242
13940;242
13942;242
13944;242
13946;242
13948;242
13950;242
13952;242
13954;242
13956;242
13958;242
13960;242
13962;242
13964;242
13966;242
13968;242
13970;242
13972;242
13974;242
13976;242
13978;242
13980;242
13982;242
13984;242
13986;242
13988;242
13990;242
13992;242
13994;242
13996;242
13998;242
14000;242
14002;242
14004;242
14006;242
14008;242
14010;242
14012;242
14014;242
14016;242
14018;242
14020;242
14022;242
14024;242
14026;242
14028;242
14030;242
14032;242
14034;242
14036;242
14038;242
14040;242
14042;242
14044;242
14046;242
14048;242
14050;242
14052;242
14054;242
14056;242
14058;242
14060;242
14062;242
14064;242
14066;242
14068;242
14070;242
14072;242
14074;242
14076;242
14078;242
14080;242
14082;242
14084;242
14086;242
14088;242
14090;242
14092;242
14094;242
14096;242
14098;242
14100;242
14102;242
14104;242
14106;242
14108;242
14110;242
14112;242
14114;242
14116;242
14118;242
14120;242
14122;242
14124;242
14126;242
14128;242
14130;242
14132;242
14134;242
14136;242
14138;242
14140;242
14142;242
14144;242
14146;242
14148;242
14150;242
14152;242
14154;242
14156;242
14158;242
14160;242
14162;242
14164;242
14166;242
14168;242
14170;242
14172;242
14174;242
14176;242
14178;242
14180;242
14182;242
14184;242
14186;242
14188;242
14190;242
14192;242
14194;242
14196;242
14198;242
14200;242
14202;242
14204;242
14206;242
14208;242
14210;242
14212;242
14214;242
14216;242
14218;242
14220;242
14222;242
14224;242
14226;242
14228;242
14230;242
14232;242
14234;242
14236;242
14238;242
14240;242
14242;242
14244;242
14246;242
14248;242
14250;242
14252;242
14254;242
14256;242
14258;242
14260;242
14262;242
14264;242
14266;242
14268;242
14270;242
14272;242
14274;242
14276;242
14278;242
14280;242
14282;242
14284;242
14286;242
14288;242
14290;242
14292;242
14294;242
14296;242
14298;242
14300;242
14302;242
14304;242
14306;242
14308;242
14310;242
14312;242
14314;242
14316;242
14318;242
14320;242
14322;242
14324;242
14326;242
14328;242
14330;242
14332;242
14334;242
14336;242
14338;242
14340;242
14342;242
14344;242
14346;242
14348;242
14350;242
14352;242
14354;242
14356;242
14358;242
14360;242
14362;242
14364;242
14366;242
14368;242
14370;242
14372;242
14374;242
14376;242
14378;242
14380;242
14382;242
14384;242
14386;242
14388;242
14390;242
14392;242
14394;242
14396;242
14398;242
14400;236
14402;236
14404;236
14406;236
14408;236
14410;236
14412;236
14414;236
14416;236
14418;236
14420;236
14422;236
14424;236
14426;236
14428;236
14430;236
14432;236
14434;236
14436;236
14438;236
14440;236
14442;236
14444;236
14446;236
14448;236
14450;236
14452;236
14454;236
14456;236
14458;236
14460;236
14462;236
14464;236
14466;236
14468;236
14470;236
14472;236
14474;236
14476;236
14478;236
14480;236
14482;236
14484;236
14486;236
14488;236
14490;236
14492;236
14494;236
14496;236
14498;236
14500;236
14502;236
14504;236
14506;236
14508;236
14510;236
14512;236
14514;236
14516;236
14518;236
14520;236
14522;236
14524;236
14526;236
14528;236
14530;236
14532;236
14534;236
14536;236
14538;236
14540;236
14542;236
14544;236
14546;236
14548;236
14550;236
14552;236
14554;236
14556;236
14558;236
14560;236
14562;236
14564;236
14566;236
14568;236
14570;236
14572;236
14574;236
14576;236
14578;236
14580;236
14582;236
14584;236
14586;236
14588;236
14590;236
14592;236
14594;236
14596;236
14598;236
14600;236
14602;236
14604;236
14606;236
14608;236
14610;236
14612;236
14614;236
14616;236
14618;236
14620;236
14622;236
14624;236
14626;236
14628;236
14630;236
14632;236
14634;236
14636;236
14638;236
14640;236
14642;236
14644;236
14646;236
14648;236
14650;236
14652;236
14654;236
14656;236
14658;236
14660;236
14662;236
14664;236
14666;236
14668;236
14670;236
14672;236
14674;236
14676;236
14678;236
14680;236
14682;236
14684;236
14686;236
14688;236
14690;236
14692;236
14694;236
14696;236
14698;236
14700;236
14702;236
14704;236
14706;236
14708;236
14710;236
14712;236
14714;236
14716;236
14718;236
14720;236
14722;236
14724;236
14726;236
14728;236
14730;236
14732;236
14734;236
14736;236
14738;236
14740;236
14742;236
14744;236
14746;236
14748;236
14750;236
14752;236
14754;236
14756;236
14758;236
14760;236
14762;236
14764;236
14766;236
14768;236
14770;236
14772;236
14774;236
14776;236
14778;236
14780;236
14782;236
14784;236
14786;236
14788;236
14790;236
14792;236
14794;236
14796;236
14798;236
14800;236
14802;236
14804;236
14806;236
14808;236
14810;236
14812;236
14814;236
14816;236
14818;236
14820;236
14822;236
14824;236
14826;236
14828;236
14830;236
14832;236
14834;236
14836;236
14838;236
14840;236
14842;236
14844;236
14846;236
14848;236
14850;236
14852;236
14854;236
14856;236
14858;236
14860;236
14862;236
14864;236
14866;236
14868;236
14870;236
14872;236
14874;236
14876;236
14878;236
14880;236
14882;236
14884;236
14886;236
14888;236
14890;236
14892;236
14894;236
14896;236
14898;236
14900;236
14902;236
14904;236
14906;236
14908;236
14910;236
14912;236
14914;236
14916;236
14918;236
14920;236
14922;236
14924;236
14926;236
14928;236
14930;236
14932;236
14934;236
14936;236
14938;236
14940;236
14942;236
14944;236
14946;236
14948;236
14950;236
14952;236
14954;236
14956;236
14958;236
14960;236
14962;236
14964;236
14966;236
14968;236
14970;236
14972;236
14974;236
14976;236
14978;236
14980;236
14982;236
14984;236
14986;236
14988;236
14990;236
14992;236
14994;236
14996;236
14998;236
15000;236
15002;236
15004;236
15006;236
15008;236
15010;236
15012;236
15014;236
15016;236
15018;236
15020;236
15022;236
15024;236
15026;236
15028;236
15030;236
15032;236
15034;236
15036;236
15038;236
15040;236
15042;236
15044;236
15046;236
15048;236
15050;236
15052;236
15054;236
15056;236
15058;236
15060;236
15062;236
15064;236
15066;236
15068;236
15070;236
15072;236
15074;236
15076;236
15078;236
15080;236
15082;236
15084;236
15086;236
15088;236
15090;236
15092;236
15094;236
15096;236
15098;236
15100;236
15102;236
15104;236
15106;236
15108;236
15110;236
15112;236
15114;236
15116;236
15118;236
15120;236
15122;236
15124;236
15126;236
15128;236
15130;236
15132;236
15134;236
15136;236
15138;236
15140;236
15142;236
15144;236
15146;236
15148;236
15150;236
15152;236
15154;236
15156;236
15158;236
15160;236
15162;236
15164;236
15166;236
15168;236
15170;236
15172;236
15174;236
15176;236
15178;236
15180;236
15182;236
15184;236
15186;236
15188;236
15190;236
15192;236
15194;236
15196;236
15198;236
15200;236
15202;236
15204;236
15206;236
15208;236
15210;236
15212;236
15214;236
15216;236
15218;236
15220;236
15222;236
15224;236
15226;236
15228;236
15230;236
15232;236
15234;236
15236;236
15238;236
15240;236
15242;236
15244;236
15246;236
15248;236
15250;236
15252;236
15254;236
15256;236
15258;236
15260;236
15262;236
15264;236
15266;236
15268;236
15270;236
15272;236
15274;236
15276;236
15278;236
15280;236
15282;236
15284;236
15286;236
15288;236
15290;236
15292;236
15294;236
15296;236
15298;236
15300;291
15302;291
15304;291
15306;291
15308;291
15310;291
15312;291
15314;291
15316;291
15318;291
15320;291
15322;291
15324;291
15326;291
15328;291
15330;291
15332;291
15334;291
15336;291
15338;291
15340;291
15342;291
15344;291
15346;291
15348;291
15350;291
15352;291
15354;291
15356;291
15358;291
15360;291
15362;291
15364;291
15366;291
15368;291
15370;291
15372;291
15374;291
15376;291
15378;291
15380;291
15382;291
15384;291
15386;291
15388;291
15390;291
15392;291
15394;291
15396;291
15398;291
15400;291
15402;291
15404;291
15406;291
15408;291
15410;291
15412;291
15414;291
15416;291
15418;291
15420;291
15422;291
15424;291
15426;291
15428;291
15430;291
15432;291
15434;291
15436;291
15438;291
15440;291
15442;291
15444;291
15446;291
15448;291
15450;291
15452;291
15454;291
15456;291
15458;291
15460;291
15462;291
15464;291
15466;291
15468;291
15470;291
15472;291
15474;291
15476;291
15478;291
15480;291
15482;291
15484;291
15486;291
15488;291
15490;291
15492;291
15494;291
15496;291
15498;291
15500;291
15502;291
15504;291
15506;291
15508;291
15510;291
15512;291
15514;291
15516;291
15518;291
15520;291
15522;291
15524;291
15526;291
15528;291
15530;291
15532;291
15534;291
15536;291
15538;291
15540;291
15542;291
15544;291
15546;291
15548;291
15550;291
15552;291
15554;291
15556;291
15558;291
15560;291
15562;291
15564;291
15566;291
15568;291
15570;291
15572;291
15574;291
15576;291
15578;291
15580;291
15582;291
15584;291
15586;291
15588;291
15590;291
15592;291
15594;291
15596;291
15598;291
15600;291
15602;291
15604;291
15606;291
15608;291
15610;291
15612;291
15614;291
15616;291
15618;291
15620;291
15622;291
15624;291
15626;291
15628;291
15630;291
15632;291
15634;291
15636;291
15638;291
15640;291
15642;291
15644;291
15646;291
15648;291
15650;291
15652;291
15654;291
15656;291
15658;291
15660;291
15662;291
15664;291
15666;291
15668;291
15670;291
15672;291
15674;291
15676;291
15678;291
15680;291
15682;291
15684;291
15686;291
15688;291
15690;291
15692;291
15694;291
15696;291
15698;291
15700;291
15702;291
15704;291
15706;291
15708;291
15710;291
15712;291
15714;291
15716;291
15718;291
15720;291
15722;291
15724;291
15726;291
15728;291
15730;291
15732;291
15734;291
15736;291
15738;291
15740;291
15742;291
15744;291
15746;291
15748;291
15750;291
15752;291
15754;291
15756;291
15758;291
15760;291
15762;291
15764;291
15766;291
15768;291
15770;291
15772;291
15774;291
15776;291
15778;291
15780;291
15782;291
15784;291
15786;291
15788;291
15790;291
15792;291
15794;291
15796;291
15798;291
15800;291
15802;291
15804;291
15806;291
15808;291
15810;291
15812;291
15814;291
15816;291
15818;291
15820;291
15822;291
15824;291
15826;291
15828;291
15830;291
15832;291
15834;291
15836;291
15838;291
15840;291
15842;291
15844;291
15846;291
15848;291
15850;291
15852;291
15854;291
15856;291
15858;291
15860;291
15862;291
15864;291
15866;291
15868;291
15870;291
15872;291
15874;291
15876;291
15878;291
15880;291
15882;291
15884;291
15886;291
15888;291
15890;291
15892;291
15894;291
15896;291
15898;291
15900;291
15902;291
15904;291
15906;291
15908;291
15910;291
15912;291
15914;291
15916;291
15918;291
15920;291
15922;291
15924;291
15926;291
15928;291
15930;291
15932;291
15934;291
15936;291
15938;291
15940;291
15942;291
15944;291
15946;291
15948;291
15950;291
15952;291
15954;291
15956;291
15958;291
15960;291
15962;291
15964;291
15966;291
15968;291
15970;291
15972;291
15974;291
15976;291
15978;291
15980;291
15982;291
15984;291
15986;291
15988;291
15990;291
15992;291
15994;291
15996;291
15998;291
16000;291
16002;291
16004;291
16006;291
16008;291
16010;291
16012;291
16014;291
16016;291
16018;291
16020;291
16022;291
16024;291
16026;291
16028;291
16030;291
16032;291
16034;291
16036;291
16038;291
16040;291
16042;291
16044;291
16046;291
16048;291
16050;291
16052;291
16054;291
16056;291
16058;291
16060;291
16062;291
16064;291
16066;291
16068;291
16070;291
16072;291
16074;291
16076;291
16078;291
16080;291
16082;291
16084;291
16086;291
16088;291
16090;291
16092;291
16094;291
16096;291
16098;291
16100;291
16102;291
16104;291
16106;291
16108;291
16110;291
16112;291
16114;291
16116;291
16118;291
16120;291
16122;291
16124;291
16126;291
16128;291
16130;291
16132;291
16134;291
16136;291
16138;291
16140;291
16142;291
16144;291
16146;291
16148;291
16150;291
16152;291
16154;291
16156;291
16158;291
16160;291
16162;291
16164;291
16166;291
16168;291
16170;291
16172;291
16174;291
16176;291
16178;291
16180;291
16182;291
16184;291
16186;291
16188;291
16190;291
16192;291
16194;291
16196;291
16198;291
16200;252
16202;252
16204;252
16206;252
16208;252
16210;252
16212;252
16214;252
16216;252
16218;252
16220;252
16222;252
16224;252
16226;252
16228;252
16230;252
16232;252
16234;252
16236;252
16238;252
16240;252
16242;252
16244;252
16246;252
16248;252
16250;252
16252;252
16254;252
16256;252
16258;252
16260;252
16262;252
16264;252
16266;252
16268;252
16270;252
16272;252
16274;252
16276;252
16278;252
16280;252
16282;252
16284;252
16286;252
16288;252
16290;252
16292;252
16294;252
16296;252
16298;252
16300;252
16302;252
16304;252
16306;252
16308;252
16310;252
16312;252
16314;252
16316;252
16318;252
16320;252
16322;252
16324;252
16326;252
16328;252
16330;252
16332;252
16334;252
16336;252
16338;252
16340;252
16342;252
16344;252
16346;252
16348;252
16350;252
16352;252
16354;252
16356;252
16358;252
16360;252
16362;252
16364;252
16366;252
16368;252
16370;252
16372;252
16374;252
16376;252
16378;252
16380;252
16382;252
16384;252
16386;252
16388;252
16390;252
16392;252
16394;252
16396;252
16398;252
16400;252
16402;252
16404;252
16406;252
16408;252
16410;252
16412;252
16414;252
16416;252
16418;252
16420;252
16422;252
16424;252
16426;252
16428;252
16430;252
16432;252
16434;252
16436;252
16438;252
16440;252
16442;252
16444;252
16446;252
16448;252
16450;252
16452;252
16454;252
16456;252
16458;252
16460;252
16462;252
16464;252
16466;252
16468;252
16470;252
16472;252
16474;252
16476;252
16478;252
16480;252
16482;252
16484;252
16486;252
16488;252
16490;252
16492;252
16494;252
16496;252
16498;252
16500;252
16502;252
16504;252
16506;252
16508;252
16510;252
16512;252
16514;252
16516;252
16518;252
16520;252
16522;252
16524;252
16526;252
16528;252
16530;252
16532;252
16534;252
16536;252
16538;252
16540;252
16542;252
16544;252
16546;252
16548;252
16550;252
16552;252
16554;252
16556;252
16558;252
16560;252
16562;252
16564;252
16566;252
16568;252
16570;252
16572;252
16574;252
16576;252
16578;252
16580;252
16582;252
16584;252
16586;252
16588;252
16590;252
16592;252
16594;252
16596;252
16598;252
16600;252
16602;252
16604;252
16606;252
16608;252
16610;252
16612;252
16614;252
16616;252
16618;252
16620;252
16622;252
16624;252
16626;252
16628;252
16630;252
16632;252
16634;252
16636;252
16638;252
16640;252
16642;252
16644;252
16646;252
16648;252
16650;252
16652;252
16654;252
16656;252
16658;252
16660;252
16662;252
16664;252
16666;252
16668;252
16670;252
16672;252
16674;252
16676;252
16678;252
16680;252
16682;252
16684;252
16686;252
16688;252
16690;252
16692;252
16694;252
16696;252
16698;252
16700;252
16702;252
16704;252
16706;252
16708;252
16710;252
16712;252
16714;252
16716;252
16718;252
16720;252
16722;252
16724;252
16726;252
16728;252
16730;252
16732;252
16734;252
16736;252
16738;252
16740;252
16742;252
16744;252
16746;252
16748;252
16750;252
16752;252
16754;252
16756;252
16758;252
16760;252
16762;252
16764;252
16766;252
16768;252
16770;252
16772;252
16774;252
16776;252
16778;252
16780;252
16782;252
16784;252
16786;252
16788;252
16790;252
16792;252
16794;252
16796;252
16798;252
16800;252
16802;252
16804;252
16806;252
16808;252
16810;252
16812;252
16814;252
16816;252
16818;252
16820;252
16822;252
16824;252
16826;252
16828;252
16830;252
16832;252
16834;252
16836;252
16838;252
16840;252
16842;252
16844;252
16846;252
16848;252
16850;252
16852;252
16854;252
16856;252
16858;252
16860;252
16862;252
16864;252
16866;252
16868;252
16870;252
16872;252
16874;252
16876;252
16878;252
16880;252
16882;252
16884;252
16886;252
16888;252
16890;252
16892;252
16894;252
16896;252
16898;252
16900;252
16902;252
16904;252
16906;252
16908;252
16910;252
16912;252
16914;252
16916;252
16918;252
16920;252
16922;252
16924;252
16926;252
16928;252
16930;252
16932;252
16934;252
16936;252
16938;252
16940;252
16942;252
16944;252
16946;252
16948;252
16950;252
16952;252
16954;252
16956;252
16958;252
16960;252
16962;252
16964;252
16966;252
16968;252
16970;252
16972;252
16974;252
16976;252
16978;252
16980;252
16982;252
16984;252
16986;252
16988;252
16990;252
16992;252
16994;252
16996;252
16998;252
17000;252
17002;252
17004;252
17006;252
17008;252
17010;252
17012;252
17014;252
17016;252
17018;252
17020;252
17022;252
17024;252
17026;252
17028;252
17030;252
17032;252
17034;252
17036;252
17038;252
17040;252
17042;252
17044;252
17046;252
17048;252
17050;252
17052;252
17054;252
17056;252
17058;252
17060;252
17062;252
17064;252
17066;252
17068;252
17070;252
17072;252
17074;252
17076;252
17078;252
17080;252
17082;252
17084;252
17086;252
17088;252
17090;252
17092;252
17094;252
17096;252
17098;252
17100;224
17102;224
17104;224
17106;224
17108;224
17110;224
17112;224
17114;224
17116;224
17118;224
17120;224
17122;224
17124;224
17126;224
17128;224
17130;224
17132;224
17134;224
17136;224
17138;224
17140;224
17142;224
17144;224
17146;224
17148;224
17150;224
17152;224
17154;224
17156;224
17158;224
17160;224
17162;224
17164;224
17166;224
17168;224
17170;224
17172;224
17174;224
17176;224
17178;224
17180;224
17182;224
17184;224
17186;224
17188;224
17190;224
17192;224
17194;224
17196;224
17198;224
17200;224
17202;224
17204;224
17206;224
17208;224
17210;224
17212;224
17214;224
17216;224
17218;224
17220;224
17222;224
17224;224
17226;224
17228;224
17230;224
17232;224
17234;224
17236;224
17238;224
17240;224
17242;224
17244;224
17246;224
17248;224
17250;224
17252;224
17254;224
17256;224
17258;224
17260;224
17262;224
17264;224
17266;224
17268;224
17270;224
17272;224
17274;224
17276;224
17278;224
17280;224
17282;224
17284;224
17286;224
17288;224
17290;224
17292;224
17294;224
17296;224
17298;224
17300;224
17302;224
17304;224
17306;224
17308;224
17310;224
17312;224
17314;224
17316;224
17318;224
17320;224
17322;224
17324;224
17326;224
17328;224
17330;224
17332;224
17334;224
17336;224
17338;224
17340;224
17342;224
17344;224
17346;224
17348;224
17350;224
17352;224
17354;224
17356;224
17358;224
17360;224
17362;224
17364;224
17366;224
17368;224
17370;224
17372;224
17374;224
17376;224
17378;224
17380;224
17382;224
17384;224
17386;224
17388;224
17390;224
17392;224
17394;224
17396;224
17398;224
17400;224
17402;224
17404;224
17406;224
17408;224
17410;224
17412;224
17414;224
17416;224
17418;224
17420;224
17422;224
17424;224
17426;224
17428;224
17430;224
17432;224
17434;224
17436;224
17438;224
17440;224
17442;224
17444;224
17446;224
17448;224
17450;224
17452;224
17454;224
17456;224
17458;224
17460;224
17462;224
17464;224
17466;224
17468;224
17470;224
17472;224
17474;224
17476;224
17478;224
17480;224
17482;224
17484;224
17486;224
17488;224
17490;224
17492;224
17494;224
17496;224
17498;224
17500;224
17502;224
17504;224
17506;224
17508;224
17510;224
17512;224
17514;224
17516;224
17518;224
17520;224
17522;224
17524;224
17526;224
17528;224
17530;224
17532;224
17534;224
17536;224
17538;224
17540;224
17542;224
17544;224
17546;224
17548;224
17550;224
17552;224
17554;224
17556;224
17558;224
17560;224
17562;224
17564;224
17566;224
17568;224
17570;224
17572;224
17574;224
17576;224
17578;224
17580;224
17582;224
17584;224
17586;224
17588;224
17590;224
17592;224
17594;224
17596;224
17598;224
17600;224
17602;224
17604;224
17606;224
17608;224
17610;224
17612;224
17614;224
17616;224
17618;224
17620;224
17622;224
17624;224
17626;224
17628;224
17630;224
17632;224
17634;224
17636;224
17638;224
17640;224
17642;224
17644;224
17646;224
17648;224
17650;224
17652;224
17654;224
17656;224
17658;224
17660;224
17662;224
17664;224
17666;224
17668;224
17670;224
17672;224
17674;224
17676;224
17678;224
17680;224
17682;224
17684;224
17686;224
17688;224
17690;224
17692;224
17694;224
17696;224
17698;224
17700;224
17702;224
17704;224
17706;224
17708;224
17710;224
17712;224
17714;224
17716;224
17718;224
17720;224
17722;224
17724;224
17726;224
17728;224
17730;224
17732;224
17734;224
17736;224
17738;224
17740;224
17742;224
17744;224
17746;224
17748;224
17750;224
17752;224
17754;224
17756;224
17758;224
17760;224
17762;224
17764;224
17766;224
17768;224
17770;224
17772;224
17774;224
17776;224
17778;224
17780;224
17782;224
17784;224
17786;224
17788;224
17790;224
17792;224
17794;224
17796;224
17798;224
17800;224
17802;224
17804;224
17806;224
17808;224
17810;224
17812;224
17814;224
17816;224
17818;224
17820;224
17822;224
17824;224
17826;224
17828;224
17830;224
17832;224
17834;224
17836;224
17838;224
17840;224
17842;224
17844;224
17846;224
17848;224
17850;224
17852;224
17854;224
17856;224
17858;224
17860;224
17862;224
17864;224
17866;224
17868;224
17870;224
17872;224
17874;224
17876;224
17878;224
17880;224
17882;224
17884;224
17886;224
17888;224
17890;224
17892;224
17894;224
17896;224
17898;224
17900;224
17902;224
17904;224
17906;224
17908;224
17910;224
17912;224
17914;224
17916;224
17918;224
17920;224
17922;224
17924;224
17926;224
17928;224
17930;224
17932;224
17934;224
17936;224
17938;224
17940;224
17942;224
17944;224
17946;224
17948;224
17950;224
17952;224
17954;224
17956;224
17958;224
17960;224
17962;224
17964;224
17966;224
17968;224
17970;224
17972;224
17974;224
17976;224
17978;224
17980;224
17982;224
17984;224
17986;224
17988;224
17990;224
17992;224
17994;224
17996;224
