#	X	Y
0;152
2;152
4;152
6;152
8;152
10;152
12;152
14;152
16;152
18;152
20;152
22;152
24;152
26;152
28;152
30;152
32;152
34;152
36;152
38;152
40;152
42;152
44;152
46;152
48;152
50;152
52;152
54;152
56;152
58;152
60;152
62;152
64;152
66;152
68;152
70;152
72;152
74;152
76;152
78;152
80;152
82;152
84;152
86;152
88;152
90;152
92;152
94;152
96;152
98;152
100;152
102;152
104;152
106;152
108;152
110;152
112;152
114;152
116;152
118;152
120;152
122;152
124;152
126;152
128;152
130;152
132;152
134;152
136;152
138;152
140;152
142;152
144;152
146;152
148;152
150;152
152;152
154;152
156;152
158;152
160;152
162;152
164;152
166;152
168;152
170;152
172;152
174;152
176;152
178;152
180;152
182;152
184;152
186;152
188;152
190;152
192;152
194;152
196;152
198;152
200;152
202;152
204;152
206;152
208;152
210;152
212;152
214;152
216;152
218;152
220;152
222;152
224;152
226;152
228;152
230;152
232;152
234;152
236;152
238;152
240;152
242;152
244;152
246;152
248;152
250;152
252;152
254;152
256;152
258;152
260;152
262;152
264;152
266;152
268;152
270;152
272;152
274;152
276;152
278;152
280;152
282;152
284;152
286;152
288;152
290;152
292;152
294;152
296;152
298;152
300;152
302;152
304;152
306;152
308;152
310;152
312;152
314;152
316;152
318;152
320;152
322;152
324;152
326;152
328;152
330;152
332;152
334;152
336;152
338;152
340;152
342;152
344;152
346;152
348;152
350;152
352;152
354;152
356;152
358;152
360;152
362;152
364;152
366;152
368;152
370;152
372;152
374;152
376;152
378;152
380;152
382;152
384;152
386;152
388;152
390;152
392;152
394;152
396;152
398;152
400;152
402;152
404;152
406;152
408;152
410;152
412;152
414;152
416;152
418;152
420;152
422;152
424;152
426;152
428;152
430;152
432;152
434;152
436;152
438;152
440;152
442;152
444;152
446;152
448;152
450;152
452;152
454;152
456;152
458;152
460;152
462;152
464;152
466;152
468;152
470;152
472;152
474;152
476;152
478;152
480;152
482;152
484;152
486;152
488;152
490;152
492;152
494;152
496;152
498;152
500;152
502;152
504;152
506;152
508;152
510;152
512;152
514;152
516;152
518;152
520;152
522;152
524;152
526;152
528;152
530;152
532;152
534;152
536;152
538;152
540;152
542;152
544;152
546;152
548;152
550;152
552;152
554;152
556;152
558;152
560;152
562;152
564;152
566;152
568;152
570;152
572;152
574;152
576;152
578;152
580;152
582;152
584;152
586;152
588;152
590;152
592;152
594;152
596;152
598;152
600;152
602;152
604;152
606;152
608;152
610;152
612;152
614;152
616;152
618;152
620;152
622;152
624;152
626;152
628;152
630;152
632;152
634;152
636;152
638;152
640;152
642;152
644;152
646;152
648;152
650;152
652;152
654;152
656;152
658;152
660;152
662;152
664;152
666;152
668;152
670;152
672;152
674;152
676;152
678;152
680;152
682;152
684;152
686;152
688;152
690;152
692;152
694;152
696;152
698;152
700;152
702;152
704;152
706;152
708;152
710;152
712;152
714;152
716;152
718;152
720;152
722;152
724;152
726;152
728;152
730;152
732;152
734;152
736;152
738;152
740;152
742;152
744;152
746;152
748;152
750;152
752;152
754;152
756;152
758;152
760;152
762;152
764;152
766;152
768;152
770;152
772;152
774;152
776;152
778;152
780;152
782;152
784;152
786;152
788;152
790;152
792;152
794;152
796;152
798;152
800;152
802;152
804;152
806;152
808;152
810;152
812;152
814;152
816;152
818;152
820;152
822;152
824;152
826;152
828;152
830;152
832;152
834;152
836;152
838;152
840;152
842;152
844;152
846;152
848;152
850;152
852;152
854;152
856;152
858;152
860;152
862;152
864;152
866;152
868;152
870;152
872;152
874;152
876;152
878;152
880;152
882;152
884;152
886;152
888;152
890;152
892;152
894;152
896;152
898;152
900;249
902;249
904;249
906;249
908;249
910;249
912;249
914;249
916;249
918;249
920;249
922;249
924;249
926;249
928;249
930;249
932;249
934;249
936;249
938;249
940;249
942;249
944;249
946;249
948;249
950;249
952;249
954;249
956;249
958;249
960;249
962;249
964;249
966;249
968;249
970;249
972;249
974;249
976;249
978;249
980;249
982;249
984;249
986;249
988;249
990;249
992;249
994;249
996;249
998;249
1000;249
1002;249
1004;249
1006;249
1008;249
1010;249
1012;249
1014;249
1016;249
1018;249
1020;249
1022;249
1024;249
1026;249
1028;249
1030;249
1032;249
1034;249
1036;249
1038;249
1040;249
1042;249
1044;249
1046;249
1048;249
1050;249
1052;249
1054;249
1056;249
1058;249
1060;249
1062;249
1064;249
1066;249
1068;249
1070;249
1072;249
1074;249
1076;249
1078;249
1080;249
1082;249
1084;249
1086;249
1088;249
1090;249
1092;249
1094;249
1096;249
1098;249
1100;249
1102;249
1104;249
1106;249
1108;249
1110;249
1112;249
1114;249
1116;249
1118;249
1120;249
1122;249
1124;249
1126;249
1128;249
1130;249
1132;249
1134;249
1136;249
1138;249
1140;249
1142;249
1144;249
1146;249
1148;249
1150;249
1152;249
1154;249
1156;249
1158;249
1160;249
1162;249
1164;249
1166;249
1168;249
1170;249
1172;249
1174;249
1176;249
1178;249
1180;249
1182;249
1184;249
1186;249
1188;249
1190;249
1192;249
1194;249
1196;249
1198;249
1200;249
1202;249
1204;249
1206;249
1208;249
1210;249
1212;249
1214;249
1216;249
1218;249
1220;249
1222;249
1224;249
1226;249
1228;249
1230;249
1232;249
1234;249
1236;249
1238;249
1240;249
1242;249
1244;249
1246;249
1248;249
1250;249
1252;249
1254;249
1256;249
1258;249
1260;249
1262;249
1264;249
1266;249
1268;249
1270;249
1272;249
1274;249
1276;249
1278;249
1280;249
1282;249
1284;249
1286;249
1288;249
1290;249
1292;249
1294;249
1296;249
1298;249
1300;249
1302;249
1304;249
1306;249
1308;249
1310;249
1312;249
1314;249
1316;249
1318;249
1320;249
1322;249
1324;249
1326;249
1328;249
1330;249
1332;249
1334;249
1336;249
1338;249
1340;249
1342;249
1344;249
1346;249
1348;249
1350;249
1352;249
1354;249
1356;249
1358;249
1360;249
1362;249
1364;249
1366;249
1368;249
1370;249
1372;249
1374;249
1376;249
1378;249
1380;249
1382;249
1384;249
1386;249
1388;249
1390;249
1392;249
1394;249
1396;249
1398;249
1400;249
1402;249
1404;249
1406;249
1408;249
1410;249
1412;249
1414;249
1416;249
1418;249
1420;249
1422;249
1424;249
1426;249
1428;249
1430;249
1432;249
1434;249
1436;249
1438;249
1440;249
1442;249
1444;249
1446;249
1448;249
1450;249
1452;249
1454;249
1456;249
1458;249
1460;249
1462;249
1464;249
1466;249
1468;249
1470;249
1472;249
1474;249
1476;249
1478;249
1480;249
1482;249
1484;249
1486;249
1488;249
1490;249
1492;249
1494;249
1496;249
1498;249
1500;249
1502;249
1504;249
1506;249
1508;249
1510;249
1512;249
1514;249
1516;249
1518;249
1520;249
1522;249
1524;249
1526;249
1528;249
1530;249
1532;249
1534;249
1536;249
1538;249
1540;249
1542;249
1544;249
1546;249
1548;249
1550;249
1552;249
1554;249
1556;249
1558;249
1560;249
1562;249
1564;249
1566;249
1568;249
1570;249
1572;249
1574;249
1576;249
1578;249
1580;249
1582;249
1584;249
1586;249
1588;249
1590;249
1592;249
1594;249
1596;249
1598;249
1600;249
1602;249
1604;249
1606;249
1608;249
1610;249
1612;249
1614;249
1616;249
1618;249
1620;249
1622;249
1624;249
1626;249
1628;249
1630;249
1632;249
1634;249
1636;249
1638;249
1640;249
1642;249
1644;249
1646;249
1648;249
1650;249
1652;249
1654;249
1656;249
1658;249
1660;249
1662;249
1664;249
1666;249
1668;249
1670;249
1672;249
1674;249
1676;249
1678;249
1680;249
1682;249
1684;249
1686;249
1688;249
1690;249
1692;249
1694;249
1696;249
1698;249
1700;249
1702;249
1704;249
1706;249
1708;249
1710;249
1712;249
1714;249
1716;249
1718;249
1720;249
1722;249
1724;249
1726;249
1728;249
1730;249
1732;249
1734;249
1736;249
1738;249
1740;249
1742;249
1744;249
1746;249
1748;249
1750;249
1752;249
1754;249
1756;249
1758;249
1760;249
1762;249
1764;249
1766;249
1768;249
1770;249
1772;249
1774;249
1776;249
1778;249
1780;249
1782;249
1784;249
1786;249
1788;249
1790;249
1792;249
1794;249
1796;249
1798;249
1800;260
1802;260
1804;260
1806;260
1808;260
1810;260
1812;260
1814;260
1816;260
1818;260
1820;260
1822;260
1824;260
1826;260
1828;260
1830;260
1832;260
1834;260
1836;260
1838;260
1840;260
1842;260
1844;260
1846;260
1848;260
1850;260
1852;260
1854;260
1856;260
1858;260
1860;260
1862;260
1864;260
1866;260
1868;260
1870;260
1872;260
1874;260
1876;260
1878;260
1880;260
1882;260
1884;260
1886;260
1888;260
1890;260
1892;260
1894;260
1896;260
1898;260
1900;260
1902;260
1904;260
1906;260
1908;260
1910;260
1912;260
1914;260
1916;260
1918;260
1920;260
1922;260
1924;260
1926;260
1928;260
1930;260
1932;260
1934;260
1936;260
1938;260
1940;260
1942;260
1944;260
1946;260
1948;260
1950;260
1952;260
1954;260
1956;260
1958;260
1960;260
1962;260
1964;260
1966;260
1968;260
1970;260
1972;260
1974;260
1976;260
1978;260
1980;260
1982;260
1984;260
1986;260
1988;260
1990;260
1992;260
1994;260
1996;260
1998;260
2000;260
2002;260
2004;260
2006;260
2008;260
2010;260
2012;260
2014;260
2016;260
2018;260
2020;260
2022;260
2024;260
2026;260
2028;260
2030;260
2032;260
2034;260
2036;260
2038;260
2040;260
2042;260
2044;260
2046;260
2048;260
2050;260
2052;260
2054;260
2056;260
2058;260
2060;260
2062;260
2064;260
2066;260
2068;260
2070;260
2072;260
2074;260
2076;260
2078;260
2080;260
2082;260
2084;260
2086;260
2088;260
2090;260
2092;260
2094;260
2096;260
2098;260
2100;260
2102;260
2104;260
2106;260
2108;260
2110;260
2112;260
2114;260
2116;260
2118;260
2120;260
2122;260
2124;260
2126;260
2128;260
2130;260
2132;260
2134;260
2136;260
2138;260
2140;260
2142;260
2144;260
2146;260
2148;260
2150;260
2152;260
2154;260
2156;260
2158;260
2160;260
2162;260
2164;260
2166;260
2168;260
2170;260
2172;260
2174;260
2176;260
2178;260
2180;260
2182;260
2184;260
2186;260
2188;260
2190;260
2192;260
2194;260
2196;260
2198;260
2200;260
2202;260
2204;260
2206;260
2208;260
2210;260
2212;260
2214;260
2216;260
2218;260
2220;260
2222;260
2224;260
2226;260
2228;260
2230;260
2232;260
2234;260
2236;260
2238;260
2240;260
2242;260
2244;260
2246;260
2248;260
2250;260
2252;260
2254;260
2256;260
2258;260
2260;260
2262;260
2264;260
2266;260
2268;260
2270;260
2272;260
2274;260
2276;260
2278;260
2280;260
2282;260
2284;260
2286;260
2288;260
2290;260
2292;260
2294;260
2296;260
2298;260
2300;260
2302;260
2304;260
2306;260
2308;260
2310;260
2312;260
2314;260
2316;260
2318;260
2320;260
2322;260
2324;260
2326;260
2328;260
2330;260
2332;260
2334;260
2336;260
2338;260
2340;260
2342;260
2344;260
2346;260
2348;260
2350;260
2352;260
2354;260
2356;260
2358;260
2360;260
2362;260
2364;260
2366;260
2368;260
2370;260
2372;260
2374;260
2376;260
2378;260
2380;260
2382;260
2384;260
2386;260
2388;260
2390;260
2392;260
2394;260
2396;260
2398;260
2400;260
2402;260
2404;260
2406;260
2408;260
2410;260
2412;260
2414;260
2416;260
2418;260
2420;260
2422;260
2424;260
2426;260
2428;260
2430;260
2432;260
2434;260
2436;260
2438;260
2440;260
2442;260
2444;260
2446;260
2448;260
2450;260
2452;260
2454;260
2456;260
2458;260
2460;260
2462;260
2464;260
2466;260
2468;260
2470;260
2472;260
2474;260
2476;260
2478;260
2480;260
2482;260
2484;260
2486;260
2488;260
2490;260
2492;260
2494;260
2496;260
2498;260
2500;260
2502;260
2504;260
2506;260
2508;260
2510;260
2512;260
2514;260
2516;260
2518;260
2520;260
2522;260
2524;260
2526;260
2528;260
2530;260
2532;260
2534;260
2536;260
2538;260
2540;260
2542;260
2544;260
2546;260
2548;260
2550;260
2552;260
2554;260
2556;260
2558;260
2560;260
2562;260
2564;260
2566;260
2568;260
2570;260
2572;260
2574;260
2576;260
2578;260
2580;260
2582;260
2584;260
2586;260
2588;260
2590;260
2592;260
2594;260
2596;260
2598;260
2600;260
2602;260
2604;260
2606;260
2608;260
2610;260
2612;260
2614;260
2616;260
2618;260
2620;260
2622;260
2624;260
2626;260
2628;260
2630;260
2632;260
2634;260
2636;260
2638;260
2640;260
2642;260
2644;260
2646;260
2648;260
2650;260
2652;260
2654;260
2656;260
2658;260
2660;260
2662;260
2664;260
2666;260
2668;260
2670;260
2672;260
2674;260
2676;260
2678;260
2680;260
2682;260
2684;260
2686;260
2688;260
2690;260
2692;260
2694;260
2696;260
2698;260
2700;165
2702;165
2704;165
2706;165
2708;165
2710;165
2712;165
2714;165
2716;165
2718;165
2720;165
2722;165
2724;165
2726;165
2728;165
2730;165
2732;165
2734;165
2736;165
2738;165
2740;165
2742;165
2744;165
2746;165
2748;165
2750;165
2752;165
2754;165
2756;165
2758;165
2760;165
2762;165
2764;165
2766;165
2768;165
2770;165
2772;165
2774;165
2776;165
2778;165
2780;165
2782;165
2784;165
2786;165
2788;165
2790;165
2792;165
2794;165
2796;165
2798;165
2800;165
2802;165
2804;165
2806;165
2808;165
2810;165
2812;165
2814;165
2816;165
2818;165
2820;165
2822;165
2824;165
2826;165
2828;165
2830;165
2832;165
2834;165
2836;165
2838;165
2840;165
2842;165
2844;165
2846;165
2848;165
2850;165
2852;165
2854;165
2856;165
2858;165
2860;165
2862;165
2864;165
2866;165
2868;165
2870;165
2872;165
2874;165
2876;165
2878;165
2880;165
2882;165
2884;165
2886;165
2888;165
2890;165
2892;165
2894;165
2896;165
2898;165
2900;165
2902;165
2904;165
2906;165
2908;165
2910;165
2912;165
2914;165
2916;165
2918;165
2920;165
2922;165
2924;165
2926;165
2928;165
2930;165
2932;165
2934;165
2936;165
2938;165
2940;165
2942;165
2944;165
2946;165
2948;165
2950;165
2952;165
2954;165
2956;165
2958;165
2960;165
2962;165
2964;165
2966;165
2968;165
2970;165
2972;165
2974;165
2976;165
2978;165
2980;165
2982;165
2984;165
2986;165
2988;165
2990;165
2992;165
2994;165
2996;165
2998;165
3000;165
3002;165
3004;165
3006;165
3008;165
3010;165
3012;165
3014;165
3016;165
3018;165
3020;165
3022;165
3024;165
3026;165
3028;165
3030;165
3032;165
3034;165
3036;165
3038;165
3040;165
3042;165
3044;165
3046;165
3048;165
3050;165
3052;165
3054;165
3056;165
3058;165
3060;165
3062;165
3064;165
3066;165
3068;165
3070;165
3072;165
3074;165
3076;165
3078;165
3080;165
3082;165
3084;165
3086;165
3088;165
3090;165
3092;165
3094;165
3096;165
3098;165
3100;165
3102;165
3104;165
3106;165
3108;165
3110;165
3112;165
3114;165
3116;165
3118;165
3120;165
3122;165
3124;165
3126;165
3128;165
3130;165
3132;165
3134;165
3136;165
3138;165
3140;165
3142;165
3144;165
3146;165
3148;165
3150;165
3152;165
3154;165
3156;165
3158;165
3160;165
3162;165
3164;165
3166;165
3168;165
3170;165
3172;165
3174;165
3176;165
3178;165
3180;165
3182;165
3184;165
3186;165
3188;165
3190;165
3192;165
3194;165
3196;165
3198;165
3200;165
3202;165
3204;165
3206;165
3208;165
3210;165
3212;165
3214;165
3216;165
3218;165
3220;165
3222;165
3224;165
3226;165
3228;165
3230;165
3232;165
3234;165
3236;165
3238;165
3240;165
3242;165
3244;165
3246;165
3248;165
3250;165
3252;165
3254;165
3256;165
3258;165
3260;165
3262;165
3264;165
3266;165
3268;165
3270;165
3272;165
3274;165
3276;165
3278;165
3280;165
3282;165
3284;165
3286;165
3288;165
3290;165
3292;165
3294;165
3296;165
3298;165
3300;165
3302;165
3304;165
3306;165
3308;165
3310;165
3312;165
3314;165
3316;165
3318;165
3320;165
3322;165
3324;165
3326;165
3328;165
3330;165
3332;165
3334;165
3336;165
3338;165
3340;165
3342;165
3344;165
3346;165
3348;165
3350;165
3352;165
3354;165
3356;165
3358;165
3360;165
3362;165
3364;165
3366;165
3368;165
3370;165
3372;165
3374;165
3376;165
3378;165
3380;165
3382;165
3384;165
3386;165
3388;165
3390;165
3392;165
3394;165
3396;165
3398;165
3400;165
3402;165
3404;165
3406;165
3408;165
3410;165
3412;165
3414;165
3416;165
3418;165
3420;165
3422;165
3424;165
3426;165
3428;165
3430;165
3432;165
3434;165
3436;165
3438;165
3440;165
3442;165
3444;165
3446;165
3448;165
3450;165
3452;165
3454;165
3456;165
3458;165
3460;165
3462;165
3464;165
3466;165
3468;165
3470;165
3472;165
3474;165
3476;165
3478;165
3480;165
3482;165
3484;165
3486;165
3488;165
3490;165
3492;165
3494;165
3496;165
3498;165
3500;165
3502;165
3504;165
3506;165
3508;165
3510;165
3512;165
3514;165
3516;165
3518;165
3520;165
3522;165
3524;165
3526;165
3528;165
3530;165
3532;165
3534;165
3536;165
3538;165
3540;165
3542;165
3544;165
3546;165
3548;165
3550;165
3552;165
3554;165
3556;165
3558;165
3560;165
3562;165
3564;165
3566;165
3568;165
3570;165
3572;165
3574;165
3576;165
3578;165
3580;165
3582;165
3584;165
3586;165
3588;165
3590;165
3592;165
3594;165
3596;165
3598;165
3600;164
3602;164
3604;164
3606;164
3608;164
3610;164
3612;164
3614;164
3616;164
3618;164
3620;164
3622;164
3624;164
3626;164
3628;164
3630;164
3632;164
3634;164
3636;164
3638;164
3640;164
3642;164
3644;164
3646;164
3648;164
3650;164
3652;164
3654;164
3656;164
3658;164
3660;164
3662;164
3664;164
3666;164
3668;164
3670;164
3672;164
3674;164
3676;164
3678;164
3680;164
3682;164
3684;164
3686;164
3688;164
3690;164
3692;164
3694;164
3696;164
3698;164
3700;164
3702;164
3704;164
3706;164
3708;164
3710;164
3712;164
3714;164
3716;164
3718;164
3720;164
3722;164
3724;164
3726;164
3728;164
3730;164
3732;164
3734;164
3736;164
3738;164
3740;164
3742;164
3744;164
3746;164
3748;164
3750;164
3752;164
3754;164
3756;164
3758;164
3760;164
3762;164
3764;164
3766;164
3768;164
3770;164
3772;164
3774;164
3776;164
3778;164
3780;164
3782;164
3784;164
3786;164
3788;164
3790;164
3792;164
3794;164
3796;164
3798;164
3800;164
3802;164
3804;164
3806;164
3808;164
3810;164
3812;164
3814;164
3816;164
3818;164
3820;164
3822;164
3824;164
3826;164
3828;164
3830;164
3832;164
3834;164
3836;164
3838;164
3840;164
3842;164
3844;164
3846;164
3848;164
3850;164
3852;164
3854;164
3856;164
3858;164
3860;164
3862;164
3864;164
3866;164
3868;164
3870;164
3872;164
3874;164
3876;164
3878;164
3880;164
3882;164
3884;164
3886;164
3888;164
3890;164
3892;164
3894;164
3896;164
3898;164
3900;164
3902;164
3904;164
3906;164
3908;164
3910;164
3912;164
3914;164
3916;164
3918;164
3920;164
3922;164
3924;164
3926;164
3928;164
3930;164
3932;164
3934;164
3936;164
3938;164
3940;164
3942;164
3944;164
3946;164
3948;164
3950;164
3952;164
3954;164
3956;164
3958;164
3960;164
3962;164
3964;164
3966;164
3968;164
3970;164
3972;164
3974;164
3976;164
3978;164
3980;164
3982;164
3984;164
3986;164
3988;164
3990;164
3992;164
3994;164
3996;164
3998;164
4000;164
4002;164
4004;164
4006;164
4008;164
4010;164
4012;164
4014;164
4016;164
4018;164
4020;164
4022;164
4024;164
4026;164
4028;164
4030;164
4032;164
4034;164
4036;164
4038;164
4040;164
4042;164
4044;164
4046;164
4048;164
4050;164
4052;164
4054;164
4056;164
4058;164
4060;164
4062;164
4064;164
4066;164
4068;164
4070;164
4072;164
4074;164
4076;164
4078;164
4080;164
4082;164
4084;164
4086;164
4088;164
4090;164
4092;164
4094;164
4096;164
4098;164
4100;164
4102;164
4104;164
4106;164
4108;164
4110;164
4112;164
4114;164
4116;164
4118;164
4120;164
4122;164
4124;164
4126;164
4128;164
4130;164
4132;164
4134;164
4136;164
4138;164
4140;164
4142;164
4144;164
4146;164
4148;164
4150;164
4152;164
4154;164
4156;164
4158;164
4160;164
4162;164
4164;164
4166;164
4168;164
4170;164
4172;164
4174;164
4176;164
4178;164
4180;164
4182;164
4184;164
4186;164
4188;164
4190;164
4192;164
4194;164
4196;164
4198;164
4200;164
4202;164
4204;164
4206;164
4208;164
4210;164
4212;164
4214;164
4216;164
4218;164
4220;164
4222;164
4224;164
4226;164
4228;164
4230;164
4232;164
4234;164
4236;164
4238;164
4240;164
4242;164
4244;164
4246;164
4248;164
4250;164
4252;164
4254;164
4256;164
4258;164
4260;164
4262;164
4264;164
4266;164
4268;164
4270;164
4272;164
4274;164
4276;164
4278;164
4280;164
4282;164
4284;164
4286;164
4288;164
4290;164
4292;164
4294;164
4296;164
4298;164
4300;164
4302;164
4304;164
4306;164
4308;164
4310;164
4312;164
4314;164
4316;164
4318;164
4320;164
4322;164
4324;164
4326;164
4328;164
4330;164
4332;164
4334;164
4336;164
4338;164
4340;164
4342;164
4344;164
4346;164
4348;164
4350;164
4352;164
4354;164
4356;164
4358;164
4360;164
4362;164
4364;164
4366;164
4368;164
4370;164
4372;164
4374;164
4376;164
4378;164
4380;164
4382;164
4384;164
4386;164
4388;164
4390;164
4392;164
4394;164
4396;164
4398;164
4400;164
4402;164
4404;164
4406;164
4408;164
4410;164
4412;164
4414;164
4416;164
4418;164
4420;164
4422;164
4424;164
4426;164
4428;164
4430;164
4432;164
4434;164
4436;164
4438;164
4440;164
4442;164
4444;164
4446;164
4448;164
4450;164
4452;164
4454;164
4456;164
4458;164
4460;164
4462;164
4464;164
4466;164
4468;164
4470;164
4472;164
4474;164
4476;164
4478;164
4480;164
4482;164
4484;164
4486;164
4488;164
4490;164
4492;164
4494;164
4496;164
4498;164
4500;228
4502;228
4504;228
4506;228
4508;228
4510;228
4512;228
4514;228
4516;228
4518;228
4520;228
4522;228
4524;228
4526;228
4528;228
4530;228
4532;228
4534;228
4536;228
4538;228
4540;228
4542;228
4544;228
4546;228
4548;228
4550;228
4552;228
4554;228
4556;228
4558;228
4560;228
4562;228
4564;228
4566;228
4568;228
4570;228
4572;228
4574;228
4576;228
4578;228
4580;228
4582;228
4584;228
4586;228
4588;228
4590;228
4592;228
4594;228
4596;228
4598;228
4600;228
4602;228
4604;228
4606;228
4608;228
4610;228
4612;228
4614;228
4616;228
4618;228
4620;228
4622;228
4624;228
4626;228
4628;228
4630;228
4632;228
4634;228
4636;228
4638;228
4640;228
4642;228
4644;228
4646;228
4648;228
4650;228
4652;228
4654;228
4656;228
4658;228
4660;228
4662;228
4664;228
4666;228
4668;228
4670;228
4672;228
4674;228
4676;228
4678;228
4680;228
4682;228
4684;228
4686;228
4688;228
4690;228
4692;228
4694;228
4696;228
4698;228
4700;228
4702;228
4704;228
4706;228
4708;228
4710;228
4712;228
4714;228
4716;228
4718;228
4720;228
4722;228
4724;228
4726;228
4728;228
4730;228
4732;228
4734;228
4736;228
4738;228
4740;228
4742;228
4744;228
4746;228
4748;228
4750;228
4752;228
4754;228
4756;228
4758;228
4760;228
4762;228
4764;228
4766;228
4768;228
4770;228
4772;228
4774;228
4776;228
4778;228
4780;228
4782;228
4784;228
4786;228
4788;228
4790;228
4792;228
4794;228
4796;228
4798;228
4800;228
4802;228
4804;228
4806;228
4808;228
4810;228
4812;228
4814;228
4816;228
4818;228
4820;228
4822;228
4824;228
4826;228
4828;228
4830;228
4832;228
4834;228
4836;228
4838;228
4840;228
4842;228
4844;228
4846;228
4848;228
4850;228
4852;228
4854;228
4856;228
4858;228
4860;228
4862;228
4864;228
4866;228
4868;228
4870;228
4872;228
4874;228
4876;228
4878;228
4880;228
4882;228
4884;228
4886;228
4888;228
4890;228
4892;228
4894;228
4896;228
4898;228
4900;228
4902;228
4904;228
4906;228
4908;228
4910;228
4912;228
4914;228
4916;228
4918;228
4920;228
4922;228
4924;228
4926;228
4928;228
4930;228
4932;228
4934;228
4936;228
4938;228
4940;228
4942;228
4944;228
4946;228
4948;228
4950;228
4952;228
4954;228
4956;228
4958;228
4960;228
4962;228
4964;228
4966;228
4968;228
4970;228
4972;228
4974;228
4976;228
4978;228
4980;228
4982;228
4984;228
4986;228
4988;228
4990;228
4992;228
4994;228
4996;228
4998;228
5000;228
5002;228
5004;228
5006;228
5008;228
5010;228
5012;228
5014;228
5016;228
5018;228
5020;228
5022;228
5024;228
5026;228
5028;228
5030;228
5032;228
5034;228
5036;228
5038;228
5040;228
5042;228
5044;228
5046;228
5048;228
5050;228
5052;228
5054;228
5056;228
5058;228
5060;228
5062;228
5064;228
5066;228
5068;228
5070;228
5072;228
5074;228
5076;228
5078;228
5080;228
5082;228
5084;228
5086;228
5088;228
5090;228
5092;228
5094;228
5096;228
5098;228
5100;228
5102;228
5104;228
5106;228
5108;228
5110;228
5112;228
5114;228
5116;228
5118;228
5120;228
5122;228
5124;228
5126;228
5128;228
5130;228
5132;228
5134;228
5136;228
5138;228
5140;228
5142;228
5144;228
5146;228
5148;228
5150;228
5152;228
5154;228
5156;228
5158;228
5160;228
5162;228
5164;228
5166;228
5168;228
5170;228
5172;228
5174;228
5176;228
5178;228
5180;228
5182;228
5184;228
5186;228
5188;228
5190;228
5192;228
5194;228
5196;228
5198;228
5200;228
5202;228
5204;228
5206;228
5208;228
5210;228
5212;228
5214;228
5216;228
5218;228
5220;228
5222;228
5224;228
5226;228
5228;228
5230;228
5232;228
5234;228
5236;228
5238;228
5240;228
5242;228
5244;228
5246;228
5248;228
5250;228
5252;228
5254;228
5256;228
5258;228
5260;228
5262;228
5264;228
5266;228
5268;228
5270;228
5272;228
5274;228
5276;228
5278;228
5280;228
5282;228
5284;228
5286;228
5288;228
5290;228
5292;228
5294;228
5296;228
5298;228
5300;228
5302;228
5304;228
5306;228
5308;228
5310;228
5312;228
5314;228
5316;228
5318;228
5320;228
5322;228
5324;228
5326;228
5328;228
5330;228
5332;228
5334;228
5336;228
5338;228
5340;228
5342;228
5344;228
5346;228
5348;228
5350;228
5352;228
5354;228
5356;228
5358;228
5360;228
5362;228
5364;228
5366;228
5368;228
5370;228
5372;228
5374;228
5376;228
5378;228
5380;228
5382;228
5384;228
5386;228
5388;228
5390;228
5392;228
5394;228
5396;228
5398;228
5400;229
5402;229
5404;229
5406;229
5408;229
5410;229
5412;229
5414;229
5416;229
5418;229
5420;229
5422;229
5424;229
5426;229
5428;229
5430;229
5432;229
5434;229
5436;229
5438;229
5440;229
5442;229
5444;229
5446;229
5448;229
5450;229
5452;229
5454;229
5456;229
5458;229
5460;229
5462;229
5464;229
5466;229
5468;229
5470;229
5472;229
5474;229
5476;229
5478;229
5480;229
5482;229
5484;229
5486;229
5488;229
5490;229
5492;229
5494;229
5496;229
5498;229
5500;229
5502;229
5504;229
5506;229
5508;229
5510;229
5512;229
5514;229
5516;229
5518;229
5520;229
5522;229
5524;229
5526;229
5528;229
5530;229
5532;229
5534;229
5536;229
5538;229
5540;229
5542;229
5544;229
5546;229
5548;229
5550;229
5552;229
5554;229
5556;229
5558;229
5560;229
5562;229
5564;229
5566;229
5568;229
5570;229
5572;229
5574;229
5576;229
5578;229
5580;229
5582;229
5584;229
5586;229
5588;229
5590;229
5592;229
5594;229
5596;229
5598;229
5600;229
5602;229
5604;229
5606;229
5608;229
5610;229
5612;229
5614;229
5616;229
5618;229
5620;229
5622;229
5624;229
5626;229
5628;229
5630;229
5632;229
5634;229
5636;229
5638;229
5640;229
5642;229
5644;229
5646;229
5648;229
5650;229
5652;229
5654;229
5656;229
5658;229
5660;229
5662;229
5664;229
5666;229
5668;229
5670;229
5672;229
5674;229
5676;229
5678;229
5680;229
5682;229
5684;229
5686;229
5688;229
5690;229
5692;229
5694;229
5696;229
5698;229
5700;229
5702;229
5704;229
5706;229
5708;229
5710;229
5712;229
5714;229
5716;229
5718;229
5720;229
5722;229
5724;229
5726;229
5728;229
5730;229
5732;229
5734;229
5736;229
5738;229
5740;229
5742;229
5744;229
5746;229
5748;229
5750;229
5752;229
5754;229
5756;229
5758;229
5760;229
5762;229
5764;229
5766;229
5768;229
5770;229
5772;229
5774;229
5776;229
5778;229
5780;229
5782;229
5784;229
5786;229
5788;229
5790;229
5792;229
5794;229
5796;229
5798;229
5800;229
5802;229
5804;229
5806;229
5808;229
5810;229
5812;229
5814;229
5816;229
5818;229
5820;229
5822;229
5824;229
5826;229
5828;229
5830;229
5832;229
5834;229
5836;229
5838;229
5840;229
5842;229
5844;229
5846;229
5848;229
5850;229
5852;229
5854;229
5856;229
5858;229
5860;229
5862;229
5864;229
5866;229
5868;229
5870;229
5872;229
5874;229
5876;229
5878;229
5880;229
5882;229
5884;229
5886;229
5888;229
5890;229
5892;229
5894;229
5896;229
5898;229
5900;229
5902;229
5904;229
5906;229
5908;229
5910;229
5912;229
5914;229
5916;229
5918;229
5920;229
5922;229
5924;229
5926;229
5928;229
5930;229
5932;229
5934;229
5936;229
5938;229
5940;229
5942;229
5944;229
5946;229
5948;229
5950;229
5952;229
5954;229
5956;229
5958;229
5960;229
5962;229
5964;229
5966;229
5968;229
5970;229
5972;229
5974;229
5976;229
5978;229
5980;229
5982;229
5984;229
5986;229
5988;229
5990;229
5992;229
5994;229
5996;229
5998;229
6000;229
6002;229
6004;229
6006;229
6008;229
6010;229
6012;229
6014;229
6016;229
6018;229
6020;229
6022;229
6024;229
6026;229
6028;229
6030;229
6032;229
6034;229
6036;229
6038;229
6040;229
6042;229
6044;229
6046;229
6048;229
6050;229
6052;229
6054;229
6056;229
6058;229
6060;229
6062;229
6064;229
6066;229
6068;229
6070;229
6072;229
6074;229
6076;229
6078;229
6080;229
6082;229
6084;229
6086;229
6088;229
6090;229
6092;229
6094;229
6096;229
6098;229
6100;229
6102;229
6104;229
6106;229
6108;229
6110;229
6112;229
6114;229
6116;229
6118;229
6120;229
6122;229
6124;229
6126;229
6128;229
6130;229
6132;229
6134;229
6136;229
6138;229
6140;229
6142;229
6144;229
6146;229
6148;229
6150;229
6152;229
6154;229
6156;229
6158;229
6160;229
6162;229
6164;229
6166;229
6168;229
6170;229
6172;229
6174;229
6176;229
6178;229
6180;229
6182;229
6184;229
6186;229
6188;229
6190;229
6192;229
6194;229
6196;229
6198;229
6200;229
6202;229
6204;229
6206;229
6208;229
6210;229
6212;229
6214;229
6216;229
6218;229
6220;229
6222;229
6224;229
6226;229
6228;229
6230;229
6232;229
6234;229
6236;229
6238;229
6240;229
6242;229
6244;229
6246;229
6248;229
6250;229
6252;229
6254;229
6256;229
6258;229
6260;229
6262;229
6264;229
6266;229
6268;229
6270;229
6272;229
6274;229
6276;229
6278;229
6280;229
6282;229
6284;229
6286;229
6288;229
6290;229
6292;229
6294;229
6296;229
6298;229
6300;261
6302;261
6304;261
6306;261
6308;261
6310;261
6312;261
6314;261
6316;261
6318;261
6320;261
6322;261
6324;261
6326;261
6328;261
6330;261
6332;261
6334;261
6336;261
6338;261
6340;261
6342;261
6344;261
6346;261
6348;261
6350;261
6352;261
6354;261
6356;261
6358;261
6360;261
6362;261
6364;261
6366;261
6368;261
6370;261
6372;261
6374;261
6376;261
6378;261
6380;261
6382;261
6384;261
6386;261
6388;261
6390;261
6392;261
6394;261
6396;261
6398;261
6400;261
6402;261
6404;261
6406;261
6408;261
6410;261
6412;261
6414;261
6416;261
6418;261
6420;261
6422;261
6424;261
6426;261
6428;261
6430;261
6432;261
6434;261
6436;261
6438;261
6440;261
6442;261
6444;261
6446;261
6448;261
6450;261
6452;261
6454;261
6456;261
6458;261
6460;261
6462;261
6464;261
6466;261
6468;261
6470;261
6472;261
6474;261
6476;261
6478;261
6480;261
6482;261
6484;261
6486;261
6488;261
6490;261
6492;261
6494;261
6496;261
6498;261
6500;261
6502;261
6504;261
6506;261
6508;261
6510;261
6512;261
6514;261
6516;261
6518;261
6520;261
6522;261
6524;261
6526;261
6528;261
6530;261
6532;261
6534;261
6536;261
6538;261
6540;261
6542;261
6544;261
6546;261
6548;261
6550;261
6552;261
6554;261
6556;261
6558;261
6560;261
6562;261
6564;261
6566;261
6568;261
6570;261
6572;261
6574;261
6576;261
6578;261
6580;261
6582;261
6584;261
6586;261
6588;261
6590;261
6592;261
6594;261
6596;261
6598;261
6600;261
6602;261
6604;261
6606;261
6608;261
6610;261
6612;261
6614;261
6616;261
6618;261
6620;261
6622;261
6624;261
6626;261
6628;261
6630;261
6632;261
6634;261
6636;261
6638;261
6640;261
6642;261
6644;261
6646;261
6648;261
6650;261
6652;261
6654;261
6656;261
6658;261
6660;261
6662;261
6664;261
6666;261
6668;261
6670;261
6672;261
6674;261
6676;261
6678;261
6680;261
6682;261
6684;261
6686;261
6688;261
6690;261
6692;261
6694;261
6696;261
6698;261
6700;261
6702;261
6704;261
6706;261
6708;261
6710;261
6712;261
6714;261
6716;261
6718;261
6720;261
6722;261
6724;261
6726;261
6728;261
6730;261
6732;261
6734;261
6736;261
6738;261
6740;261
6742;261
6744;261
6746;261
6748;261
6750;261
6752;261
6754;261
6756;261
6758;261
6760;261
6762;261
6764;261
6766;261
6768;261
6770;261
6772;261
6774;261
6776;261
6778;261
6780;261
6782;261
6784;261
6786;261
6788;261
6790;261
6792;261
6794;261
6796;261
6798;261
6800;261
6802;261
6804;261
6806;261
6808;261
6810;261
6812;261
6814;261
6816;261
6818;261
6820;261
6822;261
6824;261
6826;261
6828;261
6830;261
6832;261
6834;261
6836;261
6838;261
6840;261
6842;261
6844;261
6846;261
6848;261
6850;261
6852;261
6854;261
6856;261
6858;261
6860;261
6862;261
6864;261
6866;261
6868;261
6870;261
6872;261
6874;261
6876;261
6878;261
6880;261
6882;261
6884;261
6886;261
6888;261
6890;261
6892;261
6894;261
6896;261
6898;261
6900;261
6902;261
6904;261
6906;261
6908;261
6910;261
6912;261
6914;261
6916;261
6918;261
6920;261
6922;261
6924;261
6926;261
6928;261
6930;261
6932;261
6934;261
6936;261
6938;261
6940;261
6942;261
6944;261
6946;261
6948;261
6950;261
6952;261
6954;261
6956;261
6958;261
6960;261
6962;261
6964;261
6966;261
6968;261
6970;261
6972;261
6974;261
6976;261
6978;261
6980;261
6982;261
6984;261
6986;261
6988;261
6990;261
6992;261
6994;261
6996;261
6998;261
7000;261
7002;261
7004;261
7006;261
7008;261
7010;261
7012;261
7014;261
7016;261
7018;261
7020;261
7022;261
7024;261
7026;261
7028;261
7030;261
7032;261
7034;261
7036;261
7038;261
7040;261
7042;261
7044;261
7046;261
7048;261
7050;261
7052;261
7054;261
7056;261
7058;261
7060;261
7062;261
7064;261
7066;261
7068;261
7070;261
7072;261
7074;261
7076;261
7078;261
7080;261
7082;261
7084;261
7086;261
7088;261
7090;261
7092;261
7094;261
7096;261
7098;261
7100;261
7102;261
7104;261
7106;261
7108;261
7110;261
7112;261
7114;261
7116;261
7118;261
7120;261
7122;261
7124;261
7126;261
7128;261
7130;261
7132;261
7134;261
7136;261
7138;261
7140;261
7142;261
7144;261
7146;261
7148;261
7150;261
7152;261
7154;261
7156;261
7158;261
7160;261
7162;261
7164;261
7166;261
7168;261
7170;261
7172;261
7174;261
7176;261
7178;261
7180;261
7182;261
7184;261
7186;261
7188;261
7190;261
7192;261
7194;261
7196;261
7198;261
7200;182
7202;182
7204;182
7206;182
7208;182
7210;182
7212;182
7214;182
7216;182
7218;182
7220;182
7222;182
7224;182
7226;182
7228;182
7230;182
7232;182
7234;182
7236;182
7238;182
7240;182
7242;182
7244;182
7246;182
7248;182
7250;182
7252;182
7254;182
7256;182
7258;182
7260;182
7262;182
7264;182
7266;182
7268;182
7270;182
7272;182
7274;182
7276;182
7278;182
7280;182
7282;182
7284;182
7286;182
7288;182
7290;182
7292;182
7294;182
7296;182
7298;182
7300;182
7302;182
7304;182
7306;182
7308;182
7310;182
7312;182
7314;182
7316;182
7318;182
7320;182
7322;182
7324;182
7326;182
7328;182
7330;182
7332;182
7334;182
7336;182
7338;182
7340;182
7342;182
7344;182
7346;182
7348;182
7350;182
7352;182
7354;182
7356;182
7358;182
7360;182
7362;182
7364;182
7366;182
7368;182
7370;182
7372;182
7374;182
7376;182
7378;182
7380;182
7382;182
7384;182
7386;182
7388;182
7390;182
7392;182
7394;182
7396;182
7398;182
7400;182
7402;182
7404;182
7406;182
7408;182
7410;182
7412;182
7414;182
7416;182
7418;182
7420;182
7422;182
7424;182
7426;182
7428;182
7430;182
7432;182
7434;182
7436;182
7438;182
7440;182
7442;182
7444;182
7446;182
7448;182
7450;182
7452;182
7454;182
7456;182
7458;182
7460;182
7462;182
7464;182
7466;182
7468;182
7470;182
7472;182
7474;182
7476;182
7478;182
7480;182
7482;182
7484;182
7486;182
7488;182
7490;182
7492;182
7494;182
7496;182
7498;182
7500;182
7502;182
7504;182
7506;182
7508;182
7510;182
7512;182
7514;182
7516;182
7518;182
7520;182
7522;182
7524;182
7526;182
7528;182
7530;182
7532;182
7534;182
7536;182
7538;182
7540;182
7542;182
7544;182
7546;182
7548;182
7550;182
7552;182
7554;182
7556;182
7558;182
7560;182
7562;182
7564;182
7566;182
7568;182
7570;182
7572;182
7574;182
7576;182
7578;182
7580;182
7582;182
7584;182
7586;182
7588;182
7590;182
7592;182
7594;182
7596;182
7598;182
7600;182
7602;182
7604;182
7606;182
7608;182
7610;182
7612;182
7614;182
7616;182
7618;182
7620;182
7622;182
7624;182
7626;182
7628;182
7630;182
7632;182
7634;182
7636;182
7638;182
7640;182
7642;182
7644;182
7646;182
7648;182
7650;182
7652;182
7654;182
7656;182
7658;182
7660;182
7662;182
7664;182
7666;182
7668;182
7670;182
7672;182
7674;182
7676;182
7678;182
7680;182
7682;182
7684;182
7686;182
7688;182
7690;182
7692;182
7694;182
7696;182
7698;182
7700;182
7702;182
7704;182
7706;182
7708;182
7710;182
7712;182
7714;182
7716;182
7718;182
7720;182
7722;182
7724;182
7726;182
7728;182
7730;182
7732;182
7734;182
7736;182
7738;182
7740;182
7742;182
7744;182
7746;182
7748;182
7750;182
7752;182
7754;182
7756;182
7758;182
7760;182
7762;182
7764;182
7766;182
7768;182
7770;182
7772;182
7774;182
7776;182
7778;182
7780;182
7782;182
7784;182
7786;182
7788;182
7790;182
7792;182
7794;182
7796;182
7798;182
7800;182
7802;182
7804;182
7806;182
7808;182
7810;182
7812;182
7814;182
7816;182
7818;182
7820;182
7822;182
7824;182
7826;182
7828;182
7830;182
7832;182
7834;182
7836;182
7838;182
7840;182
7842;182
7844;182
7846;182
7848;182
7850;182
7852;182
7854;182
7856;182
7858;182
7860;182
7862;182
7864;182
7866;182
7868;182
7870;182
7872;182
7874;182
7876;182
7878;182
7880;182
7882;182
7884;182
7886;182
7888;182
7890;182
7892;182
7894;182
7896;182
7898;182
7900;182
7902;182
7904;182
7906;182
7908;182
7910;182
7912;182
7914;182
7916;182
7918;182
7920;182
7922;182
7924;182
7926;182
7928;182
7930;182
7932;182
7934;182
7936;182
7938;182
7940;182
7942;182
7944;182
7946;182
7948;182
7950;182
7952;182
7954;182
7956;182
7958;182
7960;182
7962;182
7964;182
7966;182
7968;182
7970;182
7972;182
7974;182
7976;182
7978;182
7980;182
7982;182
7984;182
7986;182
7988;182
7990;182
7992;182
7994;182
7996;182
7998;182
8000;182
8002;182
8004;182
8006;182
8008;182
8010;182
8012;182
8014;182
8016;182
8018;182
8020;182
8022;182
8024;182
8026;182
8028;182
8030;182
8032;182
8034;182
8036;182
8038;182
8040;182
8042;182
8044;182
8046;182
8048;182
8050;182
8052;182
8054;182
8056;182
8058;182
8060;182
8062;182
8064;182
8066;182
8068;182
8070;182
8072;182
8074;182
8076;182
8078;182
8080;182
8082;182
8084;182
8086;182
8088;182
8090;182
8092;182
8094;182
8096;182
8098;182
8100;87
8102;87
8104;87
8106;87
8108;87
8110;87
8112;87
8114;87
8116;87
8118;87
8120;87
8122;87
8124;87
8126;87
8128;87
8130;87
8132;87
8134;87
8136;87
8138;87
8140;87
8142;87
8144;87
8146;87
8148;87
8150;87
8152;87
8154;87
8156;87
8158;87
8160;87
8162;87
8164;87
8166;87
8168;87
8170;87
8172;87
8174;87
8176;87
8178;87
8180;87
8182;87
8184;87
8186;87
8188;87
8190;87
8192;87
8194;87
8196;87
8198;87
8200;87
8202;87
8204;87
8206;87
8208;87
8210;87
8212;87
8214;87
8216;87
8218;87
8220;87
8222;87
8224;87
8226;87
8228;87
8230;87
8232;87
8234;87
8236;87
8238;87
8240;87
8242;87
8244;87
8246;87
8248;87
8250;87
8252;87
8254;87
8256;87
8258;87
8260;87
8262;87
8264;87
8266;87
8268;87
8270;87
8272;87
8274;87
8276;87
8278;87
8280;87
8282;87
8284;87
8286;87
8288;87
8290;87
8292;87
8294;87
8296;87
8298;87
8300;87
8302;87
8304;87
8306;87
8308;87
8310;87
8312;87
8314;87
8316;87
8318;87
8320;87
8322;87
8324;87
8326;87
8328;87
8330;87
8332;87
8334;87
8336;87
8338;87
8340;87
8342;87
8344;87
8346;87
8348;87
8350;87
8352;87
8354;87
8356;87
8358;87
8360;87
8362;87
8364;87
8366;87
8368;87
8370;87
8372;87
8374;87
8376;87
8378;87
8380;87
8382;87
8384;87
8386;87
8388;87
8390;87
8392;87
8394;87
8396;87
8398;87
8400;87
8402;87
8404;87
8406;87
8408;87
8410;87
8412;87
8414;87
8416;87
8418;87
8420;87
8422;87
8424;87
8426;87
8428;87
8430;87
8432;87
8434;87
8436;87
8438;87
8440;87
8442;87
8444;87
8446;87
8448;87
8450;87
8452;87
8454;87
8456;87
8458;87
8460;87
8462;87
8464;87
8466;87
8468;87
8470;87
8472;87
8474;87
8476;87
8478;87
8480;87
8482;87
8484;87
8486;87
8488;87
8490;87
8492;87
8494;87
8496;87
8498;87
8500;87
8502;87
8504;87
8506;87
8508;87
8510;87
8512;87
8514;87
8516;87
8518;87
8520;87
8522;87
8524;87
8526;87
8528;87
8530;87
8532;87
8534;87
8536;87
8538;87
8540;87
8542;87
8544;87
8546;87
8548;87
8550;87
8552;87
8554;87
8556;87
8558;87
8560;87
8562;87
8564;87
8566;87
8568;87
8570;87
8572;87
8574;87
8576;87
8578;87
8580;87
8582;87
8584;87
8586;87
8588;87
8590;87
8592;87
8594;87
8596;87
8598;87
8600;87
8602;87
8604;87
8606;87
8608;87
8610;87
8612;87
8614;87
8616;87
8618;87
8620;87
8622;87
8624;87
8626;87
8628;87
8630;87
8632;87
8634;87
8636;87
8638;87
8640;87
8642;87
8644;87
8646;87
8648;87
8650;87
8652;87
8654;87
8656;87
8658;87
8660;87
8662;87
8664;87
8666;87
8668;87
8670;87
8672;87
8674;87
8676;87
8678;87
8680;87
8682;87
8684;87
8686;87
8688;87
8690;87
8692;87
8694;87
8696;87
8698;87
8700;87
8702;87
8704;87
8706;87
8708;87
8710;87
8712;87
8714;87
8716;87
8718;87
8720;87
8722;87
8724;87
8726;87
8728;87
8730;87
8732;87
8734;87
8736;87
8738;87
8740;87
8742;87
8744;87
8746;87
8748;87
8750;87
8752;87
8754;87
8756;87
8758;87
8760;87
8762;87
8764;87
8766;87
8768;87
8770;87
8772;87
8774;87
8776;87
8778;87
8780;87
8782;87
8784;87
8786;87
8788;87
8790;87
8792;87
8794;87
8796;87
8798;87
8800;87
8802;87
8804;87
8806;87
8808;87
8810;87
8812;87
8814;87
8816;87
8818;87
8820;87
8822;87
8824;87
8826;87
8828;87
8830;87
8832;87
8834;87
8836;87
8838;87
8840;87
8842;87
8844;87
8846;87
8848;87
8850;87
8852;87
8854;87
8856;87
8858;87
8860;87
8862;87
8864;87
8866;87
8868;87
8870;87
8872;87
8874;87
8876;87
8878;87
8880;87
8882;87
8884;87
8886;87
8888;87
8890;87
8892;87
8894;87
8896;87
8898;87
8900;87
8902;87
8904;87
8906;87
8908;87
8910;87
8912;87
8914;87
8916;87
8918;87
8920;87
8922;87
8924;87
8926;87
8928;87
8930;87
8932;87
8934;87
8936;87
8938;87
8940;87
8942;87
8944;87
8946;87
8948;87
8950;87
8952;87
8954;87
8956;87
8958;87
8960;87
8962;87
8964;87
8966;87
8968;87
8970;87
8972;87
8974;87
8976;87
8978;87
8980;87
8982;87
8984;87
8986;87
8988;87
8990;87
8992;87
8994;87
8996;87
8998;87
9000;152
9002;152
9004;152
9006;152
9008;152
9010;152
9012;152
9014;152
9016;152
9018;152
9020;152
9022;152
9024;152
9026;152
9028;152
9030;152
9032;152
9034;152
9036;152
9038;152
9040;152
9042;152
9044;152
9046;152
9048;152
9050;152
9052;152
9054;152
9056;152
9058;152
9060;152
9062;152
9064;152
9066;152
9068;152
9070;152
9072;152
9074;152
9076;152
9078;152
9080;152
9082;152
9084;152
9086;152
9088;152
9090;152
9092;152
9094;152
9096;152
9098;152
9100;152
9102;152
9104;152
9106;152
9108;152
9110;152
9112;152
9114;152
9116;152
9118;152
9120;152
9122;152
9124;152
9126;152
9128;152
9130;152
9132;152
9134;152
9136;152
9138;152
9140;152
9142;152
9144;152
9146;152
9148;152
9150;152
9152;152
9154;152
9156;152
9158;152
9160;152
9162;152
9164;152
9166;152
9168;152
9170;152
9172;152
9174;152
9176;152
9178;152
9180;152
9182;152
9184;152
9186;152
9188;152
9190;152
9192;152
9194;152
9196;152
9198;152
9200;152
9202;152
9204;152
9206;152
9208;152
9210;152
9212;152
9214;152
9216;152
9218;152
9220;152
9222;152
9224;152
9226;152
9228;152
9230;152
9232;152
9234;152
9236;152
9238;152
9240;152
9242;152
9244;152
9246;152
9248;152
9250;152
9252;152
9254;152
9256;152
9258;152
9260;152
9262;152
9264;152
9266;152
9268;152
9270;152
9272;152
9274;152
9276;152
9278;152
9280;152
9282;152
9284;152
9286;152
9288;152
9290;152
9292;152
9294;152
9296;152
9298;152
9300;152
9302;152
9304;152
9306;152
9308;152
9310;152
9312;152
9314;152
9316;152
9318;152
9320;152
9322;152
9324;152
9326;152
9328;152
9330;152
9332;152
9334;152
9336;152
9338;152
9340;152
9342;152
9344;152
9346;152
9348;152
9350;152
9352;152
9354;152
9356;152
9358;152
9360;152
9362;152
9364;152
9366;152
9368;152
9370;152
9372;152
9374;152
9376;152
9378;152
9380;152
9382;152
9384;152
9386;152
9388;152
9390;152
9392;152
9394;152
9396;152
9398;152
9400;152
9402;152
9404;152
9406;152
9408;152
9410;152
9412;152
9414;152
9416;152
9418;152
9420;152
9422;152
9424;152
9426;152
9428;152
9430;152
9432;152
9434;152
9436;152
9438;152
9440;152
9442;152
9444;152
9446;152
9448;152
9450;152
9452;152
9454;152
9456;152
9458;152
9460;152
9462;152
9464;152
9466;152
9468;152
9470;152
9472;152
9474;152
9476;152
9478;152
9480;152
9482;152
9484;152
9486;152
9488;152
9490;152
9492;152
9494;152
9496;152
9498;152
9500;152
9502;152
9504;152
9506;152
9508;152
9510;152
9512;152
9514;152
9516;152
9518;152
9520;152
9522;152
9524;152
9526;152
9528;152
9530;152
9532;152
9534;152
9536;152
9538;152
9540;152
9542;152
9544;152
9546;152
9548;152
9550;152
9552;152
9554;152
9556;152
9558;152
9560;152
9562;152
9564;152
9566;152
9568;152
9570;152
9572;152
9574;152
9576;152
9578;152
9580;152
9582;152
9584;152
9586;152
9588;152
9590;152
9592;152
9594;152
9596;152
9598;152
9600;152
9602;152
9604;152
9606;152
9608;152
9610;152
9612;152
9614;152
9616;152
9618;152
9620;152
9622;152
9624;152
9626;152
9628;152
9630;152
9632;152
9634;152
9636;152
9638;152
9640;152
9642;152
9644;152
9646;152
9648;152
9650;152
9652;152
9654;152
9656;152
9658;152
9660;152
9662;152
9664;152
9666;152
9668;152
9670;152
9672;152
9674;152
9676;152
9678;152
9680;152
9682;152
9684;152
9686;152
9688;152
9690;152
9692;152
9694;152
9696;152
9698;152
9700;152
9702;152
9704;152
9706;152
9708;152
9710;152
9712;152
9714;152
9716;152
9718;152
9720;152
9722;152
9724;152
9726;152
9728;152
9730;152
9732;152
9734;152
9736;152
9738;152
9740;152
9742;152
9744;152
9746;152
9748;152
9750;152
9752;152
9754;152
9756;152
9758;152
9760;152
9762;152
9764;152
9766;152
9768;152
9770;152
9772;152
9774;152
9776;152
9778;152
9780;152
9782;152
9784;152
9786;152
9788;152
9790;152
9792;152
9794;152
9796;152
9798;152
9800;152
9802;152
9804;152
9806;152
9808;152
9810;152
9812;152
9814;152
9816;152
9818;152
9820;152
9822;152
9824;152
9826;152
9828;152
9830;152
9832;152
9834;152
9836;152
9838;152
9840;152
9842;152
9844;152
9846;152
9848;152
9850;152
9852;152
9854;152
9856;152
9858;152
9860;152
9862;152
9864;152
9866;152
9868;152
9870;152
9872;152
9874;152
9876;152
9878;152
9880;152
9882;152
9884;152
9886;152
9888;152
9890;152
9892;152
9894;152
9896;152
9898;152
9900;153
9902;153
9904;153
9906;153
9908;153
9910;153
9912;153
9914;153
9916;153
9918;153
9920;153
9922;153
9924;153
9926;153
9928;153
9930;153
9932;153
9934;153
9936;153
9938;153
9940;153
9942;153
9944;153
9946;153
9948;153
9950;153
9952;153
9954;153
9956;153
9958;153
9960;153
9962;153
9964;153
9966;153
9968;153
9970;153
9972;153
9974;153
9976;153
9978;153
9980;153
9982;153
9984;153
9986;153
9988;153
9990;153
9992;153
9994;153
9996;153
9998;153
10000;153
10002;153
10004;153
10006;153
10008;153
10010;153
10012;153
10014;153
10016;153
10018;153
10020;153
10022;153
10024;153
10026;153
10028;153
10030;153
10032;153
10034;153
10036;153
10038;153
10040;153
10042;153
10044;153
10046;153
10048;153
10050;153
10052;153
10054;153
10056;153
10058;153
10060;153
10062;153
10064;153
10066;153
10068;153
10070;153
10072;153
10074;153
10076;153
10078;153
10080;153
10082;153
10084;153
10086;153
10088;153
10090;153
10092;153
10094;153
10096;153
10098;153
10100;153
10102;153
10104;153
10106;153
10108;153
10110;153
10112;153
10114;153
10116;153
10118;153
10120;153
10122;153
10124;153
10126;153
10128;153
10130;153
10132;153
10134;153
10136;153
10138;153
10140;153
10142;153
10144;153
10146;153
10148;153
10150;153
10152;153
10154;153
10156;153
10158;153
10160;153
10162;153
10164;153
10166;153
10168;153
10170;153
10172;153
10174;153
10176;153
10178;153
10180;153
10182;153
10184;153
10186;153
10188;153
10190;153
10192;153
10194;153
10196;153
10198;153
10200;153
10202;153
10204;153
10206;153
10208;153
10210;153
10212;153
10214;153
10216;153
10218;153
10220;153
10222;153
10224;153
10226;153
10228;153
10230;153
10232;153
10234;153
10236;153
10238;153
10240;153
10242;153
10244;153
10246;153
10248;153
10250;153
10252;153
10254;153
10256;153
10258;153
10260;153
10262;153
10264;153
10266;153
10268;153
10270;153
10272;153
10274;153
10276;153
10278;153
10280;153
10282;153
10284;153
10286;153
10288;153
10290;153
10292;153
10294;153
10296;153
10298;153
10300;153
10302;153
10304;153
10306;153
10308;153
10310;153
10312;153
10314;153
10316;153
10318;153
10320;153
10322;153
10324;153
10326;153
10328;153
10330;153
10332;153
10334;153
10336;153
10338;153
10340;153
10342;153
10344;153
10346;153
10348;153
10350;153
10352;153
10354;153
10356;153
10358;153
10360;153
10362;153
10364;153
10366;153
10368;153
10370;153
10372;153
10374;153
10376;153
10378;153
10380;153
10382;153
10384;153
10386;153
10388;153
10390;153
10392;153
10394;153
10396;153
10398;153
10400;153
10402;153
10404;153
10406;153
10408;153
10410;153
10412;153
10414;153
10416;153
10418;153
10420;153
10422;153
10424;153
10426;153
10428;153
10430;153
10432;153
10434;153
10436;153
10438;153
10440;153
10442;153
10444;153
10446;153
10448;153
10450;153
10452;153
10454;153
10456;153
10458;153
10460;153
10462;153
10464;153
10466;153
10468;153
10470;153
10472;153
10474;153
10476;153
10478;153
10480;153
10482;153
10484;153
10486;153
10488;153
10490;153
10492;153
10494;153
10496;153
10498;153
10500;153
10502;153
10504;153
10506;153
10508;153
10510;153
10512;153
10514;153
10516;153
10518;153
10520;153
10522;153
10524;153
10526;153
10528;153
10530;153
10532;153
10534;153
10536;153
10538;153
10540;153
10542;153
10544;153
10546;153
10548;153
10550;153
10552;153
10554;153
10556;153
10558;153
10560;153
10562;153
10564;153
10566;153
10568;153
10570;153
10572;153
10574;153
10576;153
10578;153
10580;153
10582;153
10584;153
10586;153
10588;153
10590;153
10592;153
10594;153
10596;153
10598;153
10600;153
10602;153
10604;153
10606;153
10608;153
10610;153
10612;153
10614;153
10616;153
10618;153
10620;153
10622;153
10624;153
10626;153
10628;153
10630;153
10632;153
10634;153
10636;153
10638;153
10640;153
10642;153
10644;153
10646;153
10648;153
10650;153
10652;153
10654;153
10656;153
10658;153
10660;153
10662;153
10664;153
10666;153
10668;153
10670;153
10672;153
10674;153
10676;153
10678;153
10680;153
10682;153
10684;153
10686;153
10688;153
10690;153
10692;153
10694;153
10696;153
10698;153
10700;153
10702;153
10704;153
10706;153
10708;153
10710;153
10712;153
10714;153
10716;153
10718;153
10720;153
10722;153
10724;153
10726;153
10728;153
10730;153
10732;153
10734;153
10736;153
10738;153
10740;153
10742;153
10744;153
10746;153
10748;153
10750;153
10752;153
10754;153
10756;153
10758;153
10760;153
10762;153
10764;153
10766;153
10768;153
10770;153
10772;153
10774;153
10776;153
10778;153
10780;153
10782;153
10784;153
10786;153
10788;153
10790;153
10792;153
10794;153
10796;153
10798;153
10800;88
10802;88
10804;88
10806;88
10808;88
10810;88
10812;88
10814;88
10816;88
10818;88
10820;88
10822;88
10824;88
10826;88
10828;88
10830;88
10832;88
10834;88
10836;88
10838;88
10840;88
10842;88
10844;88
10846;88
10848;88
10850;88
10852;88
10854;88
10856;88
10858;88
10860;88
10862;88
10864;88
10866;88
10868;88
10870;88
10872;88
10874;88
10876;88
10878;88
10880;88
10882;88
10884;88
10886;88
10888;88
10890;88
10892;88
10894;88
10896;88
10898;88
10900;88
10902;88
10904;88
10906;88
10908;88
10910;88
10912;88
10914;88
10916;88
10918;88
10920;88
10922;88
10924;88
10926;88
10928;88
10930;88
10932;88
10934;88
10936;88
10938;88
10940;88
10942;88
10944;88
10946;88
10948;88
10950;88
10952;88
10954;88
10956;88
10958;88
10960;88
10962;88
10964;88
10966;88
10968;88
10970;88
10972;88
10974;88
10976;88
10978;88
10980;88
10982;88
10984;88
10986;88
10988;88
10990;88
10992;88
10994;88
10996;88
10998;88
11000;88
11002;88
11004;88
11006;88
11008;88
11010;88
11012;88
11014;88
11016;88
11018;88
11020;88
11022;88
11024;88
11026;88
11028;88
11030;88
11032;88
11034;88
11036;88
11038;88
11040;88
11042;88
11044;88
11046;88
11048;88
11050;88
11052;88
11054;88
11056;88
11058;88
11060;88
11062;88
11064;88
11066;88
11068;88
11070;88
11072;88
11074;88
11076;88
11078;88
11080;88
11082;88
11084;88
11086;88
11088;88
11090;88
11092;88
11094;88
11096;88
11098;88
11100;88
11102;88
11104;88
11106;88
11108;88
11110;88
11112;88
11114;88
11116;88
11118;88
11120;88
11122;88
11124;88
11126;88
11128;88
11130;88
11132;88
11134;88
11136;88
11138;88
11140;88
11142;88
11144;88
11146;88
11148;88
11150;88
11152;88
11154;88
11156;88
11158;88
11160;88
11162;88
11164;88
11166;88
11168;88
11170;88
11172;88
11174;88
11176;88
11178;88
11180;88
11182;88
11184;88
11186;88
11188;88
11190;88
11192;88
11194;88
11196;88
11198;88
11200;88
11202;88
11204;88
11206;88
11208;88
11210;88
11212;88
11214;88
11216;88
11218;88
11220;88
11222;88
11224;88
11226;88
11228;88
11230;88
11232;88
11234;88
11236;88
11238;88
11240;88
11242;88
11244;88
11246;88
11248;88
11250;88
11252;88
11254;88
11256;88
11258;88
11260;88
11262;88
11264;88
11266;88
11268;88
11270;88
11272;88
11274;88
11276;88
11278;88
11280;88
11282;88
11284;88
11286;88
11288;88
11290;88
11292;88
11294;88
11296;88
11298;88
11300;88
11302;88
11304;88
11306;88
11308;88
11310;88
11312;88
11314;88
11316;88
11318;88
11320;88
11322;88
11324;88
11326;88
11328;88
11330;88
11332;88
11334;88
11336;88
11338;88
11340;88
11342;88
11344;88
11346;88
11348;88
11350;88
11352;88
11354;88
11356;88
11358;88
11360;88
11362;88
11364;88
11366;88
11368;88
11370;88
11372;88
11374;88
11376;88
11378;88
11380;88
11382;88
11384;88
11386;88
11388;88
11390;88
11392;88
11394;88
11396;88
11398;88
11400;88
11402;88
11404;88
11406;88
11408;88
11410;88
11412;88
11414;88
11416;88
11418;88
11420;88
11422;88
11424;88
11426;88
11428;88
11430;88
11432;88
11434;88
11436;88
11438;88
11440;88
11442;88
11444;88
11446;88
11448;88
11450;88
11452;88
11454;88
11456;88
11458;88
11460;88
11462;88
11464;88
11466;88
11468;88
11470;88
11472;88
11474;88
11476;88
11478;88
11480;88
11482;88
11484;88
11486;88
11488;88
11490;88
11492;88
11494;88
11496;88
11498;88
11500;88
11502;88
11504;88
11506;88
11508;88
11510;88
11512;88
11514;88
11516;88
11518;88
11520;88
11522;88
11524;88
11526;88
11528;88
11530;88
11532;88
11534;88
11536;88
11538;88
11540;88
11542;88
11544;88
11546;88
11548;88
11550;88
11552;88
11554;88
11556;88
11558;88
11560;88
11562;88
11564;88
11566;88
11568;88
11570;88
11572;88
11574;88
11576;88
11578;88
11580;88
11582;88
11584;88
11586;88
11588;88
11590;88
11592;88
11594;88
11596;88
11598;88
11600;88
11602;88
11604;88
11606;88
11608;88
11610;88
11612;88
11614;88
11616;88
11618;88
11620;88
11622;88
11624;88
11626;88
11628;88
11630;88
11632;88
11634;88
11636;88
11638;88
11640;88
11642;88
11644;88
11646;88
11648;88
11650;88
11652;88
11654;88
11656;88
11658;88
11660;88
11662;88
11664;88
11666;88
11668;88
11670;88
11672;88
11674;88
11676;88
11678;88
11680;88
11682;88
11684;88
11686;88
11688;88
11690;88
11692;88
11694;88
11696;88
11698;88
11700;180
11702;180
11704;180
11706;180
11708;180
11710;180
11712;180
11714;180
11716;180
11718;180
11720;180
11722;180
11724;180
11726;180
11728;180
11730;180
11732;180
11734;180
11736;180
11738;180
11740;180
11742;180
11744;180
11746;180
11748;180
11750;180
11752;180
11754;180
11756;180
11758;180
11760;180
11762;180
11764;180
11766;180
11768;180
11770;180
11772;180
11774;180
11776;180
11778;180
11780;180
11782;180
11784;180
11786;180
11788;180
11790;180
11792;180
11794;180
11796;180
11798;180
11800;180
11802;180
11804;180
11806;180
11808;180
11810;180
11812;180
11814;180
11816;180
11818;180
11820;180
11822;180
11824;180
11826;180
11828;180
11830;180
11832;180
11834;180
11836;180
11838;180
11840;180
11842;180
11844;180
11846;180
11848;180
11850;180
11852;180
11854;180
11856;180
11858;180
11860;180
11862;180
11864;180
11866;180
11868;180
11870;180
11872;180
11874;180
11876;180
11878;180
11880;180
11882;180
11884;180
11886;180
11888;180
11890;180
11892;180
11894;180
11896;180
11898;180
11900;180
11902;180
11904;180
11906;180
11908;180
11910;180
11912;180
11914;180
11916;180
11918;180
11920;180
11922;180
11924;180
11926;180
11928;180
11930;180
11932;180
11934;180
11936;180
11938;180
11940;180
11942;180
11944;180
11946;180
11948;180
11950;180
11952;180
11954;180
11956;180
11958;180
11960;180
11962;180
11964;180
11966;180
11968;180
11970;180
11972;180
11974;180
11976;180
11978;180
11980;180
11982;180
11984;180
11986;180
11988;180
11990;180
11992;180
11994;180
11996;180
11998;180
12000;180
12002;180
12004;180
12006;180
12008;180
12010;180
12012;180
12014;180
12016;180
12018;180
12020;180
12022;180
12024;180
12026;180
12028;180
12030;180
12032;180
12034;180
12036;180
12038;180
12040;180
12042;180
12044;180
12046;180
12048;180
12050;180
12052;180
12054;180
12056;180
12058;180
12060;180
12062;180
12064;180
12066;180
12068;180
12070;180
12072;180
12074;180
12076;180
12078;180
12080;180
12082;180
12084;180
12086;180
12088;180
12090;180
12092;180
12094;180
12096;180
12098;180
12100;180
12102;180
12104;180
12106;180
12108;180
12110;180
12112;180
12114;180
12116;180
12118;180
12120;180
12122;180
12124;180
12126;180
12128;180
12130;180
12132;180
12134;180
12136;180
12138;180
12140;180
12142;180
12144;180
12146;180
12148;180
12150;180
12152;180
12154;180
12156;180
12158;180
12160;180
12162;180
12164;180
12166;180
12168;180
12170;180
12172;180
12174;180
12176;180
12178;180
12180;180
12182;180
12184;180
12186;180
12188;180
12190;180
12192;180
12194;180
12196;180
12198;180
12200;180
12202;180
12204;180
12206;180
12208;180
12210;180
12212;180
12214;180
12216;180
12218;180
12220;180
12222;180
12224;180
12226;180
12228;180
12230;180
12232;180
12234;180
12236;180
12238;180
12240;180
12242;180
12244;180
12246;180
12248;180
12250;180
12252;180
12254;180
12256;180
12258;180
12260;180
12262;180
12264;180
12266;180
12268;180
12270;180
12272;180
12274;180
12276;180
12278;180
12280;180
12282;180
12284;180
12286;180
12288;180
12290;180
12292;180
12294;180
12296;180
12298;180
12300;180
12302;180
12304;180
12306;180
12308;180
12310;180
12312;180
12314;180
12316;180
12318;180
12320;180
12322;180
12324;180
12326;180
12328;180
12330;180
12332;180
12334;180
12336;180
12338;180
12340;180
12342;180
12344;180
12346;180
12348;180
12350;180
12352;180
12354;180
12356;180
12358;180
12360;180
12362;180
12364;180
12366;180
12368;180
12370;180
12372;180
12374;180
12376;180
12378;180
12380;180
12382;180
12384;180
12386;180
12388;180
12390;180
12392;180
12394;180
12396;180
12398;180
12400;180
12402;180
12404;180
12406;180
12408;180
12410;180
12412;180
12414;180
12416;180
12418;180
12420;180
12422;180
12424;180
12426;180
12428;180
12430;180
12432;180
12434;180
12436;180
12438;180
12440;180
12442;180
12444;180
12446;180
12448;180
12450;180
12452;180
12454;180
12456;180
12458;180
12460;180
12462;180
12464;180
12466;180
12468;180
12470;180
12472;180
12474;180
12476;180
12478;180
12480;180
12482;180
12484;180
12486;180
12488;180
12490;180
12492;180
12494;180
12496;180
12498;180
12500;180
12502;180
12504;180
12506;180
12508;180
12510;180
12512;180
12514;180
12516;180
12518;180
12520;180
12522;180
12524;180
12526;180
12528;180
12530;180
12532;180
12534;180
12536;180
12538;180
12540;180
12542;180
12544;180
12546;180
12548;180
12550;180
12552;180
12554;180
12556;180
12558;180
12560;180
12562;180
12564;180
12566;180
12568;180
12570;180
12572;180
12574;180
12576;180
12578;180
12580;180
12582;180
12584;180
12586;180
12588;180
12590;180
12592;180
12594;180
12596;180
12598;180
12600;184
12602;184
12604;184
12606;184
12608;184
12610;184
12612;184
12614;184
12616;184
12618;184
12620;184
12622;184
12624;184
12626;184
12628;184
12630;184
12632;184
12634;184
12636;184
12638;184
12640;184
12642;184
12644;184
12646;184
12648;184
12650;184
12652;184
12654;184
12656;184
12658;184
12660;184
12662;184
12664;184
12666;184
12668;184
12670;184
12672;184
12674;184
12676;184
12678;184
12680;184
12682;184
12684;184
12686;184
12688;184
12690;184
12692;184
12694;184
12696;184
12698;184
12700;184
12702;184
12704;184
12706;184
12708;184
12710;184
12712;184
12714;184
12716;184
12718;184
12720;184
12722;184
12724;184
12726;184
12728;184
12730;184
12732;184
12734;184
12736;184
12738;184
12740;184
12742;184
12744;184
12746;184
12748;184
12750;184
12752;184
12754;184
12756;184
12758;184
12760;184
12762;184
12764;184
12766;184
12768;184
12770;184
12772;184
12774;184
12776;184
12778;184
12780;184
12782;184
12784;184
12786;184
12788;184
12790;184
12792;184
12794;184
12796;184
12798;184
12800;184
12802;184
12804;184
12806;184
12808;184
12810;184
12812;184
12814;184
12816;184
12818;184
12820;184
12822;184
12824;184
12826;184
12828;184
12830;184
12832;184
12834;184
12836;184
12838;184
12840;184
12842;184
12844;184
12846;184
12848;184
12850;184
12852;184
12854;184
12856;184
12858;184
12860;184
12862;184
12864;184
12866;184
12868;184
12870;184
12872;184
12874;184
12876;184
12878;184
12880;184
12882;184
12884;184
12886;184
12888;184
12890;184
12892;184
12894;184
12896;184
12898;184
12900;184
12902;184
12904;184
12906;184
12908;184
12910;184
12912;184
12914;184
12916;184
12918;184
12920;184
12922;184
12924;184
12926;184
12928;184
12930;184
12932;184
12934;184
12936;184
12938;184
12940;184
12942;184
12944;184
12946;184
12948;184
12950;184
12952;184
12954;184
12956;184
12958;184
12960;184
12962;184
12964;184
12966;184
12968;184
12970;184
12972;184
12974;184
12976;184
12978;184
12980;184
12982;184
12984;184
12986;184
12988;184
12990;184
12992;184
12994;184
12996;184
12998;184
13000;184
13002;184
13004;184
13006;184
13008;184
13010;184
13012;184
13014;184
13016;184
13018;184
13020;184
13022;184
13024;184
13026;184
13028;184
13030;184
13032;184
13034;184
13036;184
13038;184
13040;184
13042;184
13044;184
13046;184
13048;184
13050;184
13052;184
13054;184
13056;184
13058;184
13060;184
13062;184
13064;184
13066;184
13068;184
13070;184
13072;184
13074;184
13076;184
13078;184
13080;184
13082;184
13084;184
13086;184
13088;184
13090;184
13092;184
13094;184
13096;184
13098;184
13100;184
13102;184
13104;184
13106;184
13108;184
13110;184
13112;184
13114;184
13116;184
13118;184
13120;184
13122;184
13124;184
13126;184
13128;184
13130;184
13132;184
13134;184
13136;184
13138;184
13140;184
13142;184
13144;184
13146;184
13148;184
13150;184
13152;184
13154;184
13156;184
13158;184
13160;184
13162;184
13164;184
13166;184
13168;184
13170;184
13172;184
13174;184
13176;184
13178;184
13180;184
13182;184
13184;184
13186;184
13188;184
13190;184
13192;184
13194;184
13196;184
13198;184
13200;184
13202;184
13204;184
13206;184
13208;184
13210;184
13212;184
13214;184
13216;184
13218;184
13220;184
13222;184
13224;184
13226;184
13228;184
13230;184
13232;184
13234;184
13236;184
13238;184
13240;184
13242;184
13244;184
13246;184
13248;184
13250;184
13252;184
13254;184
13256;184
13258;184
13260;184
13262;184
13264;184
13266;184
13268;184
13270;184
13272;184
13274;184
13276;184
13278;184
13280;184
13282;184
13284;184
13286;184
13288;184
13290;184
13292;184
13294;184
13296;184
13298;184
13300;184
13302;184
13304;184
13306;184
13308;184
13310;184
13312;184
13314;184
13316;184
13318;184
13320;184
13322;184
13324;184
13326;184
13328;184
13330;184
13332;184
13334;184
13336;184
13338;184
13340;184
13342;184
13344;184
13346;184
13348;184
13350;184
13352;184
13354;184
13356;184
13358;184
13360;184
13362;184
13364;184
13366;184
13368;184
13370;184
13372;184
13374;184
13376;184
13378;184
13380;184
13382;184
13384;184
13386;184
13388;184
13390;184
13392;184
13394;184
13396;184
13398;184
13400;184
13402;184
13404;184
13406;184
13408;184
13410;184
13412;184
13414;184
13416;184
13418;184
13420;184
13422;184
13424;184
13426;184
13428;184
13430;184
13432;184
13434;184
13436;184
13438;184
13440;184
13442;184
13444;184
13446;184
13448;184
13450;184
13452;184
13454;184
13456;184
13458;184
13460;184
13462;184
13464;184
13466;184
13468;184
13470;184
13472;184
13474;184
13476;184
13478;184
13480;184
13482;184
13484;184
13486;184
13488;184
13490;184
13492;184
13494;184
13496;184
13498;184
13500;153
13502;153
13504;153
13506;153
13508;153
13510;153
13512;153
13514;153
13516;153
13518;153
13520;153
13522;153
13524;153
13526;153
13528;153
13530;153
13532;153
13534;153
13536;153
13538;153
13540;153
13542;153
13544;153
13546;153
13548;153
13550;153
13552;153
13554;153
13556;153
13558;153
13560;153
13562;153
13564;153
13566;153
13568;153
13570;153
13572;153
13574;153
13576;153
13578;153
13580;153
13582;153
13584;153
13586;153
13588;153
13590;153
13592;153
13594;153
13596;153
13598;153
13600;153
13602;153
13604;153
13606;153
13608;153
13610;153
13612;153
13614;153
13616;153
13618;153
13620;153
13622;153
13624;153
13626;153
13628;153
13630;153
13632;153
13634;153
13636;153
13638;153
13640;153
13642;153
13644;153
13646;153
13648;153
13650;153
13652;153
13654;153
13656;153
13658;153
13660;153
13662;153
13664;153
13666;153
13668;153
13670;153
13672;153
13674;153
13676;153
13678;153
13680;153
13682;153
13684;153
13686;153
13688;153
13690;153
13692;153
13694;153
13696;153
13698;153
13700;153
13702;153
13704;153
13706;153
13708;153
13710;153
13712;153
13714;153
13716;153
13718;153
13720;153
13722;153
13724;153
13726;153
13728;153
13730;153
13732;153
13734;153
13736;153
13738;153
13740;153
13742;153
13744;153
13746;153
13748;153
13750;153
13752;153
13754;153
13756;153
13758;153
13760;153
13762;153
13764;153
13766;153
13768;153
13770;153
13772;153
13774;153
13776;153
13778;153
13780;153
13782;153
13784;153
13786;153
13788;153
13790;153
13792;153
13794;153
13796;153
13798;153
13800;153
13802;153
13804;153
13806;153
13808;153
13810;153
13812;153
13814;153
13816;153
13818;153
13820;153
13822;153
13824;153
13826;153
13828;153
13830;153
13832;153
13834;153
13836;153
13838;153
13840;153
13842;153
13844;153
13846;153
13848;153
13850;153
13852;153
13854;153
13856;153
13858;153
13860;153
13862;153
13864;153
13866;153
13868;153
13870;153
13872;153
13874;153
13876;153
13878;153
13880;153
13882;153
13884;153
13886;153
13888;153
13890;153
13892;153
13894;153
13896;153
13898;153
13900;153
13902;153
13904;153
13906;153
13908;153
13910;153
13912;153
13914;153
13916;153
13918;153
13920;153
13922;153
13924;153
13926;153
13928;153
13930;153
13932;153
13934;153
13936;153
13938;153
13940;153
13942;153
13944;153
13946;153
13948;153
13950;153
13952;153
13954;153
13956;153
13958;153
13960;153
13962;153
13964;153
13966;153
13968;153
13970;153
13972;153
13974;153
13976;153
13978;153
13980;153
13982;153
13984;153
13986;153
13988;153
13990;153
13992;153
13994;153
13996;153
13998;153
14000;153
14002;153
14004;153
14006;153
14008;153
14010;153
14012;153
14014;153
14016;153
14018;153
14020;153
14022;153
14024;153
14026;153
14028;153
14030;153
14032;153
14034;153
14036;153
14038;153
14040;153
14042;153
14044;153
14046;153
14048;153
14050;153
14052;153
14054;153
14056;153
14058;153
14060;153
14062;153
14064;153
14066;153
14068;153
14070;153
14072;153
14074;153
14076;153
14078;153
14080;153
14082;153
14084;153
14086;153
14088;153
14090;153
14092;153
14094;153
14096;153
14098;153
14100;153
14102;153
14104;153
14106;153
14108;153
14110;153
14112;153
14114;153
14116;153
14118;153
14120;153
14122;153
14124;153
14126;153
14128;153
14130;153
14132;153
14134;153
14136;153
14138;153
14140;153
14142;153
14144;153
14146;153
14148;153
14150;153
14152;153
14154;153
14156;153
14158;153
14160;153
14162;153
14164;153
14166;153
14168;153
14170;153
14172;153
14174;153
14176;153
14178;153
14180;153
14182;153
14184;153
14186;153
14188;153
14190;153
14192;153
14194;153
14196;153
14198;153
14200;153
14202;153
14204;153
14206;153
14208;153
14210;153
14212;153
14214;153
14216;153
14218;153
14220;153
14222;153
14224;153
14226;153
14228;153
14230;153
14232;153
14234;153
14236;153
14238;153
14240;153
14242;153
14244;153
14246;153
14248;153
14250;153
14252;153
14254;153
14256;153
14258;153
14260;153
14262;153
14264;153
14266;153
14268;153
14270;153
14272;153
14274;153
14276;153
14278;153
14280;153
14282;153
14284;153
14286;153
14288;153
14290;153
14292;153
14294;153
14296;153
14298;153
14300;153
14302;153
14304;153
14306;153
14308;153
14310;153
14312;153
14314;153
14316;153
14318;153
14320;153
14322;153
14324;153
14326;153
14328;153
14330;153
14332;153
14334;153
14336;153
14338;153
14340;153
14342;153
14344;153
14346;153
14348;153
14350;153
14352;153
14354;153
14356;153
14358;153
14360;153
14362;153
14364;153
14366;153
14368;153
14370;153
14372;153
14374;153
14376;153
14378;153
14380;153
14382;153
14384;153
14386;153
14388;153
14390;153
14392;153
14394;153
14396;153
14398;153
14400;152
14402;152
14404;152
14406;152
14408;152
14410;152
14412;152
14414;152
14416;152
14418;152
14420;152
14422;152
14424;152
14426;152
14428;152
14430;152
14432;152
14434;152
14436;152
14438;152
14440;152
14442;152
14444;152
14446;152
14448;152
14450;152
14452;152
14454;152
14456;152
14458;152
14460;152
14462;152
14464;152
14466;152
14468;152
14470;152
14472;152
14474;152
14476;152
14478;152
14480;152
14482;152
14484;152
14486;152
14488;152
14490;152
14492;152
14494;152
14496;152
14498;152
14500;152
14502;152
14504;152
14506;152
14508;152
14510;152
14512;152
14514;152
14516;152
14518;152
14520;152
14522;152
14524;152
14526;152
14528;152
14530;152
14532;152
14534;152
14536;152
14538;152
14540;152
14542;152
14544;152
14546;152
14548;152
14550;152
14552;152
14554;152
14556;152
14558;152
14560;152
14562;152
14564;152
14566;152
14568;152
14570;152
14572;152
14574;152
14576;152
14578;152
14580;152
14582;152
14584;152
14586;152
14588;152
14590;152
14592;152
14594;152
14596;152
14598;152
14600;152
14602;152
14604;152
14606;152
14608;152
14610;152
14612;152
14614;152
14616;152
14618;152
14620;152
14622;152
14624;152
14626;152
14628;152
14630;152
14632;152
14634;152
14636;152
14638;152
14640;152
14642;152
14644;152
14646;152
14648;152
14650;152
14652;152
14654;152
14656;152
14658;152
14660;152
14662;152
14664;152
14666;152
14668;152
14670;152
14672;152
14674;152
14676;152
14678;152
14680;152
14682;152
14684;152
14686;152
14688;152
14690;152
14692;152
14694;152
14696;152
14698;152
14700;152
14702;152
14704;152
14706;152
14708;152
14710;152
14712;152
14714;152
14716;152
14718;152
14720;152
14722;152
14724;152
14726;152
14728;152
14730;152
14732;152
14734;152
14736;152
14738;152
14740;152
14742;152
14744;152
14746;152
14748;152
14750;152
14752;152
14754;152
14756;152
14758;152
14760;152
14762;152
14764;152
14766;152
14768;152
14770;152
14772;152
14774;152
14776;152
14778;152
14780;152
14782;152
14784;152
14786;152
14788;152
14790;152
14792;152
14794;152
14796;152
14798;152
14800;152
14802;152
14804;152
14806;152
14808;152
14810;152
14812;152
14814;152
14816;152
14818;152
14820;152
14822;152
14824;152
14826;152
14828;152
14830;152
14832;152
14834;152
14836;152
14838;152
14840;152
14842;152
14844;152
14846;152
14848;152
14850;152
14852;152
14854;152
14856;152
14858;152
14860;152
14862;152
14864;152
14866;152
14868;152
14870;152
14872;152
14874;152
14876;152
14878;152
14880;152
14882;152
14884;152
14886;152
14888;152
14890;152
14892;152
14894;152
14896;152
14898;152
14900;152
14902;152
14904;152
14906;152
14908;152
14910;152
14912;152
14914;152
14916;152
14918;152
14920;152
14922;152
14924;152
14926;152
14928;152
14930;152
14932;152
14934;152
14936;152
14938;152
14940;152
14942;152
14944;152
14946;152
14948;152
14950;152
14952;152
14954;152
14956;152
14958;152
14960;152
14962;152
14964;152
14966;152
14968;152
14970;152
14972;152
14974;152
14976;152
14978;152
14980;152
14982;152
14984;152
14986;152
14988;152
14990;152
14992;152
14994;152
14996;152
14998;152
15000;152
15002;152
15004;152
15006;152
15008;152
15010;152
15012;152
15014;152
15016;152
15018;152
15020;152
15022;152
15024;152
15026;152
15028;152
15030;152
15032;152
15034;152
15036;152
15038;152
15040;152
15042;152
15044;152
15046;152
15048;152
15050;152
15052;152
15054;152
15056;152
15058;152
15060;152
15062;152
15064;152
15066;152
15068;152
15070;152
15072;152
15074;152
15076;152
15078;152
15080;152
15082;152
15084;152
15086;152
15088;152
15090;152
15092;152
15094;152
15096;152
15098;152
15100;152
15102;152
15104;152
15106;152
15108;152
15110;152
15112;152
15114;152
15116;152
15118;152
15120;152
15122;152
15124;152
15126;152
15128;152
15130;152
15132;152
15134;152
15136;152
15138;152
15140;152
15142;152
15144;152
15146;152
15148;152
15150;152
15152;152
15154;152
15156;152
15158;152
15160;152
15162;152
15164;152
15166;152
15168;152
15170;152
15172;152
15174;152
15176;152
15178;152
15180;152
15182;152
15184;152
15186;152
15188;152
15190;152
15192;152
15194;152
15196;152
15198;152
15200;152
15202;152
15204;152
15206;152
15208;152
15210;152
15212;152
15214;152
15216;152
15218;152
15220;152
15222;152
15224;152
15226;152
15228;152
15230;152
15232;152
15234;152
15236;152
15238;152
15240;152
15242;152
15244;152
15246;152
15248;152
15250;152
15252;152
15254;152
15256;152
15258;152
15260;152
15262;152
15264;152
15266;152
15268;152
15270;152
15272;152
15274;152
15276;152
15278;152
15280;152
15282;152
15284;152
15286;152
15288;152
15290;152
15292;152
15294;152
15296;152
15298;152
15300;86
15302;86
15304;86
15306;86
15308;86
15310;86
15312;86
15314;86
15316;86
15318;86
15320;86
15322;86
15324;86
15326;86
15328;86
15330;86
15332;86
15334;86
15336;86
15338;86
15340;86
15342;86
15344;86
15346;86
15348;86
15350;86
15352;86
15354;86
15356;86
15358;86
15360;86
15362;86
15364;86
15366;86
15368;86
15370;86
15372;86
15374;86
15376;86
15378;86
15380;86
15382;86
15384;86
15386;86
15388;86
15390;86
15392;86
15394;86
15396;86
15398;86
15400;86
15402;86
15404;86
15406;86
15408;86
15410;86
15412;86
15414;86
15416;86
15418;86
15420;86
15422;86
15424;86
15426;86
15428;86
15430;86
15432;86
15434;86
15436;86
15438;86
15440;86
15442;86
15444;86
15446;86
15448;86
15450;86
15452;86
15454;86
15456;86
15458;86
15460;86
15462;86
15464;86
15466;86
15468;86
15470;86
15472;86
15474;86
15476;86
15478;86
15480;86
15482;86
15484;86
15486;86
15488;86
15490;86
15492;86
15494;86
15496;86
15498;86
15500;86
15502;86
15504;86
15506;86
15508;86
15510;86
15512;86
15514;86
15516;86
15518;86
15520;86
15522;86
15524;86
15526;86
15528;86
15530;86
15532;86
15534;86
15536;86
15538;86
15540;86
15542;86
15544;86
15546;86
15548;86
15550;86
15552;86
15554;86
15556;86
15558;86
15560;86
15562;86
15564;86
15566;86
15568;86
15570;86
15572;86
15574;86
15576;86
15578;86
15580;86
15582;86
15584;86
15586;86
15588;86
15590;86
15592;86
15594;86
15596;86
15598;86
15600;86
15602;86
15604;86
15606;86
15608;86
15610;86
15612;86
15614;86
15616;86
15618;86
15620;86
15622;86
15624;86
15626;86
15628;86
15630;86
15632;86
15634;86
15636;86
15638;86
15640;86
15642;86
15644;86
15646;86
15648;86
15650;86
15652;86
15654;86
15656;86
15658;86
15660;86
15662;86
15664;86
15666;86
15668;86
15670;86
15672;86
15674;86
15676;86
15678;86
15680;86
15682;86
15684;86
15686;86
15688;86
15690;86
15692;86
15694;86
15696;86
15698;86
15700;86
15702;86
15704;86
15706;86
15708;86
15710;86
15712;86
15714;86
15716;86
15718;86
15720;86
15722;86
15724;86
15726;86
15728;86
15730;86
15732;86
15734;86
15736;86
15738;86
15740;86
15742;86
15744;86
15746;86
15748;86
15750;86
15752;86
15754;86
15756;86
15758;86
15760;86
15762;86
15764;86
15766;86
15768;86
15770;86
15772;86
15774;86
15776;86
15778;86
15780;86
15782;86
15784;86
15786;86
15788;86
15790;86
15792;86
15794;86
15796;86
15798;86
15800;86
15802;86
15804;86
15806;86
15808;86
15810;86
15812;86
15814;86
15816;86
15818;86
15820;86
15822;86
15824;86
15826;86
15828;86
15830;86
15832;86
15834;86
15836;86
15838;86
15840;86
15842;86
15844;86
15846;86
15848;86
15850;86
15852;86
15854;86
15856;86
15858;86
15860;86
15862;86
15864;86
15866;86
15868;86
15870;86
15872;86
15874;86
15876;86
15878;86
15880;86
15882;86
15884;86
15886;86
15888;86
15890;86
15892;86
15894;86
15896;86
15898;86
15900;86
15902;86
15904;86
15906;86
15908;86
15910;86
15912;86
15914;86
15916;86
15918;86
15920;86
15922;86
15924;86
15926;86
15928;86
15930;86
15932;86
15934;86
15936;86
15938;86
15940;86
15942;86
15944;86
15946;86
15948;86
15950;86
15952;86
15954;86
15956;86
15958;86
15960;86
15962;86
15964;86
15966;86
15968;86
15970;86
15972;86
15974;86
15976;86
15978;86
15980;86
15982;86
15984;86
15986;86
15988;86
15990;86
15992;86
15994;86
15996;86
15998;86
16000;86
16002;86
16004;86
16006;86
16008;86
16010;86
16012;86
16014;86
16016;86
16018;86
16020;86
16022;86
16024;86
16026;86
16028;86
16030;86
16032;86
16034;86
16036;86
16038;86
16040;86
16042;86
16044;86
16046;86
16048;86
16050;86
16052;86
16054;86
16056;86
16058;86
16060;86
16062;86
16064;86
16066;86
16068;86
16070;86
16072;86
16074;86
16076;86
16078;86
16080;86
16082;86
16084;86
16086;86
16088;86
16090;86
16092;86
16094;86
16096;86
16098;86
16100;86
16102;86
16104;86
16106;86
16108;86
16110;86
16112;86
16114;86
16116;86
16118;86
16120;86
16122;86
16124;86
16126;86
16128;86
16130;86
16132;86
16134;86
16136;86
16138;86
16140;86
16142;86
16144;86
16146;86
16148;86
16150;86
16152;86
16154;86
16156;86
16158;86
16160;86
16162;86
16164;86
16166;86
16168;86
16170;86
16172;86
16174;86
16176;86
16178;86
16180;86
16182;86
16184;86
16186;86
16188;86
16190;86
16192;86
16194;86
16196;86
16198;86
16200;86
16202;86
16204;86
16206;86
16208;86
16210;86
16212;86
16214;86
16216;86
16218;86
16220;86
16222;86
16224;86
16226;86
16228;86
16230;86
16232;86
16234;86
16236;86
16238;86
16240;86
16242;86
16244;86
16246;86
16248;86
16250;86
16252;86
16254;86
16256;86
16258;86
16260;86
16262;86
16264;86
16266;86
16268;86
16270;86
16272;86
16274;86
16276;86
16278;86
16280;86
16282;86
16284;86
16286;86
16288;86
16290;86
16292;86
16294;86
16296;86
16298;86
16300;86
16302;86
16304;86
16306;86
16308;86
16310;86
16312;86
16314;86
16316;86
16318;86
16320;86
16322;86
16324;86
16326;86
16328;86
16330;86
16332;86
16334;86
16336;86
16338;86
16340;86
16342;86
16344;86
16346;86
16348;86
16350;86
16352;86
16354;86
16356;86
16358;86
16360;86
16362;86
16364;86
16366;86
16368;86
16370;86
16372;86
16374;86
16376;86
16378;86
16380;86
16382;86
16384;86
16386;86
16388;86
16390;86
16392;86
16394;86
16396;86
16398;86
16400;86
16402;86
16404;86
16406;86
16408;86
16410;86
16412;86
16414;86
16416;86
16418;86
16420;86
16422;86
16424;86
16426;86
16428;86
16430;86
16432;86
16434;86
16436;86
16438;86
16440;86
16442;86
16444;86
16446;86
16448;86
16450;86
16452;86
16454;86
16456;86
16458;86
16460;86
16462;86
16464;86
16466;86
16468;86
16470;86
16472;86
16474;86
16476;86
16478;86
16480;86
16482;86
16484;86
16486;86
16488;86
16490;86
16492;86
16494;86
16496;86
16498;86
16500;86
16502;86
16504;86
16506;86
16508;86
16510;86
16512;86
16514;86
16516;86
16518;86
16520;86
16522;86
16524;86
16526;86
16528;86
16530;86
16532;86
16534;86
16536;86
16538;86
16540;86
16542;86
16544;86
16546;86
16548;86
16550;86
16552;86
16554;86
16556;86
16558;86
16560;86
16562;86
16564;86
16566;86
16568;86
16570;86
16572;86
16574;86
16576;86
16578;86
16580;86
16582;86
16584;86
16586;86
16588;86
16590;86
16592;86
16594;86
16596;86
16598;86
16600;86
16602;86
16604;86
16606;86
16608;86
16610;86
16612;86
16614;86
16616;86
16618;86
16620;86
16622;86
16624;86
16626;86
16628;86
16630;86
16632;86
16634;86
16636;86
16638;86
16640;86
16642;86
16644;86
16646;86
16648;86
16650;86
16652;86
16654;86
16656;86
16658;86
16660;86
16662;86
16664;86
16666;86
16668;86
16670;86
16672;86
16674;86
16676;86
16678;86
16680;86
16682;86
16684;86
16686;86
16688;86
16690;86
16692;86
16694;86
16696;86
16698;86
16700;86
16702;86
16704;86
16706;86
16708;86
16710;86
16712;86
16714;86
16716;86
16718;86
16720;86
16722;86
16724;86
16726;86
16728;86
16730;86
16732;86
16734;86
16736;86
16738;86
16740;86
16742;86
16744;86
16746;86
16748;86
16750;86
16752;86
16754;86
16756;86
16758;86
16760;86
16762;86
16764;86
16766;86
16768;86
16770;86
16772;86
16774;86
16776;86
16778;86
16780;86
16782;86
16784;86
16786;86
16788;86
16790;86
16792;86
16794;86
16796;86
16798;86
16800;86
16802;86
16804;86
16806;86
16808;86
16810;86
16812;86
16814;86
16816;86
16818;86
16820;86
16822;86
16824;86
16826;86
16828;86
16830;86
16832;86
16834;86
16836;86
16838;86
16840;86
16842;86
16844;86
16846;86
16848;86
16850;86
16852;86
16854;86
16856;86
16858;86
16860;86
16862;86
16864;86
16866;86
16868;86
16870;86
16872;86
16874;86
16876;86
16878;86
16880;86
16882;86
16884;86
16886;86
16888;86
16890;86
16892;86
16894;86
16896;86
16898;86
16900;86
16902;86
16904;86
16906;86
16908;86
16910;86
16912;86
16914;86
16916;86
16918;86
16920;86
16922;86
16924;86
16926;86
16928;86
16930;86
16932;86
16934;86
16936;86
16938;86
16940;86
16942;86
16944;86
16946;86
16948;86
16950;86
16952;86
16954;86
16956;86
16958;86
16960;86
16962;86
16964;86
16966;86
16968;86
16970;86
16972;86
16974;86
16976;86
16978;86
16980;86
16982;86
16984;86
16986;86
16988;86
16990;86
16992;86
16994;86
16996;86
16998;86
17000;86
17002;86
17004;86
17006;86
17008;86
17010;86
17012;86
17014;86
17016;86
17018;86
17020;86
17022;86
17024;86
17026;86
17028;86
17030;86
17032;86
17034;86
17036;86
17038;86
17040;86
17042;86
17044;86
17046;86
17048;86
17050;86
17052;86
17054;86
17056;86
17058;86
17060;86
17062;86
17064;86
17066;86
17068;86
17070;86
17072;86
17074;86
17076;86
17078;86
17080;86
17082;86
17084;86
17086;86
17088;86
17090;86
17092;86
17094;86
17096;86
17098;86
17100;182
17102;182
17104;182
17106;182
17108;182
17110;182
17112;182
17114;182
17116;182
17118;182
17120;182
17122;182
17124;182
17126;182
17128;182
17130;182
17132;182
17134;182
17136;182
17138;182
17140;182
17142;182
17144;182
17146;182
17148;182
17150;182
17152;182
17154;182
17156;182
17158;182
17160;182
17162;182
17164;182
17166;182
17168;182
17170;182
17172;182
17174;182
17176;182
17178;182
17180;182
17182;182
17184;182
17186;182
17188;182
17190;182
17192;182
17194;182
17196;182
17198;182
17200;182
17202;182
17204;182
17206;182
17208;182
17210;182
17212;182
17214;182
17216;182
17218;182
17220;182
17222;182
17224;182
17226;182
17228;182
17230;182
17232;182
17234;182
17236;182
17238;182
17240;182
17242;182
17244;182
17246;182
17248;182
17250;182
17252;182
17254;182
17256;182
17258;182
17260;182
17262;182
17264;182
17266;182
17268;182
17270;182
17272;182
17274;182
17276;182
17278;182
17280;182
17282;182
17284;182
17286;182
17288;182
17290;182
17292;182
17294;182
17296;182
17298;182
17300;182
17302;182
17304;182
17306;182
17308;182
17310;182
17312;182
17314;182
17316;182
17318;182
17320;182
17322;182
17324;182
17326;182
17328;182
17330;182
17332;182
17334;182
17336;182
17338;182
17340;182
17342;182
17344;182
17346;182
17348;182
17350;182
17352;182
17354;182
17356;182
17358;182
17360;182
17362;182
17364;182
17366;182
17368;182
17370;182
17372;182
17374;182
17376;182
17378;182
17380;182
17382;182
17384;182
17386;182
17388;182
17390;182
17392;182
17394;182
17396;182
17398;182
17400;182
17402;182
17404;182
17406;182
17408;182
17410;182
17412;182
17414;182
17416;182
17418;182
17420;182
17422;182
17424;182
17426;182
17428;182
17430;182
17432;182
17434;182
17436;182
17438;182
17440;182
17442;182
17444;182
17446;182
17448;182
17450;182
17452;182
17454;182
17456;182
17458;182
17460;182
17462;182
17464;182
17466;182
17468;182
17470;182
17472;182
17474;182
17476;182
17478;182
17480;182
17482;182
17484;182
17486;182
17488;182
17490;182
17492;182
17494;182
17496;182
17498;182
17500;182
17502;182
17504;182
17506;182
17508;182
17510;182
17512;182
17514;182
17516;182
17518;182
17520;182
17522;182
17524;182
17526;182
17528;182
17530;182
17532;182
17534;182
17536;182
17538;182
17540;182
17542;182
17544;182
17546;182
17548;182
17550;182
17552;182
17554;182
17556;182
17558;182
17560;182
17562;182
17564;182
17566;182
17568;182
17570;182
17572;182
17574;182
17576;182
17578;182
17580;182
17582;182
17584;182
17586;182
17588;182
17590;182
17592;182
17594;182
17596;182
17598;182
17600;182
17602;182
17604;182
17606;182
17608;182
17610;182
17612;182
17614;182
17616;182
17618;182
17620;182
17622;182
17624;182
17626;182
17628;182
17630;182
17632;182
17634;182
17636;182
17638;182
17640;182
17642;182
17644;182
17646;182
17648;182
17650;182
17652;182
17654;182
17656;182
17658;182
17660;182
17662;182
17664;182
17666;182
17668;182
17670;182
17672;182
17674;182
17676;182
17678;182
17680;182
17682;182
17684;182
17686;182
17688;182
17690;182
17692;182
17694;182
17696;182
17698;182
17700;182
17702;182
17704;182
17706;182
17708;182
17710;182
17712;182
17714;182
17716;182
17718;182
17720;182
17722;182
17724;182
17726;182
17728;182
17730;182
17732;182
17734;182
17736;182
17738;182
17740;182
17742;182
17744;182
17746;182
17748;182
17750;182
17752;182
17754;182
17756;182
17758;182
17760;182
17762;182
17764;182
17766;182
17768;182
17770;182
17772;182
17774;182
17776;182
17778;182
17780;182
17782;182
17784;182
17786;182
17788;182
17790;182
17792;182
17794;182
17796;182
17798;182
17800;182
17802;182
17804;182
17806;182
17808;182
17810;182
17812;182
17814;182
17816;182
17818;182
17820;182
17822;182
17824;182
17826;182
17828;182
17830;182
17832;182
17834;182
17836;182
17838;182
17840;182
17842;182
17844;182
17846;182
17848;182
17850;182
17852;182
17854;182
17856;182
17858;182
17860;182
17862;182
17864;182
17866;182
17868;182
17870;182
17872;182
17874;182
17876;182
17878;182
17880;182
17882;182
17884;182
17886;182
17888;182
17890;182
17892;182
17894;182
17896;182
17898;182
17900;182
17902;182
17904;182
17906;182
17908;182
17910;182
17912;182
17914;182
17916;182
17918;182
17920;182
17922;182
17924;182
17926;182
17928;182
17930;182
17932;182
17934;182
17936;182
17938;182
17940;182
17942;182
17944;182
17946;182
17948;182
17950;182
17952;182
17954;182
17956;182
17958;182
17960;182
17962;182
17964;182
17966;182
17968;182
17970;182
17972;182
17974;182
17976;182
17978;182
17980;182
17982;182
17984;182
17986;182
17988;182
17990;182
17992;182
17994;182
17996;182
