#	X	Y
0;126
2;126
4;126
6;126
8;126
10;126
12;126
14;126
16;126
18;126
20;126
22;126
24;126
26;126
28;126
30;126
32;126
34;126
36;126
38;126
40;126
42;126
44;126
46;126
48;126
50;126
52;126
54;126
56;126
58;126
60;126
62;126
64;126
66;126
68;126
70;126
72;126
74;126
76;126
78;126
80;126
82;126
84;126
86;126
88;126
90;126
92;126
94;126
96;126
98;126
100;126
102;126
104;126
106;126
108;126
110;126
112;126
114;126
116;126
118;126
120;126
122;126
124;126
126;126
128;126
130;126
132;126
134;126
136;126
138;126
140;126
142;126
144;126
146;126
148;126
150;126
152;126
154;126
156;126
158;126
160;126
162;126
164;126
166;126
168;126
170;126
172;126
174;126
176;126
178;126
180;126
182;126
184;126
186;126
188;126
190;126
192;126
194;126
196;126
198;126
200;126
202;126
204;126
206;126
208;126
210;126
212;126
214;126
216;126
218;126
220;126
222;126
224;126
226;126
228;126
230;126
232;126
234;126
236;126
238;126
240;126
242;126
244;126
246;126
248;126
250;126
252;126
254;126
256;126
258;126
260;126
262;126
264;126
266;126
268;126
270;126
272;126
274;126
276;126
278;126
280;126
282;126
284;126
286;126
288;126
290;126
292;126
294;126
296;126
298;126
300;126
302;126
304;126
306;126
308;126
310;126
312;126
314;126
316;126
318;126
320;126
322;126
324;126
326;126
328;126
330;126
332;126
334;126
336;126
338;126
340;126
342;126
344;126
346;126
348;126
350;126
352;126
354;126
356;126
358;126
360;126
362;126
364;126
366;126
368;126
370;126
372;126
374;126
376;126
378;126
380;126
382;126
384;126
386;126
388;126
390;126
392;126
394;126
396;126
398;126
400;126
402;126
404;126
406;126
408;126
410;126
412;126
414;126
416;126
418;126
420;126
422;126
424;126
426;126
428;126
430;126
432;126
434;126
436;126
438;126
440;126
442;126
444;126
446;126
448;126
450;126
452;126
454;126
456;126
458;126
460;126
462;126
464;126
466;126
468;126
470;126
472;126
474;126
476;126
478;126
480;126
482;126
484;126
486;126
488;126
490;126
492;126
494;126
496;126
498;126
500;126
502;126
504;126
506;126
508;126
510;126
512;126
514;126
516;126
518;126
520;126
522;126
524;126
526;126
528;126
530;126
532;126
534;126
536;126
538;126
540;126
542;126
544;126
546;126
548;126
550;126
552;126
554;126
556;126
558;126
560;126
562;126
564;126
566;126
568;126
570;126
572;126
574;126
576;126
578;126
580;126
582;126
584;126
586;126
588;126
590;126
592;126
594;126
596;126
598;126
600;126
602;126
604;126
606;126
608;126
610;126
612;126
614;126
616;126
618;126
620;126
622;126
624;126
626;126
628;126
630;126
632;126
634;126
636;126
638;126
640;126
642;126
644;126
646;126
648;126
650;126
652;126
654;126
656;126
658;126
660;126
662;126
664;126
666;126
668;126
670;126
672;126
674;126
676;126
678;126
680;126
682;126
684;126
686;126
688;126
690;126
692;126
694;126
696;126
698;126
700;126
702;126
704;126
706;126
708;126
710;126
712;126
714;126
716;126
718;126
720;126
722;126
724;126
726;126
728;126
730;126
732;126
734;126
736;126
738;126
740;126
742;126
744;126
746;126
748;126
750;126
752;126
754;126
756;126
758;126
760;126
762;126
764;126
766;126
768;126
770;126
772;126
774;126
776;126
778;126
780;126
782;126
784;126
786;126
788;126
790;126
792;126
794;126
796;126
798;126
800;126
802;126
804;126
806;126
808;126
810;126
812;126
814;126
816;126
818;126
820;126
822;126
824;126
826;126
828;126
830;126
832;126
834;126
836;126
838;126
840;126
842;126
844;126
846;126
848;126
850;126
852;126
854;126
856;126
858;126
860;126
862;126
864;126
866;126
868;126
870;126
872;126
874;126
876;126
878;126
880;126
882;126
884;126
886;126
888;126
890;126
892;126
894;126
896;126
898;126
900;37
902;37
904;37
906;37
908;37
910;37
912;37
914;37
916;37
918;37
920;37
922;37
924;37
926;37
928;37
930;37
932;37
934;37
936;37
938;37
940;37
942;37
944;37
946;37
948;37
950;37
952;37
954;37
956;37
958;37
960;37
962;37
964;37
966;37
968;37
970;37
972;37
974;37
976;37
978;37
980;37
982;37
984;37
986;37
988;37
990;37
992;37
994;37
996;37
998;37
1000;37
1002;37
1004;37
1006;37
1008;37
1010;37
1012;37
1014;37
1016;37
1018;37
1020;37
1022;37
1024;37
1026;37
1028;37
1030;37
1032;37
1034;37
1036;37
1038;37
1040;37
1042;37
1044;37
1046;37
1048;37
1050;37
1052;37
1054;37
1056;37
1058;37
1060;37
1062;37
1064;37
1066;37
1068;37
1070;37
1072;37
1074;37
1076;37
1078;37
1080;37
1082;37
1084;37
1086;37
1088;37
1090;37
1092;37
1094;37
1096;37
1098;37
1100;37
1102;37
1104;37
1106;37
1108;37
1110;37
1112;37
1114;37
1116;37
1118;37
1120;37
1122;37
1124;37
1126;37
1128;37
1130;37
1132;37
1134;37
1136;37
1138;37
1140;37
1142;37
1144;37
1146;37
1148;37
1150;37
1152;37
1154;37
1156;37
1158;37
1160;37
1162;37
1164;37
1166;37
1168;37
1170;37
1172;37
1174;37
1176;37
1178;37
1180;37
1182;37
1184;37
1186;37
1188;37
1190;37
1192;37
1194;37
1196;37
1198;37
1200;37
1202;37
1204;37
1206;37
1208;37
1210;37
1212;37
1214;37
1216;37
1218;37
1220;37
1222;37
1224;37
1226;37
1228;37
1230;37
1232;37
1234;37
1236;37
1238;37
1240;37
1242;37
1244;37
1246;37
1248;37
1250;37
1252;37
1254;37
1256;37
1258;37
1260;37
1262;37
1264;37
1266;37
1268;37
1270;37
1272;37
1274;37
1276;37
1278;37
1280;37
1282;37
1284;37
1286;37
1288;37
1290;37
1292;37
1294;37
1296;37
1298;37
1300;37
1302;37
1304;37
1306;37
1308;37
1310;37
1312;37
1314;37
1316;37
1318;37
1320;37
1322;37
1324;37
1326;37
1328;37
1330;37
1332;37
1334;37
1336;37
1338;37
1340;37
1342;37
1344;37
1346;37
1348;37
1350;37
1352;37
1354;37
1356;37
1358;37
1360;37
1362;37
1364;37
1366;37
1368;37
1370;37
1372;37
1374;37
1376;37
1378;37
1380;37
1382;37
1384;37
1386;37
1388;37
1390;37
1392;37
1394;37
1396;37
1398;37
1400;37
1402;37
1404;37
1406;37
1408;37
1410;37
1412;37
1414;37
1416;37
1418;37
1420;37
1422;37
1424;37
1426;37
1428;37
1430;37
1432;37
1434;37
1436;37
1438;37
1440;37
1442;37
1444;37
1446;37
1448;37
1450;37
1452;37
1454;37
1456;37
1458;37
1460;37
1462;37
1464;37
1466;37
1468;37
1470;37
1472;37
1474;37
1476;37
1478;37
1480;37
1482;37
1484;37
1486;37
1488;37
1490;37
1492;37
1494;37
1496;37
1498;37
1500;37
1502;37
1504;37
1506;37
1508;37
1510;37
1512;37
1514;37
1516;37
1518;37
1520;37
1522;37
1524;37
1526;37
1528;37
1530;37
1532;37
1534;37
1536;37
1538;37
1540;37
1542;37
1544;37
1546;37
1548;37
1550;37
1552;37
1554;37
1556;37
1558;37
1560;37
1562;37
1564;37
1566;37
1568;37
1570;37
1572;37
1574;37
1576;37
1578;37
1580;37
1582;37
1584;37
1586;37
1588;37
1590;37
1592;37
1594;37
1596;37
1598;37
1600;37
1602;37
1604;37
1606;37
1608;37
1610;37
1612;37
1614;37
1616;37
1618;37
1620;37
1622;37
1624;37
1626;37
1628;37
1630;37
1632;37
1634;37
1636;37
1638;37
1640;37
1642;37
1644;37
1646;37
1648;37
1650;37
1652;37
1654;37
1656;37
1658;37
1660;37
1662;37
1664;37
1666;37
1668;37
1670;37
1672;37
1674;37
1676;37
1678;37
1680;37
1682;37
1684;37
1686;37
1688;37
1690;37
1692;37
1694;37
1696;37
1698;37
1700;37
1702;37
1704;37
1706;37
1708;37
1710;37
1712;37
1714;37
1716;37
1718;37
1720;37
1722;37
1724;37
1726;37
1728;37
1730;37
1732;37
1734;37
1736;37
1738;37
1740;37
1742;37
1744;37
1746;37
1748;37
1750;37
1752;37
1754;37
1756;37
1758;37
1760;37
1762;37
1764;37
1766;37
1768;37
1770;37
1772;37
1774;37
1776;37
1778;37
1780;37
1782;37
1784;37
1786;37
1788;37
1790;37
1792;37
1794;37
1796;37
1798;37
1800;117
1802;117
1804;117
1806;117
1808;117
1810;117
1812;117
1814;117
1816;117
1818;117
1820;117
1822;117
1824;117
1826;117
1828;117
1830;117
1832;117
1834;117
1836;117
1838;117
1840;117
1842;117
1844;117
1846;117
1848;117
1850;117
1852;117
1854;117
1856;117
1858;117
1860;117
1862;117
1864;117
1866;117
1868;117
1870;117
1872;117
1874;117
1876;117
1878;117
1880;117
1882;117
1884;117
1886;117
1888;117
1890;117
1892;117
1894;117
1896;117
1898;117
1900;117
1902;117
1904;117
1906;117
1908;117
1910;117
1912;117
1914;117
1916;117
1918;117
1920;117
1922;117
1924;117
1926;117
1928;117
1930;117
1932;117
1934;117
1936;117
1938;117
1940;117
1942;117
1944;117
1946;117
1948;117
1950;117
1952;117
1954;117
1956;117
1958;117
1960;117
1962;117
1964;117
1966;117
1968;117
1970;117
1972;117
1974;117
1976;117
1978;117
1980;117
1982;117
1984;117
1986;117
1988;117
1990;117
1992;117
1994;117
1996;117
1998;117
2000;117
2002;117
2004;117
2006;117
2008;117
2010;117
2012;117
2014;117
2016;117
2018;117
2020;117
2022;117
2024;117
2026;117
2028;117
2030;117
2032;117
2034;117
2036;117
2038;117
2040;117
2042;117
2044;117
2046;117
2048;117
2050;117
2052;117
2054;117
2056;117
2058;117
2060;117
2062;117
2064;117
2066;117
2068;117
2070;117
2072;117
2074;117
2076;117
2078;117
2080;117
2082;117
2084;117
2086;117
2088;117
2090;117
2092;117
2094;117
2096;117
2098;117
2100;117
2102;117
2104;117
2106;117
2108;117
2110;117
2112;117
2114;117
2116;117
2118;117
2120;117
2122;117
2124;117
2126;117
2128;117
2130;117
2132;117
2134;117
2136;117
2138;117
2140;117
2142;117
2144;117
2146;117
2148;117
2150;117
2152;117
2154;117
2156;117
2158;117
2160;117
2162;117
2164;117
2166;117
2168;117
2170;117
2172;117
2174;117
2176;117
2178;117
2180;117
2182;117
2184;117
2186;117
2188;117
2190;117
2192;117
2194;117
2196;117
2198;117
2200;117
2202;117
2204;117
2206;117
2208;117
2210;117
2212;117
2214;117
2216;117
2218;117
2220;117
2222;117
2224;117
2226;117
2228;117
2230;117
2232;117
2234;117
2236;117
2238;117
2240;117
2242;117
2244;117
2246;117
2248;117
2250;117
2252;117
2254;117
2256;117
2258;117
2260;117
2262;117
2264;117
2266;117
2268;117
2270;117
2272;117
2274;117
2276;117
2278;117
2280;117
2282;117
2284;117
2286;117
2288;117
2290;117
2292;117
2294;117
2296;117
2298;117
2300;117
2302;117
2304;117
2306;117
2308;117
2310;117
2312;117
2314;117
2316;117
2318;117
2320;117
2322;117
2324;117
2326;117
2328;117
2330;117
2332;117
2334;117
2336;117
2338;117
2340;117
2342;117
2344;117
2346;117
2348;117
2350;117
2352;117
2354;117
2356;117
2358;117
2360;117
2362;117
2364;117
2366;117
2368;117
2370;117
2372;117
2374;117
2376;117
2378;117
2380;117
2382;117
2384;117
2386;117
2388;117
2390;117
2392;117
2394;117
2396;117
2398;117
2400;117
2402;117
2404;117
2406;117
2408;117
2410;117
2412;117
2414;117
2416;117
2418;117
2420;117
2422;117
2424;117
2426;117
2428;117
2430;117
2432;117
2434;117
2436;117
2438;117
2440;117
2442;117
2444;117
2446;117
2448;117
2450;117
2452;117
2454;117
2456;117
2458;117
2460;117
2462;117
2464;117
2466;117
2468;117
2470;117
2472;117
2474;117
2476;117
2478;117
2480;117
2482;117
2484;117
2486;117
2488;117
2490;117
2492;117
2494;117
2496;117
2498;117
2500;117
2502;117
2504;117
2506;117
2508;117
2510;117
2512;117
2514;117
2516;117
2518;117
2520;117
2522;117
2524;117
2526;117
2528;117
2530;117
2532;117
2534;117
2536;117
2538;117
2540;117
2542;117
2544;117
2546;117
2548;117
2550;117
2552;117
2554;117
2556;117
2558;117
2560;117
2562;117
2564;117
2566;117
2568;117
2570;117
2572;117
2574;117
2576;117
2578;117
2580;117
2582;117
2584;117
2586;117
2588;117
2590;117
2592;117
2594;117
2596;117
2598;117
2600;117
2602;117
2604;117
2606;117
2608;117
2610;117
2612;117
2614;117
2616;117
2618;117
2620;117
2622;117
2624;117
2626;117
2628;117
2630;117
2632;117
2634;117
2636;117
2638;117
2640;117
2642;117
2644;117
2646;117
2648;117
2650;117
2652;117
2654;117
2656;117
2658;117
2660;117
2662;117
2664;117
2666;117
2668;117
2670;117
2672;117
2674;117
2676;117
2678;117
2680;117
2682;117
2684;117
2686;117
2688;117
2690;117
2692;117
2694;117
2696;117
2698;117
2700;120
2702;120
2704;120
2706;120
2708;120
2710;120
2712;120
2714;120
2716;120
2718;120
2720;120
2722;120
2724;120
2726;120
2728;120
2730;120
2732;120
2734;120
2736;120
2738;120
2740;120
2742;120
2744;120
2746;120
2748;120
2750;120
2752;120
2754;120
2756;120
2758;120
2760;120
2762;120
2764;120
2766;120
2768;120
2770;120
2772;120
2774;120
2776;120
2778;120
2780;120
2782;120
2784;120
2786;120
2788;120
2790;120
2792;120
2794;120
2796;120
2798;120
2800;120
2802;120
2804;120
2806;120
2808;120
2810;120
2812;120
2814;120
2816;120
2818;120
2820;120
2822;120
2824;120
2826;120
2828;120
2830;120
2832;120
2834;120
2836;120
2838;120
2840;120
2842;120
2844;120
2846;120
2848;120
2850;120
2852;120
2854;120
2856;120
2858;120
2860;120
2862;120
2864;120
2866;120
2868;120
2870;120
2872;120
2874;120
2876;120
2878;120
2880;120
2882;120
2884;120
2886;120
2888;120
2890;120
2892;120
2894;120
2896;120
2898;120
2900;120
2902;120
2904;120
2906;120
2908;120
2910;120
2912;120
2914;120
2916;120
2918;120
2920;120
2922;120
2924;120
2926;120
2928;120
2930;120
2932;120
2934;120
2936;120
2938;120
2940;120
2942;120
2944;120
2946;120
2948;120
2950;120
2952;120
2954;120
2956;120
2958;120
2960;120
2962;120
2964;120
2966;120
2968;120
2970;120
2972;120
2974;120
2976;120
2978;120
2980;120
2982;120
2984;120
2986;120
2988;120
2990;120
2992;120
2994;120
2996;120
2998;120
3000;120
3002;120
3004;120
3006;120
3008;120
3010;120
3012;120
3014;120
3016;120
3018;120
3020;120
3022;120
3024;120
3026;120
3028;120
3030;120
3032;120
3034;120
3036;120
3038;120
3040;120
3042;120
3044;120
3046;120
3048;120
3050;120
3052;120
3054;120
3056;120
3058;120
3060;120
3062;120
3064;120
3066;120
3068;120
3070;120
3072;120
3074;120
3076;120
3078;120
3080;120
3082;120
3084;120
3086;120
3088;120
3090;120
3092;120
3094;120
3096;120
3098;120
3100;120
3102;120
3104;120
3106;120
3108;120
3110;120
3112;120
3114;120
3116;120
3118;120
3120;120
3122;120
3124;120
3126;120
3128;120
3130;120
3132;120
3134;120
3136;120
3138;120
3140;120
3142;120
3144;120
3146;120
3148;120
3150;120
3152;120
3154;120
3156;120
3158;120
3160;120
3162;120
3164;120
3166;120
3168;120
3170;120
3172;120
3174;120
3176;120
3178;120
3180;120
3182;120
3184;120
3186;120
3188;120
3190;120
3192;120
3194;120
3196;120
3198;120
3200;120
3202;120
3204;120
3206;120
3208;120
3210;120
3212;120
3214;120
3216;120
3218;120
3220;120
3222;120
3224;120
3226;120
3228;120
3230;120
3232;120
3234;120
3236;120
3238;120
3240;120
3242;120
3244;120
3246;120
3248;120
3250;120
3252;120
3254;120
3256;120
3258;120
3260;120
3262;120
3264;120
3266;120
3268;120
3270;120
3272;120
3274;120
3276;120
3278;120
3280;120
3282;120
3284;120
3286;120
3288;120
3290;120
3292;120
3294;120
3296;120
3298;120
3300;120
3302;120
3304;120
3306;120
3308;120
3310;120
3312;120
3314;120
3316;120
3318;120
3320;120
3322;120
3324;120
3326;120
3328;120
3330;120
3332;120
3334;120
3336;120
3338;120
3340;120
3342;120
3344;120
3346;120
3348;120
3350;120
3352;120
3354;120
3356;120
3358;120
3360;120
3362;120
3364;120
3366;120
3368;120
3370;120
3372;120
3374;120
3376;120
3378;120
3380;120
3382;120
3384;120
3386;120
3388;120
3390;120
3392;120
3394;120
3396;120
3398;120
3400;120
3402;120
3404;120
3406;120
3408;120
3410;120
3412;120
3414;120
3416;120
3418;120
3420;120
3422;120
3424;120
3426;120
3428;120
3430;120
3432;120
3434;120
3436;120
3438;120
3440;120
3442;120
3444;120
3446;120
3448;120
3450;120
3452;120
3454;120
3456;120
3458;120
3460;120
3462;120
3464;120
3466;120
3468;120
3470;120
3472;120
3474;120
3476;120
3478;120
3480;120
3482;120
3484;120
3486;120
3488;120
3490;120
3492;120
3494;120
3496;120
3498;120
3500;120
3502;120
3504;120
3506;120
3508;120
3510;120
3512;120
3514;120
3516;120
3518;120
3520;120
3522;120
3524;120
3526;120
3528;120
3530;120
3532;120
3534;120
3536;120
3538;120
3540;120
3542;120
3544;120
3546;120
3548;120
3550;120
3552;120
3554;120
3556;120
3558;120
3560;120
3562;120
3564;120
3566;120
3568;120
3570;120
3572;120
3574;120
3576;120
3578;120
3580;120
3582;120
3584;120
3586;120
3588;120
3590;120
3592;120
3594;120
3596;120
3598;120
3600;37
3602;37
3604;37
3606;37
3608;37
3610;37
3612;37
3614;37
3616;37
3618;37
3620;37
3622;37
3624;37
3626;37
3628;37
3630;37
3632;37
3634;37
3636;37
3638;37
3640;37
3642;37
3644;37
3646;37
3648;37
3650;37
3652;37
3654;37
3656;37
3658;37
3660;37
3662;37
3664;37
3666;37
3668;37
3670;37
3672;37
3674;37
3676;37
3678;37
3680;37
3682;37
3684;37
3686;37
3688;37
3690;37
3692;37
3694;37
3696;37
3698;37
3700;37
3702;37
3704;37
3706;37
3708;37
3710;37
3712;37
3714;37
3716;37
3718;37
3720;37
3722;37
3724;37
3726;37
3728;37
3730;37
3732;37
3734;37
3736;37
3738;37
3740;37
3742;37
3744;37
3746;37
3748;37
3750;37
3752;37
3754;37
3756;37
3758;37
3760;37
3762;37
3764;37
3766;37
3768;37
3770;37
3772;37
3774;37
3776;37
3778;37
3780;37
3782;37
3784;37
3786;37
3788;37
3790;37
3792;37
3794;37
3796;37
3798;37
3800;37
3802;37
3804;37
3806;37
3808;37
3810;37
3812;37
3814;37
3816;37
3818;37
3820;37
3822;37
3824;37
3826;37
3828;37
3830;37
3832;37
3834;37
3836;37
3838;37
3840;37
3842;37
3844;37
3846;37
3848;37
3850;37
3852;37
3854;37
3856;37
3858;37
3860;37
3862;37
3864;37
3866;37
3868;37
3870;37
3872;37
3874;37
3876;37
3878;37
3880;37
3882;37
3884;37
3886;37
3888;37
3890;37
3892;37
3894;37
3896;37
3898;37
3900;37
3902;37
3904;37
3906;37
3908;37
3910;37
3912;37
3914;37
3916;37
3918;37
3920;37
3922;37
3924;37
3926;37
3928;37
3930;37
3932;37
3934;37
3936;37
3938;37
3940;37
3942;37
3944;37
3946;37
3948;37
3950;37
3952;37
3954;37
3956;37
3958;37
3960;37
3962;37
3964;37
3966;37
3968;37
3970;37
3972;37
3974;37
3976;37
3978;37
3980;37
3982;37
3984;37
3986;37
3988;37
3990;37
3992;37
3994;37
3996;37
3998;37
4000;37
4002;37
4004;37
4006;37
4008;37
4010;37
4012;37
4014;37
4016;37
4018;37
4020;37
4022;37
4024;37
4026;37
4028;37
4030;37
4032;37
4034;37
4036;37
4038;37
4040;37
4042;37
4044;37
4046;37
4048;37
4050;37
4052;37
4054;37
4056;37
4058;37
4060;37
4062;37
4064;37
4066;37
4068;37
4070;37
4072;37
4074;37
4076;37
4078;37
4080;37
4082;37
4084;37
4086;37
4088;37
4090;37
4092;37
4094;37
4096;37
4098;37
4100;37
4102;37
4104;37
4106;37
4108;37
4110;37
4112;37
4114;37
4116;37
4118;37
4120;37
4122;37
4124;37
4126;37
4128;37
4130;37
4132;37
4134;37
4136;37
4138;37
4140;37
4142;37
4144;37
4146;37
4148;37
4150;37
4152;37
4154;37
4156;37
4158;37
4160;37
4162;37
4164;37
4166;37
4168;37
4170;37
4172;37
4174;37
4176;37
4178;37
4180;37
4182;37
4184;37
4186;37
4188;37
4190;37
4192;37
4194;37
4196;37
4198;37
4200;37
4202;37
4204;37
4206;37
4208;37
4210;37
4212;37
4214;37
4216;37
4218;37
4220;37
4222;37
4224;37
4226;37
4228;37
4230;37
4232;37
4234;37
4236;37
4238;37
4240;37
4242;37
4244;37
4246;37
4248;37
4250;37
4252;37
4254;37
4256;37
4258;37
4260;37
4262;37
4264;37
4266;37
4268;37
4270;37
4272;37
4274;37
4276;37
4278;37
4280;37
4282;37
4284;37
4286;37
4288;37
4290;37
4292;37
4294;37
4296;37
4298;37
4300;37
4302;37
4304;37
4306;37
4308;37
4310;37
4312;37
4314;37
4316;37
4318;37
4320;37
4322;37
4324;37
4326;37
4328;37
4330;37
4332;37
4334;37
4336;37
4338;37
4340;37
4342;37
4344;37
4346;37
4348;37
4350;37
4352;37
4354;37
4356;37
4358;37
4360;37
4362;37
4364;37
4366;37
4368;37
4370;37
4372;37
4374;37
4376;37
4378;37
4380;37
4382;37
4384;37
4386;37
4388;37
4390;37
4392;37
4394;37
4396;37
4398;37
4400;37
4402;37
4404;37
4406;37
4408;37
4410;37
4412;37
4414;37
4416;37
4418;37
4420;37
4422;37
4424;37
4426;37
4428;37
4430;37
4432;37
4434;37
4436;37
4438;37
4440;37
4442;37
4444;37
4446;37
4448;37
4450;37
4452;37
4454;37
4456;37
4458;37
4460;37
4462;37
4464;37
4466;37
4468;37
4470;37
4472;37
4474;37
4476;37
4478;37
4480;37
4482;37
4484;37
4486;37
4488;37
4490;37
4492;37
4494;37
4496;37
4498;37
4500;202
4502;202
4504;202
4506;202
4508;202
4510;202
4512;202
4514;202
4516;202
4518;202
4520;202
4522;202
4524;202
4526;202
4528;202
4530;202
4532;202
4534;202
4536;202
4538;202
4540;202
4542;202
4544;202
4546;202
4548;202
4550;202
4552;202
4554;202
4556;202
4558;202
4560;202
4562;202
4564;202
4566;202
4568;202
4570;202
4572;202
4574;202
4576;202
4578;202
4580;202
4582;202
4584;202
4586;202
4588;202
4590;202
4592;202
4594;202
4596;202
4598;202
4600;202
4602;202
4604;202
4606;202
4608;202
4610;202
4612;202
4614;202
4616;202
4618;202
4620;202
4622;202
4624;202
4626;202
4628;202
4630;202
4632;202
4634;202
4636;202
4638;202
4640;202
4642;202
4644;202
4646;202
4648;202
4650;202
4652;202
4654;202
4656;202
4658;202
4660;202
4662;202
4664;202
4666;202
4668;202
4670;202
4672;202
4674;202
4676;202
4678;202
4680;202
4682;202
4684;202
4686;202
4688;202
4690;202
4692;202
4694;202
4696;202
4698;202
4700;202
4702;202
4704;202
4706;202
4708;202
4710;202
4712;202
4714;202
4716;202
4718;202
4720;202
4722;202
4724;202
4726;202
4728;202
4730;202
4732;202
4734;202
4736;202
4738;202
4740;202
4742;202
4744;202
4746;202
4748;202
4750;202
4752;202
4754;202
4756;202
4758;202
4760;202
4762;202
4764;202
4766;202
4768;202
4770;202
4772;202
4774;202
4776;202
4778;202
4780;202
4782;202
4784;202
4786;202
4788;202
4790;202
4792;202
4794;202
4796;202
4798;202
4800;202
4802;202
4804;202
4806;202
4808;202
4810;202
4812;202
4814;202
4816;202
4818;202
4820;202
4822;202
4824;202
4826;202
4828;202
4830;202
4832;202
4834;202
4836;202
4838;202
4840;202
4842;202
4844;202
4846;202
4848;202
4850;202
4852;202
4854;202
4856;202
4858;202
4860;202
4862;202
4864;202
4866;202
4868;202
4870;202
4872;202
4874;202
4876;202
4878;202
4880;202
4882;202
4884;202
4886;202
4888;202
4890;202
4892;202
4894;202
4896;202
4898;202
4900;202
4902;202
4904;202
4906;202
4908;202
4910;202
4912;202
4914;202
4916;202
4918;202
4920;202
4922;202
4924;202
4926;202
4928;202
4930;202
4932;202
4934;202
4936;202
4938;202
4940;202
4942;202
4944;202
4946;202
4948;202
4950;202
4952;202
4954;202
4956;202
4958;202
4960;202
4962;202
4964;202
4966;202
4968;202
4970;202
4972;202
4974;202
4976;202
4978;202
4980;202
4982;202
4984;202
4986;202
4988;202
4990;202
4992;202
4994;202
4996;202
4998;202
5000;202
5002;202
5004;202
5006;202
5008;202
5010;202
5012;202
5014;202
5016;202
5018;202
5020;202
5022;202
5024;202
5026;202
5028;202
5030;202
5032;202
5034;202
5036;202
5038;202
5040;202
5042;202
5044;202
5046;202
5048;202
5050;202
5052;202
5054;202
5056;202
5058;202
5060;202
5062;202
5064;202
5066;202
5068;202
5070;202
5072;202
5074;202
5076;202
5078;202
5080;202
5082;202
5084;202
5086;202
5088;202
5090;202
5092;202
5094;202
5096;202
5098;202
5100;202
5102;202
5104;202
5106;202
5108;202
5110;202
5112;202
5114;202
5116;202
5118;202
5120;202
5122;202
5124;202
5126;202
5128;202
5130;202
5132;202
5134;202
5136;202
5138;202
5140;202
5142;202
5144;202
5146;202
5148;202
5150;202
5152;202
5154;202
5156;202
5158;202
5160;202
5162;202
5164;202
5166;202
5168;202
5170;202
5172;202
5174;202
5176;202
5178;202
5180;202
5182;202
5184;202
5186;202
5188;202
5190;202
5192;202
5194;202
5196;202
5198;202
5200;202
5202;202
5204;202
5206;202
5208;202
5210;202
5212;202
5214;202
5216;202
5218;202
5220;202
5222;202
5224;202
5226;202
5228;202
5230;202
5232;202
5234;202
5236;202
5238;202
5240;202
5242;202
5244;202
5246;202
5248;202
5250;202
5252;202
5254;202
5256;202
5258;202
5260;202
5262;202
5264;202
5266;202
5268;202
5270;202
5272;202
5274;202
5276;202
5278;202
5280;202
5282;202
5284;202
5286;202
5288;202
5290;202
5292;202
5294;202
5296;202
5298;202
5300;202
5302;202
5304;202
5306;202
5308;202
5310;202
5312;202
5314;202
5316;202
5318;202
5320;202
5322;202
5324;202
5326;202
5328;202
5330;202
5332;202
5334;202
5336;202
5338;202
5340;202
5342;202
5344;202
5346;202
5348;202
5350;202
5352;202
5354;202
5356;202
5358;202
5360;202
5362;202
5364;202
5366;202
5368;202
5370;202
5372;202
5374;202
5376;202
5378;202
5380;202
5382;202
5384;202
5386;202
5388;202
5390;202
5392;202
5394;202
5396;202
5398;202
5400;203
5402;203
5404;203
5406;203
5408;203
5410;203
5412;203
5414;203
5416;203
5418;203
5420;203
5422;203
5424;203
5426;203
5428;203
5430;203
5432;203
5434;203
5436;203
5438;203
5440;203
5442;203
5444;203
5446;203
5448;203
5450;203
5452;203
5454;203
5456;203
5458;203
5460;203
5462;203
5464;203
5466;203
5468;203
5470;203
5472;203
5474;203
5476;203
5478;203
5480;203
5482;203
5484;203
5486;203
5488;203
5490;203
5492;203
5494;203
5496;203
5498;203
5500;203
5502;203
5504;203
5506;203
5508;203
5510;203
5512;203
5514;203
5516;203
5518;203
5520;203
5522;203
5524;203
5526;203
5528;203
5530;203
5532;203
5534;203
5536;203
5538;203
5540;203
5542;203
5544;203
5546;203
5548;203
5550;203
5552;203
5554;203
5556;203
5558;203
5560;203
5562;203
5564;203
5566;203
5568;203
5570;203
5572;203
5574;203
5576;203
5578;203
5580;203
5582;203
5584;203
5586;203
5588;203
5590;203
5592;203
5594;203
5596;203
5598;203
5600;203
5602;203
5604;203
5606;203
5608;203
5610;203
5612;203
5614;203
5616;203
5618;203
5620;203
5622;203
5624;203
5626;203
5628;203
5630;203
5632;203
5634;203
5636;203
5638;203
5640;203
5642;203
5644;203
5646;203
5648;203
5650;203
5652;203
5654;203
5656;203
5658;203
5660;203
5662;203
5664;203
5666;203
5668;203
5670;203
5672;203
5674;203
5676;203
5678;203
5680;203
5682;203
5684;203
5686;203
5688;203
5690;203
5692;203
5694;203
5696;203
5698;203
5700;203
5702;203
5704;203
5706;203
5708;203
5710;203
5712;203
5714;203
5716;203
5718;203
5720;203
5722;203
5724;203
5726;203
5728;203
5730;203
5732;203
5734;203
5736;203
5738;203
5740;203
5742;203
5744;203
5746;203
5748;203
5750;203
5752;203
5754;203
5756;203
5758;203
5760;203
5762;203
5764;203
5766;203
5768;203
5770;203
5772;203
5774;203
5776;203
5778;203
5780;203
5782;203
5784;203
5786;203
5788;203
5790;203
5792;203
5794;203
5796;203
5798;203
5800;203
5802;203
5804;203
5806;203
5808;203
5810;203
5812;203
5814;203
5816;203
5818;203
5820;203
5822;203
5824;203
5826;203
5828;203
5830;203
5832;203
5834;203
5836;203
5838;203
5840;203
5842;203
5844;203
5846;203
5848;203
5850;203
5852;203
5854;203
5856;203
5858;203
5860;203
5862;203
5864;203
5866;203
5868;203
5870;203
5872;203
5874;203
5876;203
5878;203
5880;203
5882;203
5884;203
5886;203
5888;203
5890;203
5892;203
5894;203
5896;203
5898;203
5900;203
5902;203
5904;203
5906;203
5908;203
5910;203
5912;203
5914;203
5916;203
5918;203
5920;203
5922;203
5924;203
5926;203
5928;203
5930;203
5932;203
5934;203
5936;203
5938;203
5940;203
5942;203
5944;203
5946;203
5948;203
5950;203
5952;203
5954;203
5956;203
5958;203
5960;203
5962;203
5964;203
5966;203
5968;203
5970;203
5972;203
5974;203
5976;203
5978;203
5980;203
5982;203
5984;203
5986;203
5988;203
5990;203
5992;203
5994;203
5996;203
5998;203
6000;203
6002;203
6004;203
6006;203
6008;203
6010;203
6012;203
6014;203
6016;203
6018;203
6020;203
6022;203
6024;203
6026;203
6028;203
6030;203
6032;203
6034;203
6036;203
6038;203
6040;203
6042;203
6044;203
6046;203
6048;203
6050;203
6052;203
6054;203
6056;203
6058;203
6060;203
6062;203
6064;203
6066;203
6068;203
6070;203
6072;203
6074;203
6076;203
6078;203
6080;203
6082;203
6084;203
6086;203
6088;203
6090;203
6092;203
6094;203
6096;203
6098;203
6100;203
6102;203
6104;203
6106;203
6108;203
6110;203
6112;203
6114;203
6116;203
6118;203
6120;203
6122;203
6124;203
6126;203
6128;203
6130;203
6132;203
6134;203
6136;203
6138;203
6140;203
6142;203
6144;203
6146;203
6148;203
6150;203
6152;203
6154;203
6156;203
6158;203
6160;203
6162;203
6164;203
6166;203
6168;203
6170;203
6172;203
6174;203
6176;203
6178;203
6180;203
6182;203
6184;203
6186;203
6188;203
6190;203
6192;203
6194;203
6196;203
6198;203
6200;203
6202;203
6204;203
6206;203
6208;203
6210;203
6212;203
6214;203
6216;203
6218;203
6220;203
6222;203
6224;203
6226;203
6228;203
6230;203
6232;203
6234;203
6236;203
6238;203
6240;203
6242;203
6244;203
6246;203
6248;203
6250;203
6252;203
6254;203
6256;203
6258;203
6260;203
6262;203
6264;203
6266;203
6268;203
6270;203
6272;203
6274;203
6276;203
6278;203
6280;203
6282;203
6284;203
6286;203
6288;203
6290;203
6292;203
6294;203
6296;203
6298;203
6300;195
6302;195
6304;195
6306;195
6308;195
6310;195
6312;195
6314;195
6316;195
6318;195
6320;195
6322;195
6324;195
6326;195
6328;195
6330;195
6332;195
6334;195
6336;195
6338;195
6340;195
6342;195
6344;195
6346;195
6348;195
6350;195
6352;195
6354;195
6356;195
6358;195
6360;195
6362;195
6364;195
6366;195
6368;195
6370;195
6372;195
6374;195
6376;195
6378;195
6380;195
6382;195
6384;195
6386;195
6388;195
6390;195
6392;195
6394;195
6396;195
6398;195
6400;195
6402;195
6404;195
6406;195
6408;195
6410;195
6412;195
6414;195
6416;195
6418;195
6420;195
6422;195
6424;195
6426;195
6428;195
6430;195
6432;195
6434;195
6436;195
6438;195
6440;195
6442;195
6444;195
6446;195
6448;195
6450;195
6452;195
6454;195
6456;195
6458;195
6460;195
6462;195
6464;195
6466;195
6468;195
6470;195
6472;195
6474;195
6476;195
6478;195
6480;195
6482;195
6484;195
6486;195
6488;195
6490;195
6492;195
6494;195
6496;195
6498;195
6500;195
6502;195
6504;195
6506;195
6508;195
6510;195
6512;195
6514;195
6516;195
6518;195
6520;195
6522;195
6524;195
6526;195
6528;195
6530;195
6532;195
6534;195
6536;195
6538;195
6540;195
6542;195
6544;195
6546;195
6548;195
6550;195
6552;195
6554;195
6556;195
6558;195
6560;195
6562;195
6564;195
6566;195
6568;195
6570;195
6572;195
6574;195
6576;195
6578;195
6580;195
6582;195
6584;195
6586;195
6588;195
6590;195
6592;195
6594;195
6596;195
6598;195
6600;195
6602;195
6604;195
6606;195
6608;195
6610;195
6612;195
6614;195
6616;195
6618;195
6620;195
6622;195
6624;195
6626;195
6628;195
6630;195
6632;195
6634;195
6636;195
6638;195
6640;195
6642;195
6644;195
6646;195
6648;195
6650;195
6652;195
6654;195
6656;195
6658;195
6660;195
6662;195
6664;195
6666;195
6668;195
6670;195
6672;195
6674;195
6676;195
6678;195
6680;195
6682;195
6684;195
6686;195
6688;195
6690;195
6692;195
6694;195
6696;195
6698;195
6700;195
6702;195
6704;195
6706;195
6708;195
6710;195
6712;195
6714;195
6716;195
6718;195
6720;195
6722;195
6724;195
6726;195
6728;195
6730;195
6732;195
6734;195
6736;195
6738;195
6740;195
6742;195
6744;195
6746;195
6748;195
6750;195
6752;195
6754;195
6756;195
6758;195
6760;195
6762;195
6764;195
6766;195
6768;195
6770;195
6772;195
6774;195
6776;195
6778;195
6780;195
6782;195
6784;195
6786;195
6788;195
6790;195
6792;195
6794;195
6796;195
6798;195
6800;195
6802;195
6804;195
6806;195
6808;195
6810;195
6812;195
6814;195
6816;195
6818;195
6820;195
6822;195
6824;195
6826;195
6828;195
6830;195
6832;195
6834;195
6836;195
6838;195
6840;195
6842;195
6844;195
6846;195
6848;195
6850;195
6852;195
6854;195
6856;195
6858;195
6860;195
6862;195
6864;195
6866;195
6868;195
6870;195
6872;195
6874;195
6876;195
6878;195
6880;195
6882;195
6884;195
6886;195
6888;195
6890;195
6892;195
6894;195
6896;195
6898;195
6900;195
6902;195
6904;195
6906;195
6908;195
6910;195
6912;195
6914;195
6916;195
6918;195
6920;195
6922;195
6924;195
6926;195
6928;195
6930;195
6932;195
6934;195
6936;195
6938;195
6940;195
6942;195
6944;195
6946;195
6948;195
6950;195
6952;195
6954;195
6956;195
6958;195
6960;195
6962;195
6964;195
6966;195
6968;195
6970;195
6972;195
6974;195
6976;195
6978;195
6980;195
6982;195
6984;195
6986;195
6988;195
6990;195
6992;195
6994;195
6996;195
6998;195
7000;195
7002;195
7004;195
7006;195
7008;195
7010;195
7012;195
7014;195
7016;195
7018;195
7020;195
7022;195
7024;195
7026;195
7028;195
7030;195
7032;195
7034;195
7036;195
7038;195
7040;195
7042;195
7044;195
7046;195
7048;195
7050;195
7052;195
7054;195
7056;195
7058;195
7060;195
7062;195
7064;195
7066;195
7068;195
7070;195
7072;195
7074;195
7076;195
7078;195
7080;195
7082;195
7084;195
7086;195
7088;195
7090;195
7092;195
7094;195
7096;195
7098;195
7100;195
7102;195
7104;195
7106;195
7108;195
7110;195
7112;195
7114;195
7116;195
7118;195
7120;195
7122;195
7124;195
7126;195
7128;195
7130;195
7132;195
7134;195
7136;195
7138;195
7140;195
7142;195
7144;195
7146;195
7148;195
7150;195
7152;195
7154;195
7156;195
7158;195
7160;195
7162;195
7164;195
7166;195
7168;195
7170;195
7172;195
7174;195
7176;195
7178;195
7180;195
7182;195
7184;195
7186;195
7188;195
7190;195
7192;195
7194;195
7196;195
7198;195
7200;196
7202;196
7204;196
7206;196
7208;196
7210;196
7212;196
7214;196
7216;196
7218;196
7220;196
7222;196
7224;196
7226;196
7228;196
7230;196
7232;196
7234;196
7236;196
7238;196
7240;196
7242;196
7244;196
7246;196
7248;196
7250;196
7252;196
7254;196
7256;196
7258;196
7260;196
7262;196
7264;196
7266;196
7268;196
7270;196
7272;196
7274;196
7276;196
7278;196
7280;196
7282;196
7284;196
7286;196
7288;196
7290;196
7292;196
7294;196
7296;196
7298;196
7300;196
7302;196
7304;196
7306;196
7308;196
7310;196
7312;196
7314;196
7316;196
7318;196
7320;196
7322;196
7324;196
7326;196
7328;196
7330;196
7332;196
7334;196
7336;196
7338;196
7340;196
7342;196
7344;196
7346;196
7348;196
7350;196
7352;196
7354;196
7356;196
7358;196
7360;196
7362;196
7364;196
7366;196
7368;196
7370;196
7372;196
7374;196
7376;196
7378;196
7380;196
7382;196
7384;196
7386;196
7388;196
7390;196
7392;196
7394;196
7396;196
7398;196
7400;196
7402;196
7404;196
7406;196
7408;196
7410;196
7412;196
7414;196
7416;196
7418;196
7420;196
7422;196
7424;196
7426;196
7428;196
7430;196
7432;196
7434;196
7436;196
7438;196
7440;196
7442;196
7444;196
7446;196
7448;196
7450;196
7452;196
7454;196
7456;196
7458;196
7460;196
7462;196
7464;196
7466;196
7468;196
7470;196
7472;196
7474;196
7476;196
7478;196
7480;196
7482;196
7484;196
7486;196
7488;196
7490;196
7492;196
7494;196
7496;196
7498;196
7500;196
7502;196
7504;196
7506;196
7508;196
7510;196
7512;196
7514;196
7516;196
7518;196
7520;196
7522;196
7524;196
7526;196
7528;196
7530;196
7532;196
7534;196
7536;196
7538;196
7540;196
7542;196
7544;196
7546;196
7548;196
7550;196
7552;196
7554;196
7556;196
7558;196
7560;196
7562;196
7564;196
7566;196
7568;196
7570;196
7572;196
7574;196
7576;196
7578;196
7580;196
7582;196
7584;196
7586;196
7588;196
7590;196
7592;196
7594;196
7596;196
7598;196
7600;196
7602;196
7604;196
7606;196
7608;196
7610;196
7612;196
7614;196
7616;196
7618;196
7620;196
7622;196
7624;196
7626;196
7628;196
7630;196
7632;196
7634;196
7636;196
7638;196
7640;196
7642;196
7644;196
7646;196
7648;196
7650;196
7652;196
7654;196
7656;196
7658;196
7660;196
7662;196
7664;196
7666;196
7668;196
7670;196
7672;196
7674;196
7676;196
7678;196
7680;196
7682;196
7684;196
7686;196
7688;196
7690;196
7692;196
7694;196
7696;196
7698;196
7700;196
7702;196
7704;196
7706;196
7708;196
7710;196
7712;196
7714;196
7716;196
7718;196
7720;196
7722;196
7724;196
7726;196
7728;196
7730;196
7732;196
7734;196
7736;196
7738;196
7740;196
7742;196
7744;196
7746;196
7748;196
7750;196
7752;196
7754;196
7756;196
7758;196
7760;196
7762;196
7764;196
7766;196
7768;196
7770;196
7772;196
7774;196
7776;196
7778;196
7780;196
7782;196
7784;196
7786;196
7788;196
7790;196
7792;196
7794;196
7796;196
7798;196
7800;196
7802;196
7804;196
7806;196
7808;196
7810;196
7812;196
7814;196
7816;196
7818;196
7820;196
7822;196
7824;196
7826;196
7828;196
7830;196
7832;196
7834;196
7836;196
7838;196
7840;196
7842;196
7844;196
7846;196
7848;196
7850;196
7852;196
7854;196
7856;196
7858;196
7860;196
7862;196
7864;196
7866;196
7868;196
7870;196
7872;196
7874;196
7876;196
7878;196
7880;196
7882;196
7884;196
7886;196
7888;196
7890;196
7892;196
7894;196
7896;196
7898;196
7900;196
7902;196
7904;196
7906;196
7908;196
7910;196
7912;196
7914;196
7916;196
7918;196
7920;196
7922;196
7924;196
7926;196
7928;196
7930;196
7932;196
7934;196
7936;196
7938;196
7940;196
7942;196
7944;196
7946;196
7948;196
7950;196
7952;196
7954;196
7956;196
7958;196
7960;196
7962;196
7964;196
7966;196
7968;196
7970;196
7972;196
7974;196
7976;196
7978;196
7980;196
7982;196
7984;196
7986;196
7988;196
7990;196
7992;196
7994;196
7996;196
7998;196
8000;196
8002;196
8004;196
8006;196
8008;196
8010;196
8012;196
8014;196
8016;196
8018;196
8020;196
8022;196
8024;196
8026;196
8028;196
8030;196
8032;196
8034;196
8036;196
8038;196
8040;196
8042;196
8044;196
8046;196
8048;196
8050;196
8052;196
8054;196
8056;196
8058;196
8060;196
8062;196
8064;196
8066;196
8068;196
8070;196
8072;196
8074;196
8076;196
8078;196
8080;196
8082;196
8084;196
8086;196
8088;196
8090;196
8092;196
8094;196
8096;196
8098;196
8100;38
8102;38
8104;38
8106;38
8108;38
8110;38
8112;38
8114;38
8116;38
8118;38
8120;38
8122;38
8124;38
8126;38
8128;38
8130;38
8132;38
8134;38
8136;38
8138;38
8140;38
8142;38
8144;38
8146;38
8148;38
8150;38
8152;38
8154;38
8156;38
8158;38
8160;38
8162;38
8164;38
8166;38
8168;38
8170;38
8172;38
8174;38
8176;38
8178;38
8180;38
8182;38
8184;38
8186;38
8188;38
8190;38
8192;38
8194;38
8196;38
8198;38
8200;38
8202;38
8204;38
8206;38
8208;38
8210;38
8212;38
8214;38
8216;38
8218;38
8220;38
8222;38
8224;38
8226;38
8228;38
8230;38
8232;38
8234;38
8236;38
8238;38
8240;38
8242;38
8244;38
8246;38
8248;38
8250;38
8252;38
8254;38
8256;38
8258;38
8260;38
8262;38
8264;38
8266;38
8268;38
8270;38
8272;38
8274;38
8276;38
8278;38
8280;38
8282;38
8284;38
8286;38
8288;38
8290;38
8292;38
8294;38
8296;38
8298;38
8300;38
8302;38
8304;38
8306;38
8308;38
8310;38
8312;38
8314;38
8316;38
8318;38
8320;38
8322;38
8324;38
8326;38
8328;38
8330;38
8332;38
8334;38
8336;38
8338;38
8340;38
8342;38
8344;38
8346;38
8348;38
8350;38
8352;38
8354;38
8356;38
8358;38
8360;38
8362;38
8364;38
8366;38
8368;38
8370;38
8372;38
8374;38
8376;38
8378;38
8380;38
8382;38
8384;38
8386;38
8388;38
8390;38
8392;38
8394;38
8396;38
8398;38
8400;38
8402;38
8404;38
8406;38
8408;38
8410;38
8412;38
8414;38
8416;38
8418;38
8420;38
8422;38
8424;38
8426;38
8428;38
8430;38
8432;38
8434;38
8436;38
8438;38
8440;38
8442;38
8444;38
8446;38
8448;38
8450;38
8452;38
8454;38
8456;38
8458;38
8460;38
8462;38
8464;38
8466;38
8468;38
8470;38
8472;38
8474;38
8476;38
8478;38
8480;38
8482;38
8484;38
8486;38
8488;38
8490;38
8492;38
8494;38
8496;38
8498;38
8500;38
8502;38
8504;38
8506;38
8508;38
8510;38
8512;38
8514;38
8516;38
8518;38
8520;38
8522;38
8524;38
8526;38
8528;38
8530;38
8532;38
8534;38
8536;38
8538;38
8540;38
8542;38
8544;38
8546;38
8548;38
8550;38
8552;38
8554;38
8556;38
8558;38
8560;38
8562;38
8564;38
8566;38
8568;38
8570;38
8572;38
8574;38
8576;38
8578;38
8580;38
8582;38
8584;38
8586;38
8588;38
8590;38
8592;38
8594;38
8596;38
8598;38
8600;38
8602;38
8604;38
8606;38
8608;38
8610;38
8612;38
8614;38
8616;38
8618;38
8620;38
8622;38
8624;38
8626;38
8628;38
8630;38
8632;38
8634;38
8636;38
8638;38
8640;38
8642;38
8644;38
8646;38
8648;38
8650;38
8652;38
8654;38
8656;38
8658;38
8660;38
8662;38
8664;38
8666;38
8668;38
8670;38
8672;38
8674;38
8676;38
8678;38
8680;38
8682;38
8684;38
8686;38
8688;38
8690;38
8692;38
8694;38
8696;38
8698;38
8700;38
8702;38
8704;38
8706;38
8708;38
8710;38
8712;38
8714;38
8716;38
8718;38
8720;38
8722;38
8724;38
8726;38
8728;38
8730;38
8732;38
8734;38
8736;38
8738;38
8740;38
8742;38
8744;38
8746;38
8748;38
8750;38
8752;38
8754;38
8756;38
8758;38
8760;38
8762;38
8764;38
8766;38
8768;38
8770;38
8772;38
8774;38
8776;38
8778;38
8780;38
8782;38
8784;38
8786;38
8788;38
8790;38
8792;38
8794;38
8796;38
8798;38
8800;38
8802;38
8804;38
8806;38
8808;38
8810;38
8812;38
8814;38
8816;38
8818;38
8820;38
8822;38
8824;38
8826;38
8828;38
8830;38
8832;38
8834;38
8836;38
8838;38
8840;38
8842;38
8844;38
8846;38
8848;38
8850;38
8852;38
8854;38
8856;38
8858;38
8860;38
8862;38
8864;38
8866;38
8868;38
8870;38
8872;38
8874;38
8876;38
8878;38
8880;38
8882;38
8884;38
8886;38
8888;38
8890;38
8892;38
8894;38
8896;38
8898;38
8900;38
8902;38
8904;38
8906;38
8908;38
8910;38
8912;38
8914;38
8916;38
8918;38
8920;38
8922;38
8924;38
8926;38
8928;38
8930;38
8932;38
8934;38
8936;38
8938;38
8940;38
8942;38
8944;38
8946;38
8948;38
8950;38
8952;38
8954;38
8956;38
8958;38
8960;38
8962;38
8964;38
8966;38
8968;38
8970;38
8972;38
8974;38
8976;38
8978;38
8980;38
8982;38
8984;38
8986;38
8988;38
8990;38
8992;38
8994;38
8996;38
8998;38
9000;34
9002;34
9004;34
9006;34
9008;34
9010;34
9012;34
9014;34
9016;34
9018;34
9020;34
9022;34
9024;34
9026;34
9028;34
9030;34
9032;34
9034;34
9036;34
9038;34
9040;34
9042;34
9044;34
9046;34
9048;34
9050;34
9052;34
9054;34
9056;34
9058;34
9060;34
9062;34
9064;34
9066;34
9068;34
9070;34
9072;34
9074;34
9076;34
9078;34
9080;34
9082;34
9084;34
9086;34
9088;34
9090;34
9092;34
9094;34
9096;34
9098;34
9100;34
9102;34
9104;34
9106;34
9108;34
9110;34
9112;34
9114;34
9116;34
9118;34
9120;34
9122;34
9124;34
9126;34
9128;34
9130;34
9132;34
9134;34
9136;34
9138;34
9140;34
9142;34
9144;34
9146;34
9148;34
9150;34
9152;34
9154;34
9156;34
9158;34
9160;34
9162;34
9164;34
9166;34
9168;34
9170;34
9172;34
9174;34
9176;34
9178;34
9180;34
9182;34
9184;34
9186;34
9188;34
9190;34
9192;34
9194;34
9196;34
9198;34
9200;34
9202;34
9204;34
9206;34
9208;34
9210;34
9212;34
9214;34
9216;34
9218;34
9220;34
9222;34
9224;34
9226;34
9228;34
9230;34
9232;34
9234;34
9236;34
9238;34
9240;34
9242;34
9244;34
9246;34
9248;34
9250;34
9252;34
9254;34
9256;34
9258;34
9260;34
9262;34
9264;34
9266;34
9268;34
9270;34
9272;34
9274;34
9276;34
9278;34
9280;34
9282;34
9284;34
9286;34
9288;34
9290;34
9292;34
9294;34
9296;34
9298;34
9300;34
9302;34
9304;34
9306;34
9308;34
9310;34
9312;34
9314;34
9316;34
9318;34
9320;34
9322;34
9324;34
9326;34
9328;34
9330;34
9332;34
9334;34
9336;34
9338;34
9340;34
9342;34
9344;34
9346;34
9348;34
9350;34
9352;34
9354;34
9356;34
9358;34
9360;34
9362;34
9364;34
9366;34
9368;34
9370;34
9372;34
9374;34
9376;34
9378;34
9380;34
9382;34
9384;34
9386;34
9388;34
9390;34
9392;34
9394;34
9396;34
9398;34
9400;34
9402;34
9404;34
9406;34
9408;34
9410;34
9412;34
9414;34
9416;34
9418;34
9420;34
9422;34
9424;34
9426;34
9428;34
9430;34
9432;34
9434;34
9436;34
9438;34
9440;34
9442;34
9444;34
9446;34
9448;34
9450;34
9452;34
9454;34
9456;34
9458;34
9460;34
9462;34
9464;34
9466;34
9468;34
9470;34
9472;34
9474;34
9476;34
9478;34
9480;34
9482;34
9484;34
9486;34
9488;34
9490;34
9492;34
9494;34
9496;34
9498;34
9500;34
9502;34
9504;34
9506;34
9508;34
9510;34
9512;34
9514;34
9516;34
9518;34
9520;34
9522;34
9524;34
9526;34
9528;34
9530;34
9532;34
9534;34
9536;34
9538;34
9540;34
9542;34
9544;34
9546;34
9548;34
9550;34
9552;34
9554;34
9556;34
9558;34
9560;34
9562;34
9564;34
9566;34
9568;34
9570;34
9572;34
9574;34
9576;34
9578;34
9580;34
9582;34
9584;34
9586;34
9588;34
9590;34
9592;34
9594;34
9596;34
9598;34
9600;34
9602;34
9604;34
9606;34
9608;34
9610;34
9612;34
9614;34
9616;34
9618;34
9620;34
9622;34
9624;34
9626;34
9628;34
9630;34
9632;34
9634;34
9636;34
9638;34
9640;34
9642;34
9644;34
9646;34
9648;34
9650;34
9652;34
9654;34
9656;34
9658;34
9660;34
9662;34
9664;34
9666;34
9668;34
9670;34
9672;34
9674;34
9676;34
9678;34
9680;34
9682;34
9684;34
9686;34
9688;34
9690;34
9692;34
9694;34
9696;34
9698;34
9700;34
9702;34
9704;34
9706;34
9708;34
9710;34
9712;34
9714;34
9716;34
9718;34
9720;34
9722;34
9724;34
9726;34
9728;34
9730;34
9732;34
9734;34
9736;34
9738;34
9740;34
9742;34
9744;34
9746;34
9748;34
9750;34
9752;34
9754;34
9756;34
9758;34
9760;34
9762;34
9764;34
9766;34
9768;34
9770;34
9772;34
9774;34
9776;34
9778;34
9780;34
9782;34
9784;34
9786;34
9788;34
9790;34
9792;34
9794;34
9796;34
9798;34
9800;34
9802;34
9804;34
9806;34
9808;34
9810;34
9812;34
9814;34
9816;34
9818;34
9820;34
9822;34
9824;34
9826;34
9828;34
9830;34
9832;34
9834;34
9836;34
9838;34
9840;34
9842;34
9844;34
9846;34
9848;34
9850;34
9852;34
9854;34
9856;34
9858;34
9860;34
9862;34
9864;34
9866;34
9868;34
9870;34
9872;34
9874;34
9876;34
9878;34
9880;34
9882;34
9884;34
9886;34
9888;34
9890;34
9892;34
9894;34
9896;34
9898;34
9900;128
9902;128
9904;128
9906;128
9908;128
9910;128
9912;128
9914;128
9916;128
9918;128
9920;128
9922;128
9924;128
9926;128
9928;128
9930;128
9932;128
9934;128
9936;128
9938;128
9940;128
9942;128
9944;128
9946;128
9948;128
9950;128
9952;128
9954;128
9956;128
9958;128
9960;128
9962;128
9964;128
9966;128
9968;128
9970;128
9972;128
9974;128
9976;128
9978;128
9980;128
9982;128
9984;128
9986;128
9988;128
9990;128
9992;128
9994;128
9996;128
9998;128
10000;128
10002;128
10004;128
10006;128
10008;128
10010;128
10012;128
10014;128
10016;128
10018;128
10020;128
10022;128
10024;128
10026;128
10028;128
10030;128
10032;128
10034;128
10036;128
10038;128
10040;128
10042;128
10044;128
10046;128
10048;128
10050;128
10052;128
10054;128
10056;128
10058;128
10060;128
10062;128
10064;128
10066;128
10068;128
10070;128
10072;128
10074;128
10076;128
10078;128
10080;128
10082;128
10084;128
10086;128
10088;128
10090;128
10092;128
10094;128
10096;128
10098;128
10100;128
10102;128
10104;128
10106;128
10108;128
10110;128
10112;128
10114;128
10116;128
10118;128
10120;128
10122;128
10124;128
10126;128
10128;128
10130;128
10132;128
10134;128
10136;128
10138;128
10140;128
10142;128
10144;128
10146;128
10148;128
10150;128
10152;128
10154;128
10156;128
10158;128
10160;128
10162;128
10164;128
10166;128
10168;128
10170;128
10172;128
10174;128
10176;128
10178;128
10180;128
10182;128
10184;128
10186;128
10188;128
10190;128
10192;128
10194;128
10196;128
10198;128
10200;128
10202;128
10204;128
10206;128
10208;128
10210;128
10212;128
10214;128
10216;128
10218;128
10220;128
10222;128
10224;128
10226;128
10228;128
10230;128
10232;128
10234;128
10236;128
10238;128
10240;128
10242;128
10244;128
10246;128
10248;128
10250;128
10252;128
10254;128
10256;128
10258;128
10260;128
10262;128
10264;128
10266;128
10268;128
10270;128
10272;128
10274;128
10276;128
10278;128
10280;128
10282;128
10284;128
10286;128
10288;128
10290;128
10292;128
10294;128
10296;128
10298;128
10300;128
10302;128
10304;128
10306;128
10308;128
10310;128
10312;128
10314;128
10316;128
10318;128
10320;128
10322;128
10324;128
10326;128
10328;128
10330;128
10332;128
10334;128
10336;128
10338;128
10340;128
10342;128
10344;128
10346;128
10348;128
10350;128
10352;128
10354;128
10356;128
10358;128
10360;128
10362;128
10364;128
10366;128
10368;128
10370;128
10372;128
10374;128
10376;128
10378;128
10380;128
10382;128
10384;128
10386;128
10388;128
10390;128
10392;128
10394;128
10396;128
10398;128
10400;128
10402;128
10404;128
10406;128
10408;128
10410;128
10412;128
10414;128
10416;128
10418;128
10420;128
10422;128
10424;128
10426;128
10428;128
10430;128
10432;128
10434;128
10436;128
10438;128
10440;128
10442;128
10444;128
10446;128
10448;128
10450;128
10452;128
10454;128
10456;128
10458;128
10460;128
10462;128
10464;128
10466;128
10468;128
10470;128
10472;128
10474;128
10476;128
10478;128
10480;128
10482;128
10484;128
10486;128
10488;128
10490;128
10492;128
10494;128
10496;128
10498;128
10500;128
10502;128
10504;128
10506;128
10508;128
10510;128
10512;128
10514;128
10516;128
10518;128
10520;128
10522;128
10524;128
10526;128
10528;128
10530;128
10532;128
10534;128
10536;128
10538;128
10540;128
10542;128
10544;128
10546;128
10548;128
10550;128
10552;128
10554;128
10556;128
10558;128
10560;128
10562;128
10564;128
10566;128
10568;128
10570;128
10572;128
10574;128
10576;128
10578;128
10580;128
10582;128
10584;128
10586;128
10588;128
10590;128
10592;128
10594;128
10596;128
10598;128
10600;128
10602;128
10604;128
10606;128
10608;128
10610;128
10612;128
10614;128
10616;128
10618;128
10620;128
10622;128
10624;128
10626;128
10628;128
10630;128
10632;128
10634;128
10636;128
10638;128
10640;128
10642;128
10644;128
10646;128
10648;128
10650;128
10652;128
10654;128
10656;128
10658;128
10660;128
10662;128
10664;128
10666;128
10668;128
10670;128
10672;128
10674;128
10676;128
10678;128
10680;128
10682;128
10684;128
10686;128
10688;128
10690;128
10692;128
10694;128
10696;128
10698;128
10700;128
10702;128
10704;128
10706;128
10708;128
10710;128
10712;128
10714;128
10716;128
10718;128
10720;128
10722;128
10724;128
10726;128
10728;128
10730;128
10732;128
10734;128
10736;128
10738;128
10740;128
10742;128
10744;128
10746;128
10748;128
10750;128
10752;128
10754;128
10756;128
10758;128
10760;128
10762;128
10764;128
10766;128
10768;128
10770;128
10772;128
10774;128
10776;128
10778;128
10780;128
10782;128
10784;128
10786;128
10788;128
10790;128
10792;128
10794;128
10796;128
10798;128
10800;209
10802;209
10804;209
10806;209
10808;209
10810;209
10812;209
10814;209
10816;209
10818;209
10820;209
10822;209
10824;209
10826;209
10828;209
10830;209
10832;209
10834;209
10836;209
10838;209
10840;209
10842;209
10844;209
10846;209
10848;209
10850;209
10852;209
10854;209
10856;209
10858;209
10860;209
10862;209
10864;209
10866;209
10868;209
10870;209
10872;209
10874;209
10876;209
10878;209
10880;209
10882;209
10884;209
10886;209
10888;209
10890;209
10892;209
10894;209
10896;209
10898;209
10900;209
10902;209
10904;209
10906;209
10908;209
10910;209
10912;209
10914;209
10916;209
10918;209
10920;209
10922;209
10924;209
10926;209
10928;209
10930;209
10932;209
10934;209
10936;209
10938;209
10940;209
10942;209
10944;209
10946;209
10948;209
10950;209
10952;209
10954;209
10956;209
10958;209
10960;209
10962;209
10964;209
10966;209
10968;209
10970;209
10972;209
10974;209
10976;209
10978;209
10980;209
10982;209
10984;209
10986;209
10988;209
10990;209
10992;209
10994;209
10996;209
10998;209
11000;209
11002;209
11004;209
11006;209
11008;209
11010;209
11012;209
11014;209
11016;209
11018;209
11020;209
11022;209
11024;209
11026;209
11028;209
11030;209
11032;209
11034;209
11036;209
11038;209
11040;209
11042;209
11044;209
11046;209
11048;209
11050;209
11052;209
11054;209
11056;209
11058;209
11060;209
11062;209
11064;209
11066;209
11068;209
11070;209
11072;209
11074;209
11076;209
11078;209
11080;209
11082;209
11084;209
11086;209
11088;209
11090;209
11092;209
11094;209
11096;209
11098;209
11100;209
11102;209
11104;209
11106;209
11108;209
11110;209
11112;209
11114;209
11116;209
11118;209
11120;209
11122;209
11124;209
11126;209
11128;209
11130;209
11132;209
11134;209
11136;209
11138;209
11140;209
11142;209
11144;209
11146;209
11148;209
11150;209
11152;209
11154;209
11156;209
11158;209
11160;209
11162;209
11164;209
11166;209
11168;209
11170;209
11172;209
11174;209
11176;209
11178;209
11180;209
11182;209
11184;209
11186;209
11188;209
11190;209
11192;209
11194;209
11196;209
11198;209
11200;209
11202;209
11204;209
11206;209
11208;209
11210;209
11212;209
11214;209
11216;209
11218;209
11220;209
11222;209
11224;209
11226;209
11228;209
11230;209
11232;209
11234;209
11236;209
11238;209
11240;209
11242;209
11244;209
11246;209
11248;209
11250;209
11252;209
11254;209
11256;209
11258;209
11260;209
11262;209
11264;209
11266;209
11268;209
11270;209
11272;209
11274;209
11276;209
11278;209
11280;209
11282;209
11284;209
11286;209
11288;209
11290;209
11292;209
11294;209
11296;209
11298;209
11300;209
11302;209
11304;209
11306;209
11308;209
11310;209
11312;209
11314;209
11316;209
11318;209
11320;209
11322;209
11324;209
11326;209
11328;209
11330;209
11332;209
11334;209
11336;209
11338;209
11340;209
11342;209
11344;209
11346;209
11348;209
11350;209
11352;209
11354;209
11356;209
11358;209
11360;209
11362;209
11364;209
11366;209
11368;209
11370;209
11372;209
11374;209
11376;209
11378;209
11380;209
11382;209
11384;209
11386;209
11388;209
11390;209
11392;209
11394;209
11396;209
11398;209
11400;209
11402;209
11404;209
11406;209
11408;209
11410;209
11412;209
11414;209
11416;209
11418;209
11420;209
11422;209
11424;209
11426;209
11428;209
11430;209
11432;209
11434;209
11436;209
11438;209
11440;209
11442;209
11444;209
11446;209
11448;209
11450;209
11452;209
11454;209
11456;209
11458;209
11460;209
11462;209
11464;209
11466;209
11468;209
11470;209
11472;209
11474;209
11476;209
11478;209
11480;209
11482;209
11484;209
11486;209
11488;209
11490;209
11492;209
11494;209
11496;209
11498;209
11500;209
11502;209
11504;209
11506;209
11508;209
11510;209
11512;209
11514;209
11516;209
11518;209
11520;209
11522;209
11524;209
11526;209
11528;209
11530;209
11532;209
11534;209
11536;209
11538;209
11540;209
11542;209
11544;209
11546;209
11548;209
11550;209
11552;209
11554;209
11556;209
11558;209
11560;209
11562;209
11564;209
11566;209
11568;209
11570;209
11572;209
11574;209
11576;209
11578;209
11580;209
11582;209
11584;209
11586;209
11588;209
11590;209
11592;209
11594;209
11596;209
11598;209
11600;209
11602;209
11604;209
11606;209
11608;209
11610;209
11612;209
11614;209
11616;209
11618;209
11620;209
11622;209
11624;209
11626;209
11628;209
11630;209
11632;209
11634;209
11636;209
11638;209
11640;209
11642;209
11644;209
11646;209
11648;209
11650;209
11652;209
11654;209
11656;209
11658;209
11660;209
11662;209
11664;209
11666;209
11668;209
11670;209
11672;209
11674;209
11676;209
11678;209
11680;209
11682;209
11684;209
11686;209
11688;209
11690;209
11692;209
11694;209
11696;209
11698;209
11700;118
11702;118
11704;118
11706;118
11708;118
11710;118
11712;118
11714;118
11716;118
11718;118
11720;118
11722;118
11724;118
11726;118
11728;118
11730;118
11732;118
11734;118
11736;118
11738;118
11740;118
11742;118
11744;118
11746;118
11748;118
11750;118
11752;118
11754;118
11756;118
11758;118
11760;118
11762;118
11764;118
11766;118
11768;118
11770;118
11772;118
11774;118
11776;118
11778;118
11780;118
11782;118
11784;118
11786;118
11788;118
11790;118
11792;118
11794;118
11796;118
11798;118
11800;118
11802;118
11804;118
11806;118
11808;118
11810;118
11812;118
11814;118
11816;118
11818;118
11820;118
11822;118
11824;118
11826;118
11828;118
11830;118
11832;118
11834;118
11836;118
11838;118
11840;118
11842;118
11844;118
11846;118
11848;118
11850;118
11852;118
11854;118
11856;118
11858;118
11860;118
11862;118
11864;118
11866;118
11868;118
11870;118
11872;118
11874;118
11876;118
11878;118
11880;118
11882;118
11884;118
11886;118
11888;118
11890;118
11892;118
11894;118
11896;118
11898;118
11900;118
11902;118
11904;118
11906;118
11908;118
11910;118
11912;118
11914;118
11916;118
11918;118
11920;118
11922;118
11924;118
11926;118
11928;118
11930;118
11932;118
11934;118
11936;118
11938;118
11940;118
11942;118
11944;118
11946;118
11948;118
11950;118
11952;118
11954;118
11956;118
11958;118
11960;118
11962;118
11964;118
11966;118
11968;118
11970;118
11972;118
11974;118
11976;118
11978;118
11980;118
11982;118
11984;118
11986;118
11988;118
11990;118
11992;118
11994;118
11996;118
11998;118
12000;118
12002;118
12004;118
12006;118
12008;118
12010;118
12012;118
12014;118
12016;118
12018;118
12020;118
12022;118
12024;118
12026;118
12028;118
12030;118
12032;118
12034;118
12036;118
12038;118
12040;118
12042;118
12044;118
12046;118
12048;118
12050;118
12052;118
12054;118
12056;118
12058;118
12060;118
12062;118
12064;118
12066;118
12068;118
12070;118
12072;118
12074;118
12076;118
12078;118
12080;118
12082;118
12084;118
12086;118
12088;118
12090;118
12092;118
12094;118
12096;118
12098;118
12100;118
12102;118
12104;118
12106;118
12108;118
12110;118
12112;118
12114;118
12116;118
12118;118
12120;118
12122;118
12124;118
12126;118
12128;118
12130;118
12132;118
12134;118
12136;118
12138;118
12140;118
12142;118
12144;118
12146;118
12148;118
12150;118
12152;118
12154;118
12156;118
12158;118
12160;118
12162;118
12164;118
12166;118
12168;118
12170;118
12172;118
12174;118
12176;118
12178;118
12180;118
12182;118
12184;118
12186;118
12188;118
12190;118
12192;118
12194;118
12196;118
12198;118
12200;118
12202;118
12204;118
12206;118
12208;118
12210;118
12212;118
12214;118
12216;118
12218;118
12220;118
12222;118
12224;118
12226;118
12228;118
12230;118
12232;118
12234;118
12236;118
12238;118
12240;118
12242;118
12244;118
12246;118
12248;118
12250;118
12252;118
12254;118
12256;118
12258;118
12260;118
12262;118
12264;118
12266;118
12268;118
12270;118
12272;118
12274;118
12276;118
12278;118
12280;118
12282;118
12284;118
12286;118
12288;118
12290;118
12292;118
12294;118
12296;118
12298;118
12300;118
12302;118
12304;118
12306;118
12308;118
12310;118
12312;118
12314;118
12316;118
12318;118
12320;118
12322;118
12324;118
12326;118
12328;118
12330;118
12332;118
12334;118
12336;118
12338;118
12340;118
12342;118
12344;118
12346;118
12348;118
12350;118
12352;118
12354;118
12356;118
12358;118
12360;118
12362;118
12364;118
12366;118
12368;118
12370;118
12372;118
12374;118
12376;118
12378;118
12380;118
12382;118
12384;118
12386;118
12388;118
12390;118
12392;118
12394;118
12396;118
12398;118
12400;118
12402;118
12404;118
12406;118
12408;118
12410;118
12412;118
12414;118
12416;118
12418;118
12420;118
12422;118
12424;118
12426;118
12428;118
12430;118
12432;118
12434;118
12436;118
12438;118
12440;118
12442;118
12444;118
12446;118
12448;118
12450;118
12452;118
12454;118
12456;118
12458;118
12460;118
12462;118
12464;118
12466;118
12468;118
12470;118
12472;118
12474;118
12476;118
12478;118
12480;118
12482;118
12484;118
12486;118
12488;118
12490;118
12492;118
12494;118
12496;118
12498;118
12500;118
12502;118
12504;118
12506;118
12508;118
12510;118
12512;118
12514;118
12516;118
12518;118
12520;118
12522;118
12524;118
12526;118
12528;118
12530;118
12532;118
12534;118
12536;118
12538;118
12540;118
12542;118
12544;118
12546;118
12548;118
12550;118
12552;118
12554;118
12556;118
12558;118
12560;118
12562;118
12564;118
12566;118
12568;118
12570;118
12572;118
12574;118
12576;118
12578;118
12580;118
12582;118
12584;118
12586;118
12588;118
12590;118
12592;118
12594;118
12596;118
12598;118
12600;39
12602;39
12604;39
12606;39
12608;39
12610;39
12612;39
12614;39
12616;39
12618;39
12620;39
12622;39
12624;39
12626;39
12628;39
12630;39
12632;39
12634;39
12636;39
12638;39
12640;39
12642;39
12644;39
12646;39
12648;39
12650;39
12652;39
12654;39
12656;39
12658;39
12660;39
12662;39
12664;39
12666;39
12668;39
12670;39
12672;39
12674;39
12676;39
12678;39
12680;39
12682;39
12684;39
12686;39
12688;39
12690;39
12692;39
12694;39
12696;39
12698;39
12700;39
12702;39
12704;39
12706;39
12708;39
12710;39
12712;39
12714;39
12716;39
12718;39
12720;39
12722;39
12724;39
12726;39
12728;39
12730;39
12732;39
12734;39
12736;39
12738;39
12740;39
12742;39
12744;39
12746;39
12748;39
12750;39
12752;39
12754;39
12756;39
12758;39
12760;39
12762;39
12764;39
12766;39
12768;39
12770;39
12772;39
12774;39
12776;39
12778;39
12780;39
12782;39
12784;39
12786;39
12788;39
12790;39
12792;39
12794;39
12796;39
12798;39
12800;39
12802;39
12804;39
12806;39
12808;39
12810;39
12812;39
12814;39
12816;39
12818;39
12820;39
12822;39
12824;39
12826;39
12828;39
12830;39
12832;39
12834;39
12836;39
12838;39
12840;39
12842;39
12844;39
12846;39
12848;39
12850;39
12852;39
12854;39
12856;39
12858;39
12860;39
12862;39
12864;39
12866;39
12868;39
12870;39
12872;39
12874;39
12876;39
12878;39
12880;39
12882;39
12884;39
12886;39
12888;39
12890;39
12892;39
12894;39
12896;39
12898;39
12900;39
12902;39
12904;39
12906;39
12908;39
12910;39
12912;39
12914;39
12916;39
12918;39
12920;39
12922;39
12924;39
12926;39
12928;39
12930;39
12932;39
12934;39
12936;39
12938;39
12940;39
12942;39
12944;39
12946;39
12948;39
12950;39
12952;39
12954;39
12956;39
12958;39
12960;39
12962;39
12964;39
12966;39
12968;39
12970;39
12972;39
12974;39
12976;39
12978;39
12980;39
12982;39
12984;39
12986;39
12988;39
12990;39
12992;39
12994;39
12996;39
12998;39
13000;39
13002;39
13004;39
13006;39
13008;39
13010;39
13012;39
13014;39
13016;39
13018;39
13020;39
13022;39
13024;39
13026;39
13028;39
13030;39
13032;39
13034;39
13036;39
13038;39
13040;39
13042;39
13044;39
13046;39
13048;39
13050;39
13052;39
13054;39
13056;39
13058;39
13060;39
13062;39
13064;39
13066;39
13068;39
13070;39
13072;39
13074;39
13076;39
13078;39
13080;39
13082;39
13084;39
13086;39
13088;39
13090;39
13092;39
13094;39
13096;39
13098;39
13100;39
13102;39
13104;39
13106;39
13108;39
13110;39
13112;39
13114;39
13116;39
13118;39
13120;39
13122;39
13124;39
13126;39
13128;39
13130;39
13132;39
13134;39
13136;39
13138;39
13140;39
13142;39
13144;39
13146;39
13148;39
13150;39
13152;39
13154;39
13156;39
13158;39
13160;39
13162;39
13164;39
13166;39
13168;39
13170;39
13172;39
13174;39
13176;39
13178;39
13180;39
13182;39
13184;39
13186;39
13188;39
13190;39
13192;39
13194;39
13196;39
13198;39
13200;39
13202;39
13204;39
13206;39
13208;39
13210;39
13212;39
13214;39
13216;39
13218;39
13220;39
13222;39
13224;39
13226;39
13228;39
13230;39
13232;39
13234;39
13236;39
13238;39
13240;39
13242;39
13244;39
13246;39
13248;39
13250;39
13252;39
13254;39
13256;39
13258;39
13260;39
13262;39
13264;39
13266;39
13268;39
13270;39
13272;39
13274;39
13276;39
13278;39
13280;39
13282;39
13284;39
13286;39
13288;39
13290;39
13292;39
13294;39
13296;39
13298;39
13300;39
13302;39
13304;39
13306;39
13308;39
13310;39
13312;39
13314;39
13316;39
13318;39
13320;39
13322;39
13324;39
13326;39
13328;39
13330;39
13332;39
13334;39
13336;39
13338;39
13340;39
13342;39
13344;39
13346;39
13348;39
13350;39
13352;39
13354;39
13356;39
13358;39
13360;39
13362;39
13364;39
13366;39
13368;39
13370;39
13372;39
13374;39
13376;39
13378;39
13380;39
13382;39
13384;39
13386;39
13388;39
13390;39
13392;39
13394;39
13396;39
13398;39
13400;39
13402;39
13404;39
13406;39
13408;39
13410;39
13412;39
13414;39
13416;39
13418;39
13420;39
13422;39
13424;39
13426;39
13428;39
13430;39
13432;39
13434;39
13436;39
13438;39
13440;39
13442;39
13444;39
13446;39
13448;39
13450;39
13452;39
13454;39
13456;39
13458;39
13460;39
13462;39
13464;39
13466;39
13468;39
13470;39
13472;39
13474;39
13476;39
13478;39
13480;39
13482;39
13484;39
13486;39
13488;39
13490;39
13492;39
13494;39
13496;39
13498;39
13500;37
13502;37
13504;37
13506;37
13508;37
13510;37
13512;37
13514;37
13516;37
13518;37
13520;37
13522;37
13524;37
13526;37
13528;37
13530;37
13532;37
13534;37
13536;37
13538;37
13540;37
13542;37
13544;37
13546;37
13548;37
13550;37
13552;37
13554;37
13556;37
13558;37
13560;37
13562;37
13564;37
13566;37
13568;37
13570;37
13572;37
13574;37
13576;37
13578;37
13580;37
13582;37
13584;37
13586;37
13588;37
13590;37
13592;37
13594;37
13596;37
13598;37
13600;37
13602;37
13604;37
13606;37
13608;37
13610;37
13612;37
13614;37
13616;37
13618;37
13620;37
13622;37
13624;37
13626;37
13628;37
13630;37
13632;37
13634;37
13636;37
13638;37
13640;37
13642;37
13644;37
13646;37
13648;37
13650;37
13652;37
13654;37
13656;37
13658;37
13660;37
13662;37
13664;37
13666;37
13668;37
13670;37
13672;37
13674;37
13676;37
13678;37
13680;37
13682;37
13684;37
13686;37
13688;37
13690;37
13692;37
13694;37
13696;37
13698;37
13700;37
13702;37
13704;37
13706;37
13708;37
13710;37
13712;37
13714;37
13716;37
13718;37
13720;37
13722;37
13724;37
13726;37
13728;37
13730;37
13732;37
13734;37
13736;37
13738;37
13740;37
13742;37
13744;37
13746;37
13748;37
13750;37
13752;37
13754;37
13756;37
13758;37
13760;37
13762;37
13764;37
13766;37
13768;37
13770;37
13772;37
13774;37
13776;37
13778;37
13780;37
13782;37
13784;37
13786;37
13788;37
13790;37
13792;37
13794;37
13796;37
13798;37
13800;37
13802;37
13804;37
13806;37
13808;37
13810;37
13812;37
13814;37
13816;37
13818;37
13820;37
13822;37
13824;37
13826;37
13828;37
13830;37
13832;37
13834;37
13836;37
13838;37
13840;37
13842;37
13844;37
13846;37
13848;37
13850;37
13852;37
13854;37
13856;37
13858;37
13860;37
13862;37
13864;37
13866;37
13868;37
13870;37
13872;37
13874;37
13876;37
13878;37
13880;37
13882;37
13884;37
13886;37
13888;37
13890;37
13892;37
13894;37
13896;37
13898;37
13900;37
13902;37
13904;37
13906;37
13908;37
13910;37
13912;37
13914;37
13916;37
13918;37
13920;37
13922;37
13924;37
13926;37
13928;37
13930;37
13932;37
13934;37
13936;37
13938;37
13940;37
13942;37
13944;37
13946;37
13948;37
13950;37
13952;37
13954;37
13956;37
13958;37
13960;37
13962;37
13964;37
13966;37
13968;37
13970;37
13972;37
13974;37
13976;37
13978;37
13980;37
13982;37
13984;37
13986;37
13988;37
13990;37
13992;37
13994;37
13996;37
13998;37
14000;37
14002;37
14004;37
14006;37
14008;37
14010;37
14012;37
14014;37
14016;37
14018;37
14020;37
14022;37
14024;37
14026;37
14028;37
14030;37
14032;37
14034;37
14036;37
14038;37
14040;37
14042;37
14044;37
14046;37
14048;37
14050;37
14052;37
14054;37
14056;37
14058;37
14060;37
14062;37
14064;37
14066;37
14068;37
14070;37
14072;37
14074;37
14076;37
14078;37
14080;37
14082;37
14084;37
14086;37
14088;37
14090;37
14092;37
14094;37
14096;37
14098;37
14100;37
14102;37
14104;37
14106;37
14108;37
14110;37
14112;37
14114;37
14116;37
14118;37
14120;37
14122;37
14124;37
14126;37
14128;37
14130;37
14132;37
14134;37
14136;37
14138;37
14140;37
14142;37
14144;37
14146;37
14148;37
14150;37
14152;37
14154;37
14156;37
14158;37
14160;37
14162;37
14164;37
14166;37
14168;37
14170;37
14172;37
14174;37
14176;37
14178;37
14180;37
14182;37
14184;37
14186;37
14188;37
14190;37
14192;37
14194;37
14196;37
14198;37
14200;37
14202;37
14204;37
14206;37
14208;37
14210;37
14212;37
14214;37
14216;37
14218;37
14220;37
14222;37
14224;37
14226;37
14228;37
14230;37
14232;37
14234;37
14236;37
14238;37
14240;37
14242;37
14244;37
14246;37
14248;37
14250;37
14252;37
14254;37
14256;37
14258;37
14260;37
14262;37
14264;37
14266;37
14268;37
14270;37
14272;37
14274;37
14276;37
14278;37
14280;37
14282;37
14284;37
14286;37
14288;37
14290;37
14292;37
14294;37
14296;37
14298;37
14300;37
14302;37
14304;37
14306;37
14308;37
14310;37
14312;37
14314;37
14316;37
14318;37
14320;37
14322;37
14324;37
14326;37
14328;37
14330;37
14332;37
14334;37
14336;37
14338;37
14340;37
14342;37
14344;37
14346;37
14348;37
14350;37
14352;37
14354;37
14356;37
14358;37
14360;37
14362;37
14364;37
14366;37
14368;37
14370;37
14372;37
14374;37
14376;37
14378;37
14380;37
14382;37
14384;37
14386;37
14388;37
14390;37
14392;37
14394;37
14396;37
14398;37
14400;36
14402;36
14404;36
14406;36
14408;36
14410;36
14412;36
14414;36
14416;36
14418;36
14420;36
14422;36
14424;36
14426;36
14428;36
14430;36
14432;36
14434;36
14436;36
14438;36
14440;36
14442;36
14444;36
14446;36
14448;36
14450;36
14452;36
14454;36
14456;36
14458;36
14460;36
14462;36
14464;36
14466;36
14468;36
14470;36
14472;36
14474;36
14476;36
14478;36
14480;36
14482;36
14484;36
14486;36
14488;36
14490;36
14492;36
14494;36
14496;36
14498;36
14500;36
14502;36
14504;36
14506;36
14508;36
14510;36
14512;36
14514;36
14516;36
14518;36
14520;36
14522;36
14524;36
14526;36
14528;36
14530;36
14532;36
14534;36
14536;36
14538;36
14540;36
14542;36
14544;36
14546;36
14548;36
14550;36
14552;36
14554;36
14556;36
14558;36
14560;36
14562;36
14564;36
14566;36
14568;36
14570;36
14572;36
14574;36
14576;36
14578;36
14580;36
14582;36
14584;36
14586;36
14588;36
14590;36
14592;36
14594;36
14596;36
14598;36
14600;36
14602;36
14604;36
14606;36
14608;36
14610;36
14612;36
14614;36
14616;36
14618;36
14620;36
14622;36
14624;36
14626;36
14628;36
14630;36
14632;36
14634;36
14636;36
14638;36
14640;36
14642;36
14644;36
14646;36
14648;36
14650;36
14652;36
14654;36
14656;36
14658;36
14660;36
14662;36
14664;36
14666;36
14668;36
14670;36
14672;36
14674;36
14676;36
14678;36
14680;36
14682;36
14684;36
14686;36
14688;36
14690;36
14692;36
14694;36
14696;36
14698;36
14700;36
14702;36
14704;36
14706;36
14708;36
14710;36
14712;36
14714;36
14716;36
14718;36
14720;36
14722;36
14724;36
14726;36
14728;36
14730;36
14732;36
14734;36
14736;36
14738;36
14740;36
14742;36
14744;36
14746;36
14748;36
14750;36
14752;36
14754;36
14756;36
14758;36
14760;36
14762;36
14764;36
14766;36
14768;36
14770;36
14772;36
14774;36
14776;36
14778;36
14780;36
14782;36
14784;36
14786;36
14788;36
14790;36
14792;36
14794;36
14796;36
14798;36
14800;36
14802;36
14804;36
14806;36
14808;36
14810;36
14812;36
14814;36
14816;36
14818;36
14820;36
14822;36
14824;36
14826;36
14828;36
14830;36
14832;36
14834;36
14836;36
14838;36
14840;36
14842;36
14844;36
14846;36
14848;36
14850;36
14852;36
14854;36
14856;36
14858;36
14860;36
14862;36
14864;36
14866;36
14868;36
14870;36
14872;36
14874;36
14876;36
14878;36
14880;36
14882;36
14884;36
14886;36
14888;36
14890;36
14892;36
14894;36
14896;36
14898;36
14900;36
14902;36
14904;36
14906;36
14908;36
14910;36
14912;36
14914;36
14916;36
14918;36
14920;36
14922;36
14924;36
14926;36
14928;36
14930;36
14932;36
14934;36
14936;36
14938;36
14940;36
14942;36
14944;36
14946;36
14948;36
14950;36
14952;36
14954;36
14956;36
14958;36
14960;36
14962;36
14964;36
14966;36
14968;36
14970;36
14972;36
14974;36
14976;36
14978;36
14980;36
14982;36
14984;36
14986;36
14988;36
14990;36
14992;36
14994;36
14996;36
14998;36
15000;36
15002;36
15004;36
15006;36
15008;36
15010;36
15012;36
15014;36
15016;36
15018;36
15020;36
15022;36
15024;36
15026;36
15028;36
15030;36
15032;36
15034;36
15036;36
15038;36
15040;36
15042;36
15044;36
15046;36
15048;36
15050;36
15052;36
15054;36
15056;36
15058;36
15060;36
15062;36
15064;36
15066;36
15068;36
15070;36
15072;36
15074;36
15076;36
15078;36
15080;36
15082;36
15084;36
15086;36
15088;36
15090;36
15092;36
15094;36
15096;36
15098;36
15100;36
15102;36
15104;36
15106;36
15108;36
15110;36
15112;36
15114;36
15116;36
15118;36
15120;36
15122;36
15124;36
15126;36
15128;36
15130;36
15132;36
15134;36
15136;36
15138;36
15140;36
15142;36
15144;36
15146;36
15148;36
15150;36
15152;36
15154;36
15156;36
15158;36
15160;36
15162;36
15164;36
15166;36
15168;36
15170;36
15172;36
15174;36
15176;36
15178;36
15180;36
15182;36
15184;36
15186;36
15188;36
15190;36
15192;36
15194;36
15196;36
15198;36
15200;36
15202;36
15204;36
15206;36
15208;36
15210;36
15212;36
15214;36
15216;36
15218;36
15220;36
15222;36
15224;36
15226;36
15228;36
15230;36
15232;36
15234;36
15236;36
15238;36
15240;36
15242;36
15244;36
15246;36
15248;36
15250;36
15252;36
15254;36
15256;36
15258;36
15260;36
15262;36
15264;36
15266;36
15268;36
15270;36
15272;36
15274;36
15276;36
15278;36
15280;36
15282;36
15284;36
15286;36
15288;36
15290;36
15292;36
15294;36
15296;36
15298;36
15300;210
15302;210
15304;210
15306;210
15308;210
15310;210
15312;210
15314;210
15316;210
15318;210
15320;210
15322;210
15324;210
15326;210
15328;210
15330;210
15332;210
15334;210
15336;210
15338;210
15340;210
15342;210
15344;210
15346;210
15348;210
15350;210
15352;210
15354;210
15356;210
15358;210
15360;210
15362;210
15364;210
15366;210
15368;210
15370;210
15372;210
15374;210
15376;210
15378;210
15380;210
15382;210
15384;210
15386;210
15388;210
15390;210
15392;210
15394;210
15396;210
15398;210
15400;210
15402;210
15404;210
15406;210
15408;210
15410;210
15412;210
15414;210
15416;210
15418;210
15420;210
15422;210
15424;210
15426;210
15428;210
15430;210
15432;210
15434;210
15436;210
15438;210
15440;210
15442;210
15444;210
15446;210
15448;210
15450;210
15452;210
15454;210
15456;210
15458;210
15460;210
15462;210
15464;210
15466;210
15468;210
15470;210
15472;210
15474;210
15476;210
15478;210
15480;210
15482;210
15484;210
15486;210
15488;210
15490;210
15492;210
15494;210
15496;210
15498;210
15500;210
15502;210
15504;210
15506;210
15508;210
15510;210
15512;210
15514;210
15516;210
15518;210
15520;210
15522;210
15524;210
15526;210
15528;210
15530;210
15532;210
15534;210
15536;210
15538;210
15540;210
15542;210
15544;210
15546;210
15548;210
15550;210
15552;210
15554;210
15556;210
15558;210
15560;210
15562;210
15564;210
15566;210
15568;210
15570;210
15572;210
15574;210
15576;210
15578;210
15580;210
15582;210
15584;210
15586;210
15588;210
15590;210
15592;210
15594;210
15596;210
15598;210
15600;210
15602;210
15604;210
15606;210
15608;210
15610;210
15612;210
15614;210
15616;210
15618;210
15620;210
15622;210
15624;210
15626;210
15628;210
15630;210
15632;210
15634;210
15636;210
15638;210
15640;210
15642;210
15644;210
15646;210
15648;210
15650;210
15652;210
15654;210
15656;210
15658;210
15660;210
15662;210
15664;210
15666;210
15668;210
15670;210
15672;210
15674;210
15676;210
15678;210
15680;210
15682;210
15684;210
15686;210
15688;210
15690;210
15692;210
15694;210
15696;210
15698;210
15700;210
15702;210
15704;210
15706;210
15708;210
15710;210
15712;210
15714;210
15716;210
15718;210
15720;210
15722;210
15724;210
15726;210
15728;210
15730;210
15732;210
15734;210
15736;210
15738;210
15740;210
15742;210
15744;210
15746;210
15748;210
15750;210
15752;210
15754;210
15756;210
15758;210
15760;210
15762;210
15764;210
15766;210
15768;210
15770;210
15772;210
15774;210
15776;210
15778;210
15780;210
15782;210
15784;210
15786;210
15788;210
15790;210
15792;210
15794;210
15796;210
15798;210
15800;210
15802;210
15804;210
15806;210
15808;210
15810;210
15812;210
15814;210
15816;210
15818;210
15820;210
15822;210
15824;210
15826;210
15828;210
15830;210
15832;210
15834;210
15836;210
15838;210
15840;210
15842;210
15844;210
15846;210
15848;210
15850;210
15852;210
15854;210
15856;210
15858;210
15860;210
15862;210
15864;210
15866;210
15868;210
15870;210
15872;210
15874;210
15876;210
15878;210
15880;210
15882;210
15884;210
15886;210
15888;210
15890;210
15892;210
15894;210
15896;210
15898;210
15900;210
15902;210
15904;210
15906;210
15908;210
15910;210
15912;210
15914;210
15916;210
15918;210
15920;210
15922;210
15924;210
15926;210
15928;210
15930;210
15932;210
15934;210
15936;210
15938;210
15940;210
15942;210
15944;210
15946;210
15948;210
15950;210
15952;210
15954;210
15956;210
15958;210
15960;210
15962;210
15964;210
15966;210
15968;210
15970;210
15972;210
15974;210
15976;210
15978;210
15980;210
15982;210
15984;210
15986;210
15988;210
15990;210
15992;210
15994;210
15996;210
15998;210
16000;210
16002;210
16004;210
16006;210
16008;210
16010;210
16012;210
16014;210
16016;210
16018;210
16020;210
16022;210
16024;210
16026;210
16028;210
16030;210
16032;210
16034;210
16036;210
16038;210
16040;210
16042;210
16044;210
16046;210
16048;210
16050;210
16052;210
16054;210
16056;210
16058;210
16060;210
16062;210
16064;210
16066;210
16068;210
16070;210
16072;210
16074;210
16076;210
16078;210
16080;210
16082;210
16084;210
16086;210
16088;210
16090;210
16092;210
16094;210
16096;210
16098;210
16100;210
16102;210
16104;210
16106;210
16108;210
16110;210
16112;210
16114;210
16116;210
16118;210
16120;210
16122;210
16124;210
16126;210
16128;210
16130;210
16132;210
16134;210
16136;210
16138;210
16140;210
16142;210
16144;210
16146;210
16148;210
16150;210
16152;210
16154;210
16156;210
16158;210
16160;210
16162;210
16164;210
16166;210
16168;210
16170;210
16172;210
16174;210
16176;210
16178;210
16180;210
16182;210
16184;210
16186;210
16188;210
16190;210
16192;210
16194;210
16196;210
16198;210
16200;212
16202;212
16204;212
16206;212
16208;212
16210;212
16212;212
16214;212
16216;212
16218;212
16220;212
16222;212
16224;212
16226;212
16228;212
16230;212
16232;212
16234;212
16236;212
16238;212
16240;212
16242;212
16244;212
16246;212
16248;212
16250;212
16252;212
16254;212
16256;212
16258;212
16260;212
16262;212
16264;212
16266;212
16268;212
16270;212
16272;212
16274;212
16276;212
16278;212
16280;212
16282;212
16284;212
16286;212
16288;212
16290;212
16292;212
16294;212
16296;212
16298;212
16300;212
16302;212
16304;212
16306;212
16308;212
16310;212
16312;212
16314;212
16316;212
16318;212
16320;212
16322;212
16324;212
16326;212
16328;212
16330;212
16332;212
16334;212
16336;212
16338;212
16340;212
16342;212
16344;212
16346;212
16348;212
16350;212
16352;212
16354;212
16356;212
16358;212
16360;212
16362;212
16364;212
16366;212
16368;212
16370;212
16372;212
16374;212
16376;212
16378;212
16380;212
16382;212
16384;212
16386;212
16388;212
16390;212
16392;212
16394;212
16396;212
16398;212
16400;212
16402;212
16404;212
16406;212
16408;212
16410;212
16412;212
16414;212
16416;212
16418;212
16420;212
16422;212
16424;212
16426;212
16428;212
16430;212
16432;212
16434;212
16436;212
16438;212
16440;212
16442;212
16444;212
16446;212
16448;212
16450;212
16452;212
16454;212
16456;212
16458;212
16460;212
16462;212
16464;212
16466;212
16468;212
16470;212
16472;212
16474;212
16476;212
16478;212
16480;212
16482;212
16484;212
16486;212
16488;212
16490;212
16492;212
16494;212
16496;212
16498;212
16500;212
16502;212
16504;212
16506;212
16508;212
16510;212
16512;212
16514;212
16516;212
16518;212
16520;212
16522;212
16524;212
16526;212
16528;212
16530;212
16532;212
16534;212
16536;212
16538;212
16540;212
16542;212
16544;212
16546;212
16548;212
16550;212
16552;212
16554;212
16556;212
16558;212
16560;212
16562;212
16564;212
16566;212
16568;212
16570;212
16572;212
16574;212
16576;212
16578;212
16580;212
16582;212
16584;212
16586;212
16588;212
16590;212
16592;212
16594;212
16596;212
16598;212
16600;212
16602;212
16604;212
16606;212
16608;212
16610;212
16612;212
16614;212
16616;212
16618;212
16620;212
16622;212
16624;212
16626;212
16628;212
16630;212
16632;212
16634;212
16636;212
16638;212
16640;212
16642;212
16644;212
16646;212
16648;212
16650;212
16652;212
16654;212
16656;212
16658;212
16660;212
16662;212
16664;212
16666;212
16668;212
16670;212
16672;212
16674;212
16676;212
16678;212
16680;212
16682;212
16684;212
16686;212
16688;212
16690;212
16692;212
16694;212
16696;212
16698;212
16700;212
16702;212
16704;212
16706;212
16708;212
16710;212
16712;212
16714;212
16716;212
16718;212
16720;212
16722;212
16724;212
16726;212
16728;212
16730;212
16732;212
16734;212
16736;212
16738;212
16740;212
16742;212
16744;212
16746;212
16748;212
16750;212
16752;212
16754;212
16756;212
16758;212
16760;212
16762;212
16764;212
16766;212
16768;212
16770;212
16772;212
16774;212
16776;212
16778;212
16780;212
16782;212
16784;212
16786;212
16788;212
16790;212
16792;212
16794;212
16796;212
16798;212
16800;212
16802;212
16804;212
16806;212
16808;212
16810;212
16812;212
16814;212
16816;212
16818;212
16820;212
16822;212
16824;212
16826;212
16828;212
16830;212
16832;212
16834;212
16836;212
16838;212
16840;212
16842;212
16844;212
16846;212
16848;212
16850;212
16852;212
16854;212
16856;212
16858;212
16860;212
16862;212
16864;212
16866;212
16868;212
16870;212
16872;212
16874;212
16876;212
16878;212
16880;212
16882;212
16884;212
16886;212
16888;212
16890;212
16892;212
16894;212
16896;212
16898;212
16900;212
16902;212
16904;212
16906;212
16908;212
16910;212
16912;212
16914;212
16916;212
16918;212
16920;212
16922;212
16924;212
16926;212
16928;212
16930;212
16932;212
16934;212
16936;212
16938;212
16940;212
16942;212
16944;212
16946;212
16948;212
16950;212
16952;212
16954;212
16956;212
16958;212
16960;212
16962;212
16964;212
16966;212
16968;212
16970;212
16972;212
16974;212
16976;212
16978;212
16980;212
16982;212
16984;212
16986;212
16988;212
16990;212
16992;212
16994;212
16996;212
16998;212
17000;212
17002;212
17004;212
17006;212
17008;212
17010;212
17012;212
17014;212
17016;212
17018;212
17020;212
17022;212
17024;212
17026;212
17028;212
17030;212
17032;212
17034;212
17036;212
17038;212
17040;212
17042;212
17044;212
17046;212
17048;212
17050;212
17052;212
17054;212
17056;212
17058;212
17060;212
17062;212
17064;212
17066;212
17068;212
17070;212
17072;212
17074;212
17076;212
17078;212
17080;212
17082;212
17084;212
17086;212
17088;212
17090;212
17092;212
17094;212
17096;212
17098;212
17100;37
17102;37
17104;37
17106;37
17108;37
17110;37
17112;37
17114;37
17116;37
17118;37
17120;37
17122;37
17124;37
17126;37
17128;37
17130;37
17132;37
17134;37
17136;37
17138;37
17140;37
17142;37
17144;37
17146;37
17148;37
17150;37
17152;37
17154;37
17156;37
17158;37
17160;37
17162;37
17164;37
17166;37
17168;37
17170;37
17172;37
17174;37
17176;37
17178;37
17180;37
17182;37
17184;37
17186;37
17188;37
17190;37
17192;37
17194;37
17196;37
17198;37
17200;37
17202;37
17204;37
17206;37
17208;37
17210;37
17212;37
17214;37
17216;37
17218;37
17220;37
17222;37
17224;37
17226;37
17228;37
17230;37
17232;37
17234;37
17236;37
17238;37
17240;37
17242;37
17244;37
17246;37
17248;37
17250;37
17252;37
17254;37
17256;37
17258;37
17260;37
17262;37
17264;37
17266;37
17268;37
17270;37
17272;37
17274;37
17276;37
17278;37
17280;37
17282;37
17284;37
17286;37
17288;37
17290;37
17292;37
17294;37
17296;37
17298;37
17300;37
17302;37
17304;37
17306;37
17308;37
17310;37
17312;37
17314;37
17316;37
17318;37
17320;37
17322;37
17324;37
17326;37
17328;37
17330;37
17332;37
17334;37
17336;37
17338;37
17340;37
17342;37
17344;37
17346;37
17348;37
17350;37
17352;37
17354;37
17356;37
17358;37
17360;37
17362;37
17364;37
17366;37
17368;37
17370;37
17372;37
17374;37
17376;37
17378;37
17380;37
17382;37
17384;37
17386;37
17388;37
17390;37
17392;37
17394;37
17396;37
17398;37
17400;37
17402;37
17404;37
17406;37
17408;37
17410;37
17412;37
17414;37
17416;37
17418;37
17420;37
17422;37
17424;37
17426;37
17428;37
17430;37
17432;37
17434;37
17436;37
17438;37
17440;37
17442;37
17444;37
17446;37
17448;37
17450;37
17452;37
17454;37
17456;37
17458;37
17460;37
17462;37
17464;37
17466;37
17468;37
17470;37
17472;37
17474;37
17476;37
17478;37
17480;37
17482;37
17484;37
17486;37
17488;37
17490;37
17492;37
17494;37
17496;37
17498;37
17500;37
17502;37
17504;37
17506;37
17508;37
17510;37
17512;37
17514;37
17516;37
17518;37
17520;37
17522;37
17524;37
17526;37
17528;37
17530;37
17532;37
17534;37
17536;37
17538;37
17540;37
17542;37
17544;37
17546;37
17548;37
17550;37
17552;37
17554;37
17556;37
17558;37
17560;37
17562;37
17564;37
17566;37
17568;37
17570;37
17572;37
17574;37
17576;37
17578;37
17580;37
17582;37
17584;37
17586;37
17588;37
17590;37
17592;37
17594;37
17596;37
17598;37
17600;37
17602;37
17604;37
17606;37
17608;37
17610;37
17612;37
17614;37
17616;37
17618;37
17620;37
17622;37
17624;37
17626;37
17628;37
17630;37
17632;37
17634;37
17636;37
17638;37
17640;37
17642;37
17644;37
17646;37
17648;37
17650;37
17652;37
17654;37
17656;37
17658;37
17660;37
17662;37
17664;37
17666;37
17668;37
17670;37
17672;37
17674;37
17676;37
17678;37
17680;37
17682;37
17684;37
17686;37
17688;37
17690;37
17692;37
17694;37
17696;37
17698;37
17700;37
17702;37
17704;37
17706;37
17708;37
17710;37
17712;37
17714;37
17716;37
17718;37
17720;37
17722;37
17724;37
17726;37
17728;37
17730;37
17732;37
17734;37
17736;37
17738;37
17740;37
17742;37
17744;37
17746;37
17748;37
17750;37
17752;37
17754;37
17756;37
17758;37
17760;37
17762;37
17764;37
17766;37
17768;37
17770;37
17772;37
17774;37
17776;37
17778;37
17780;37
17782;37
17784;37
17786;37
17788;37
17790;37
17792;37
17794;37
17796;37
17798;37
17800;37
17802;37
17804;37
17806;37
17808;37
17810;37
17812;37
17814;37
17816;37
17818;37
17820;37
17822;37
17824;37
17826;37
17828;37
17830;37
17832;37
17834;37
17836;37
17838;37
17840;37
17842;37
17844;37
17846;37
17848;37
17850;37
17852;37
17854;37
17856;37
17858;37
17860;37
17862;37
17864;37
17866;37
17868;37
17870;37
17872;37
17874;37
17876;37
17878;37
17880;37
17882;37
17884;37
17886;37
17888;37
17890;37
17892;37
17894;37
17896;37
17898;37
17900;37
17902;37
17904;37
17906;37
17908;37
17910;37
17912;37
17914;37
17916;37
17918;37
17920;37
17922;37
17924;37
17926;37
17928;37
17930;37
17932;37
17934;37
17936;37
17938;37
17940;37
17942;37
17944;37
17946;37
17948;37
17950;37
17952;37
17954;37
17956;37
17958;37
17960;37
17962;37
17964;37
17966;37
17968;37
17970;37
17972;37
17974;37
17976;37
17978;37
17980;37
17982;37
17984;37
17986;37
17988;37
17990;37
17992;37
17994;37
17996;37
