#	X	Y
0;51
2;51
4;51
6;51
8;51
10;51
12;51
14;51
16;51
18;51
20;51
22;51
24;51
26;51
28;51
30;51
32;51
34;51
36;51
38;51
40;51
42;51
44;51
46;51
48;51
50;51
52;51
54;51
56;51
58;51
60;51
62;51
64;51
66;51
68;51
70;51
72;51
74;51
76;51
78;51
80;51
82;51
84;51
86;51
88;51
90;51
92;51
94;51
96;51
98;51
100;51
102;51
104;51
106;51
108;51
110;51
112;51
114;51
116;51
118;51
120;51
122;51
124;51
126;51
128;51
130;51
132;51
134;51
136;51
138;51
140;51
142;51
144;51
146;51
148;51
150;51
152;51
154;51
156;51
158;51
160;51
162;51
164;51
166;51
168;51
170;51
172;51
174;51
176;51
178;51
180;51
182;51
184;51
186;51
188;51
190;51
192;51
194;51
196;51
198;51
200;51
202;51
204;51
206;51
208;51
210;51
212;51
214;51
216;51
218;51
220;51
222;51
224;51
226;51
228;51
230;51
232;51
234;51
236;51
238;51
240;51
242;51
244;51
246;51
248;51
250;51
252;51
254;51
256;51
258;51
260;51
262;51
264;51
266;51
268;51
270;51
272;51
274;51
276;51
278;51
280;51
282;51
284;51
286;51
288;51
290;51
292;51
294;51
296;51
298;51
300;51
302;51
304;51
306;51
308;51
310;51
312;51
314;51
316;51
318;51
320;51
322;51
324;51
326;51
328;51
330;51
332;51
334;51
336;51
338;51
340;51
342;51
344;51
346;51
348;51
350;51
352;51
354;51
356;51
358;51
360;51
362;51
364;51
366;51
368;51
370;51
372;51
374;51
376;51
378;51
380;51
382;51
384;51
386;51
388;51
390;51
392;51
394;51
396;51
398;51
400;51
402;51
404;51
406;51
408;51
410;51
412;51
414;51
416;51
418;51
420;51
422;51
424;51
426;51
428;51
430;51
432;51
434;51
436;51
438;51
440;51
442;51
444;51
446;51
448;51
450;51
452;51
454;51
456;51
458;51
460;51
462;51
464;51
466;51
468;51
470;51
472;51
474;51
476;51
478;51
480;51
482;51
484;51
486;51
488;51
490;51
492;51
494;51
496;51
498;51
500;51
502;51
504;51
506;51
508;51
510;51
512;51
514;51
516;51
518;51
520;51
522;51
524;51
526;51
528;51
530;51
532;51
534;51
536;51
538;51
540;51
542;51
544;51
546;51
548;51
550;51
552;51
554;51
556;51
558;51
560;51
562;51
564;51
566;51
568;51
570;51
572;51
574;51
576;51
578;51
580;51
582;51
584;51
586;51
588;51
590;51
592;51
594;51
596;51
598;51
600;51
602;51
604;51
606;51
608;51
610;51
612;51
614;51
616;51
618;51
620;51
622;51
624;51
626;51
628;51
630;51
632;51
634;51
636;51
638;51
640;51
642;51
644;51
646;51
648;51
650;51
652;51
654;51
656;51
658;51
660;51
662;51
664;51
666;51
668;51
670;51
672;51
674;51
676;51
678;51
680;51
682;51
684;51
686;51
688;51
690;51
692;51
694;51
696;51
698;51
700;51
702;51
704;51
706;51
708;51
710;51
712;51
714;51
716;51
718;51
720;51
722;51
724;51
726;51
728;51
730;51
732;51
734;51
736;51
738;51
740;51
742;51
744;51
746;51
748;51
750;51
752;51
754;51
756;51
758;51
760;51
762;51
764;51
766;51
768;51
770;51
772;51
774;51
776;51
778;51
780;51
782;51
784;51
786;51
788;51
790;51
792;51
794;51
796;51
798;51
800;51
802;51
804;51
806;51
808;51
810;51
812;51
814;51
816;51
818;51
820;51
822;51
824;51
826;51
828;51
830;51
832;51
834;51
836;51
838;51
840;51
842;51
844;51
846;51
848;51
850;51
852;51
854;51
856;51
858;51
860;51
862;51
864;51
866;51
868;51
870;51
872;51
874;51
876;51
878;51
880;51
882;51
884;51
886;51
888;51
890;51
892;51
894;51
896;51
898;51
900;50
902;50
904;50
906;50
908;50
910;50
912;50
914;50
916;50
918;50
920;50
922;50
924;50
926;50
928;50
930;50
932;50
934;50
936;50
938;50
940;50
942;50
944;50
946;50
948;50
950;50
952;50
954;50
956;50
958;50
960;50
962;50
964;50
966;50
968;50
970;50
972;50
974;50
976;50
978;50
980;50
982;50
984;50
986;50
988;50
990;50
992;50
994;50
996;50
998;50
1000;50
1002;50
1004;50
1006;50
1008;50
1010;50
1012;50
1014;50
1016;50
1018;50
1020;50
1022;50
1024;50
1026;50
1028;50
1030;50
1032;50
1034;50
1036;50
1038;50
1040;50
1042;50
1044;50
1046;50
1048;50
1050;50
1052;50
1054;50
1056;50
1058;50
1060;50
1062;50
1064;50
1066;50
1068;50
1070;50
1072;50
1074;50
1076;50
1078;50
1080;50
1082;50
1084;50
1086;50
1088;50
1090;50
1092;50
1094;50
1096;50
1098;50
1100;50
1102;50
1104;50
1106;50
1108;50
1110;50
1112;50
1114;50
1116;50
1118;50
1120;50
1122;50
1124;50
1126;50
1128;50
1130;50
1132;50
1134;50
1136;50
1138;50
1140;50
1142;50
1144;50
1146;50
1148;50
1150;50
1152;50
1154;50
1156;50
1158;50
1160;50
1162;50
1164;50
1166;50
1168;50
1170;50
1172;50
1174;50
1176;50
1178;50
1180;50
1182;50
1184;50
1186;50
1188;50
1190;50
1192;50
1194;50
1196;50
1198;50
1200;50
1202;50
1204;50
1206;50
1208;50
1210;50
1212;50
1214;50
1216;50
1218;50
1220;50
1222;50
1224;50
1226;50
1228;50
1230;50
1232;50
1234;50
1236;50
1238;50
1240;50
1242;50
1244;50
1246;50
1248;50
1250;50
1252;50
1254;50
1256;50
1258;50
1260;50
1262;50
1264;50
1266;50
1268;50
1270;50
1272;50
1274;50
1276;50
1278;50
1280;50
1282;50
1284;50
1286;50
1288;50
1290;50
1292;50
1294;50
1296;50
1298;50
1300;50
1302;50
1304;50
1306;50
1308;50
1310;50
1312;50
1314;50
1316;50
1318;50
1320;50
1322;50
1324;50
1326;50
1328;50
1330;50
1332;50
1334;50
1336;50
1338;50
1340;50
1342;50
1344;50
1346;50
1348;50
1350;50
1352;50
1354;50
1356;50
1358;50
1360;50
1362;50
1364;50
1366;50
1368;50
1370;50
1372;50
1374;50
1376;50
1378;50
1380;50
1382;50
1384;50
1386;50
1388;50
1390;50
1392;50
1394;50
1396;50
1398;50
1400;50
1402;50
1404;50
1406;50
1408;50
1410;50
1412;50
1414;50
1416;50
1418;50
1420;50
1422;50
1424;50
1426;50
1428;50
1430;50
1432;50
1434;50
1436;50
1438;50
1440;50
1442;50
1444;50
1446;50
1448;50
1450;50
1452;50
1454;50
1456;50
1458;50
1460;50
1462;50
1464;50
1466;50
1468;50
1470;50
1472;50
1474;50
1476;50
1478;50
1480;50
1482;50
1484;50
1486;50
1488;50
1490;50
1492;50
1494;50
1496;50
1498;50
1500;50
1502;50
1504;50
1506;50
1508;50
1510;50
1512;50
1514;50
1516;50
1518;50
1520;50
1522;50
1524;50
1526;50
1528;50
1530;50
1532;50
1534;50
1536;50
1538;50
1540;50
1542;50
1544;50
1546;50
1548;50
1550;50
1552;50
1554;50
1556;50
1558;50
1560;50
1562;50
1564;50
1566;50
1568;50
1570;50
1572;50
1574;50
1576;50
1578;50
1580;50
1582;50
1584;50
1586;50
1588;50
1590;50
1592;50
1594;50
1596;50
1598;50
1600;50
1602;50
1604;50
1606;50
1608;50
1610;50
1612;50
1614;50
1616;50
1618;50
1620;50
1622;50
1624;50
1626;50
1628;50
1630;50
1632;50
1634;50
1636;50
1638;50
1640;50
1642;50
1644;50
1646;50
1648;50
1650;50
1652;50
1654;50
1656;50
1658;50
1660;50
1662;50
1664;50
1666;50
1668;50
1670;50
1672;50
1674;50
1676;50
1678;50
1680;50
1682;50
1684;50
1686;50
1688;50
1690;50
1692;50
1694;50
1696;50
1698;50
1700;50
1702;50
1704;50
1706;50
1708;50
1710;50
1712;50
1714;50
1716;50
1718;50
1720;50
1722;50
1724;50
1726;50
1728;50
1730;50
1732;50
1734;50
1736;50
1738;50
1740;50
1742;50
1744;50
1746;50
1748;50
1750;50
1752;50
1754;50
1756;50
1758;50
1760;50
1762;50
1764;50
1766;50
1768;50
1770;50
1772;50
1774;50
1776;50
1778;50
1780;50
1782;50
1784;50
1786;50
1788;50
1790;50
1792;50
1794;50
1796;50
1798;50
1800;221
1802;221
1804;221
1806;221
1808;221
1810;221
1812;221
1814;221
1816;221
1818;221
1820;221
1822;221
1824;221
1826;221
1828;221
1830;221
1832;221
1834;221
1836;221
1838;221
1840;221
1842;221
1844;221
1846;221
1848;221
1850;221
1852;221
1854;221
1856;221
1858;221
1860;221
1862;221
1864;221
1866;221
1868;221
1870;221
1872;221
1874;221
1876;221
1878;221
1880;221
1882;221
1884;221
1886;221
1888;221
1890;221
1892;221
1894;221
1896;221
1898;221
1900;221
1902;221
1904;221
1906;221
1908;221
1910;221
1912;221
1914;221
1916;221
1918;221
1920;221
1922;221
1924;221
1926;221
1928;221
1930;221
1932;221
1934;221
1936;221
1938;221
1940;221
1942;221
1944;221
1946;221
1948;221
1950;221
1952;221
1954;221
1956;221
1958;221
1960;221
1962;221
1964;221
1966;221
1968;221
1970;221
1972;221
1974;221
1976;221
1978;221
1980;221
1982;221
1984;221
1986;221
1988;221
1990;221
1992;221
1994;221
1996;221
1998;221
2000;221
2002;221
2004;221
2006;221
2008;221
2010;221
2012;221
2014;221
2016;221
2018;221
2020;221
2022;221
2024;221
2026;221
2028;221
2030;221
2032;221
2034;221
2036;221
2038;221
2040;221
2042;221
2044;221
2046;221
2048;221
2050;221
2052;221
2054;221
2056;221
2058;221
2060;221
2062;221
2064;221
2066;221
2068;221
2070;221
2072;221
2074;221
2076;221
2078;221
2080;221
2082;221
2084;221
2086;221
2088;221
2090;221
2092;221
2094;221
2096;221
2098;221
2100;221
2102;221
2104;221
2106;221
2108;221
2110;221
2112;221
2114;221
2116;221
2118;221
2120;221
2122;221
2124;221
2126;221
2128;221
2130;221
2132;221
2134;221
2136;221
2138;221
2140;221
2142;221
2144;221
2146;221
2148;221
2150;221
2152;221
2154;221
2156;221
2158;221
2160;221
2162;221
2164;221
2166;221
2168;221
2170;221
2172;221
2174;221
2176;221
2178;221
2180;221
2182;221
2184;221
2186;221
2188;221
2190;221
2192;221
2194;221
2196;221
2198;221
2200;221
2202;221
2204;221
2206;221
2208;221
2210;221
2212;221
2214;221
2216;221
2218;221
2220;221
2222;221
2224;221
2226;221
2228;221
2230;221
2232;221
2234;221
2236;221
2238;221
2240;221
2242;221
2244;221
2246;221
2248;221
2250;221
2252;221
2254;221
2256;221
2258;221
2260;221
2262;221
2264;221
2266;221
2268;221
2270;221
2272;221
2274;221
2276;221
2278;221
2280;221
2282;221
2284;221
2286;221
2288;221
2290;221
2292;221
2294;221
2296;221
2298;221
2300;221
2302;221
2304;221
2306;221
2308;221
2310;221
2312;221
2314;221
2316;221
2318;221
2320;221
2322;221
2324;221
2326;221
2328;221
2330;221
2332;221
2334;221
2336;221
2338;221
2340;221
2342;221
2344;221
2346;221
2348;221
2350;221
2352;221
2354;221
2356;221
2358;221
2360;221
2362;221
2364;221
2366;221
2368;221
2370;221
2372;221
2374;221
2376;221
2378;221
2380;221
2382;221
2384;221
2386;221
2388;221
2390;221
2392;221
2394;221
2396;221
2398;221
2400;221
2402;221
2404;221
2406;221
2408;221
2410;221
2412;221
2414;221
2416;221
2418;221
2420;221
2422;221
2424;221
2426;221
2428;221
2430;221
2432;221
2434;221
2436;221
2438;221
2440;221
2442;221
2444;221
2446;221
2448;221
2450;221
2452;221
2454;221
2456;221
2458;221
2460;221
2462;221
2464;221
2466;221
2468;221
2470;221
2472;221
2474;221
2476;221
2478;221
2480;221
2482;221
2484;221
2486;221
2488;221
2490;221
2492;221
2494;221
2496;221
2498;221
2500;221
2502;221
2504;221
2506;221
2508;221
2510;221
2512;221
2514;221
2516;221
2518;221
2520;221
2522;221
2524;221
2526;221
2528;221
2530;221
2532;221
2534;221
2536;221
2538;221
2540;221
2542;221
2544;221
2546;221
2548;221
2550;221
2552;221
2554;221
2556;221
2558;221
2560;221
2562;221
2564;221
2566;221
2568;221
2570;221
2572;221
2574;221
2576;221
2578;221
2580;221
2582;221
2584;221
2586;221
2588;221
2590;221
2592;221
2594;221
2596;221
2598;221
2600;221
2602;221
2604;221
2606;221
2608;221
2610;221
2612;221
2614;221
2616;221
2618;221
2620;221
2622;221
2624;221
2626;221
2628;221
2630;221
2632;221
2634;221
2636;221
2638;221
2640;221
2642;221
2644;221
2646;221
2648;221
2650;221
2652;221
2654;221
2656;221
2658;221
2660;221
2662;221
2664;221
2666;221
2668;221
2670;221
2672;221
2674;221
2676;221
2678;221
2680;221
2682;221
2684;221
2686;221
2688;221
2690;221
2692;221
2694;221
2696;221
2698;221
2700;332
2702;332
2704;332
2706;332
2708;332
2710;332
2712;332
2714;332
2716;332
2718;332
2720;332
2722;332
2724;332
2726;332
2728;332
2730;332
2732;332
2734;332
2736;332
2738;332
2740;332
2742;332
2744;332
2746;332
2748;332
2750;332
2752;332
2754;332
2756;332
2758;332
2760;332
2762;332
2764;332
2766;332
2768;332
2770;332
2772;332
2774;332
2776;332
2778;332
2780;332
2782;332
2784;332
2786;332
2788;332
2790;332
2792;332
2794;332
2796;332
2798;332
2800;332
2802;332
2804;332
2806;332
2808;332
2810;332
2812;332
2814;332
2816;332
2818;332
2820;332
2822;332
2824;332
2826;332
2828;332
2830;332
2832;332
2834;332
2836;332
2838;332
2840;332
2842;332
2844;332
2846;332
2848;332
2850;332
2852;332
2854;332
2856;332
2858;332
2860;332
2862;332
2864;332
2866;332
2868;332
2870;332
2872;332
2874;332
2876;332
2878;332
2880;332
2882;332
2884;332
2886;332
2888;332
2890;332
2892;332
2894;332
2896;332
2898;332
2900;332
2902;332
2904;332
2906;332
2908;332
2910;332
2912;332
2914;332
2916;332
2918;332
2920;332
2922;332
2924;332
2926;332
2928;332
2930;332
2932;332
2934;332
2936;332
2938;332
2940;332
2942;332
2944;332
2946;332
2948;332
2950;332
2952;332
2954;332
2956;332
2958;332
2960;332
2962;332
2964;332
2966;332
2968;332
2970;332
2972;332
2974;332
2976;332
2978;332
2980;332
2982;332
2984;332
2986;332
2988;332
2990;332
2992;332
2994;332
2996;332
2998;332
3000;332
3002;332
3004;332
3006;332
3008;332
3010;332
3012;332
3014;332
3016;332
3018;332
3020;332
3022;332
3024;332
3026;332
3028;332
3030;332
3032;332
3034;332
3036;332
3038;332
3040;332
3042;332
3044;332
3046;332
3048;332
3050;332
3052;332
3054;332
3056;332
3058;332
3060;332
3062;332
3064;332
3066;332
3068;332
3070;332
3072;332
3074;332
3076;332
3078;332
3080;332
3082;332
3084;332
3086;332
3088;332
3090;332
3092;332
3094;332
3096;332
3098;332
3100;332
3102;332
3104;332
3106;332
3108;332
3110;332
3112;332
3114;332
3116;332
3118;332
3120;332
3122;332
3124;332
3126;332
3128;332
3130;332
3132;332
3134;332
3136;332
3138;332
3140;332
3142;332
3144;332
3146;332
3148;332
3150;332
3152;332
3154;332
3156;332
3158;332
3160;332
3162;332
3164;332
3166;332
3168;332
3170;332
3172;332
3174;332
3176;332
3178;332
3180;332
3182;332
3184;332
3186;332
3188;332
3190;332
3192;332
3194;332
3196;332
3198;332
3200;332
3202;332
3204;332
3206;332
3208;332
3210;332
3212;332
3214;332
3216;332
3218;332
3220;332
3222;332
3224;332
3226;332
3228;332
3230;332
3232;332
3234;332
3236;332
3238;332
3240;332
3242;332
3244;332
3246;332
3248;332
3250;332
3252;332
3254;332
3256;332
3258;332
3260;332
3262;332
3264;332
3266;332
3268;332
3270;332
3272;332
3274;332
3276;332
3278;332
3280;332
3282;332
3284;332
3286;332
3288;332
3290;332
3292;332
3294;332
3296;332
3298;332
3300;332
3302;332
3304;332
3306;332
3308;332
3310;332
3312;332
3314;332
3316;332
3318;332
3320;332
3322;332
3324;332
3326;332
3328;332
3330;332
3332;332
3334;332
3336;332
3338;332
3340;332
3342;332
3344;332
3346;332
3348;332
3350;332
3352;332
3354;332
3356;332
3358;332
3360;332
3362;332
3364;332
3366;332
3368;332
3370;332
3372;332
3374;332
3376;332
3378;332
3380;332
3382;332
3384;332
3386;332
3388;332
3390;332
3392;332
3394;332
3396;332
3398;332
3400;332
3402;332
3404;332
3406;332
3408;332
3410;332
3412;332
3414;332
3416;332
3418;332
3420;332
3422;332
3424;332
3426;332
3428;332
3430;332
3432;332
3434;332
3436;332
3438;332
3440;332
3442;332
3444;332
3446;332
3448;332
3450;332
3452;332
3454;332
3456;332
3458;332
3460;332
3462;332
3464;332
3466;332
3468;332
3470;332
3472;332
3474;332
3476;332
3478;332
3480;332
3482;332
3484;332
3486;332
3488;332
3490;332
3492;332
3494;332
3496;332
3498;332
3500;332
3502;332
3504;332
3506;332
3508;332
3510;332
3512;332
3514;332
3516;332
3518;332
3520;332
3522;332
3524;332
3526;332
3528;332
3530;332
3532;332
3534;332
3536;332
3538;332
3540;332
3542;332
3544;332
3546;332
3548;332
3550;332
3552;332
3554;332
3556;332
3558;332
3560;332
3562;332
3564;332
3566;332
3568;332
3570;332
3572;332
3574;332
3576;332
3578;332
3580;332
3582;332
3584;332
3586;332
3588;332
3590;332
3592;332
3594;332
3596;332
3598;332
3600;190
3602;190
3604;190
3606;190
3608;190
3610;190
3612;190
3614;190
3616;190
3618;190
3620;190
3622;190
3624;190
3626;190
3628;190
3630;190
3632;190
3634;190
3636;190
3638;190
3640;190
3642;190
3644;190
3646;190
3648;190
3650;190
3652;190
3654;190
3656;190
3658;190
3660;190
3662;190
3664;190
3666;190
3668;190
3670;190
3672;190
3674;190
3676;190
3678;190
3680;190
3682;190
3684;190
3686;190
3688;190
3690;190
3692;190
3694;190
3696;190
3698;190
3700;190
3702;190
3704;190
3706;190
3708;190
3710;190
3712;190
3714;190
3716;190
3718;190
3720;190
3722;190
3724;190
3726;190
3728;190
3730;190
3732;190
3734;190
3736;190
3738;190
3740;190
3742;190
3744;190
3746;190
3748;190
3750;190
3752;190
3754;190
3756;190
3758;190
3760;190
3762;190
3764;190
3766;190
3768;190
3770;190
3772;190
3774;190
3776;190
3778;190
3780;190
3782;190
3784;190
3786;190
3788;190
3790;190
3792;190
3794;190
3796;190
3798;190
3800;190
3802;190
3804;190
3806;190
3808;190
3810;190
3812;190
3814;190
3816;190
3818;190
3820;190
3822;190
3824;190
3826;190
3828;190
3830;190
3832;190
3834;190
3836;190
3838;190
3840;190
3842;190
3844;190
3846;190
3848;190
3850;190
3852;190
3854;190
3856;190
3858;190
3860;190
3862;190
3864;190
3866;190
3868;190
3870;190
3872;190
3874;190
3876;190
3878;190
3880;190
3882;190
3884;190
3886;190
3888;190
3890;190
3892;190
3894;190
3896;190
3898;190
3900;190
3902;190
3904;190
3906;190
3908;190
3910;190
3912;190
3914;190
3916;190
3918;190
3920;190
3922;190
3924;190
3926;190
3928;190
3930;190
3932;190
3934;190
3936;190
3938;190
3940;190
3942;190
3944;190
3946;190
3948;190
3950;190
3952;190
3954;190
3956;190
3958;190
3960;190
3962;190
3964;190
3966;190
3968;190
3970;190
3972;190
3974;190
3976;190
3978;190
3980;190
3982;190
3984;190
3986;190
3988;190
3990;190
3992;190
3994;190
3996;190
3998;190
4000;190
4002;190
4004;190
4006;190
4008;190
4010;190
4012;190
4014;190
4016;190
4018;190
4020;190
4022;190
4024;190
4026;190
4028;190
4030;190
4032;190
4034;190
4036;190
4038;190
4040;190
4042;190
4044;190
4046;190
4048;190
4050;190
4052;190
4054;190
4056;190
4058;190
4060;190
4062;190
4064;190
4066;190
4068;190
4070;190
4072;190
4074;190
4076;190
4078;190
4080;190
4082;190
4084;190
4086;190
4088;190
4090;190
4092;190
4094;190
4096;190
4098;190
4100;190
4102;190
4104;190
4106;190
4108;190
4110;190
4112;190
4114;190
4116;190
4118;190
4120;190
4122;190
4124;190
4126;190
4128;190
4130;190
4132;190
4134;190
4136;190
4138;190
4140;190
4142;190
4144;190
4146;190
4148;190
4150;190
4152;190
4154;190
4156;190
4158;190
4160;190
4162;190
4164;190
4166;190
4168;190
4170;190
4172;190
4174;190
4176;190
4178;190
4180;190
4182;190
4184;190
4186;190
4188;190
4190;190
4192;190
4194;190
4196;190
4198;190
4200;190
4202;190
4204;190
4206;190
4208;190
4210;190
4212;190
4214;190
4216;190
4218;190
4220;190
4222;190
4224;190
4226;190
4228;190
4230;190
4232;190
4234;190
4236;190
4238;190
4240;190
4242;190
4244;190
4246;190
4248;190
4250;190
4252;190
4254;190
4256;190
4258;190
4260;190
4262;190
4264;190
4266;190
4268;190
4270;190
4272;190
4274;190
4276;190
4278;190
4280;190
4282;190
4284;190
4286;190
4288;190
4290;190
4292;190
4294;190
4296;190
4298;190
4300;190
4302;190
4304;190
4306;190
4308;190
4310;190
4312;190
4314;190
4316;190
4318;190
4320;190
4322;190
4324;190
4326;190
4328;190
4330;190
4332;190
4334;190
4336;190
4338;190
4340;190
4342;190
4344;190
4346;190
4348;190
4350;190
4352;190
4354;190
4356;190
4358;190
4360;190
4362;190
4364;190
4366;190
4368;190
4370;190
4372;190
4374;190
4376;190
4378;190
4380;190
4382;190
4384;190
4386;190
4388;190
4390;190
4392;190
4394;190
4396;190
4398;190
4400;190
4402;190
4404;190
4406;190
4408;190
4410;190
4412;190
4414;190
4416;190
4418;190
4420;190
4422;190
4424;190
4426;190
4428;190
4430;190
4432;190
4434;190
4436;190
4438;190
4440;190
4442;190
4444;190
4446;190
4448;190
4450;190
4452;190
4454;190
4456;190
4458;190
4460;190
4462;190
4464;190
4466;190
4468;190
4470;190
4472;190
4474;190
4476;190
4478;190
4480;190
4482;190
4484;190
4486;190
4488;190
4490;190
4492;190
4494;190
4496;190
4498;190
4500;112
4502;112
4504;112
4506;112
4508;112
4510;112
4512;112
4514;112
4516;112
4518;112
4520;112
4522;112
4524;112
4526;112
4528;112
4530;112
4532;112
4534;112
4536;112
4538;112
4540;112
4542;112
4544;112
4546;112
4548;112
4550;112
4552;112
4554;112
4556;112
4558;112
4560;112
4562;112
4564;112
4566;112
4568;112
4570;112
4572;112
4574;112
4576;112
4578;112
4580;112
4582;112
4584;112
4586;112
4588;112
4590;112
4592;112
4594;112
4596;112
4598;112
4600;112
4602;112
4604;112
4606;112
4608;112
4610;112
4612;112
4614;112
4616;112
4618;112
4620;112
4622;112
4624;112
4626;112
4628;112
4630;112
4632;112
4634;112
4636;112
4638;112
4640;112
4642;112
4644;112
4646;112
4648;112
4650;112
4652;112
4654;112
4656;112
4658;112
4660;112
4662;112
4664;112
4666;112
4668;112
4670;112
4672;112
4674;112
4676;112
4678;112
4680;112
4682;112
4684;112
4686;112
4688;112
4690;112
4692;112
4694;112
4696;112
4698;112
4700;112
4702;112
4704;112
4706;112
4708;112
4710;112
4712;112
4714;112
4716;112
4718;112
4720;112
4722;112
4724;112
4726;112
4728;112
4730;112
4732;112
4734;112
4736;112
4738;112
4740;112
4742;112
4744;112
4746;112
4748;112
4750;112
4752;112
4754;112
4756;112
4758;112
4760;112
4762;112
4764;112
4766;112
4768;112
4770;112
4772;112
4774;112
4776;112
4778;112
4780;112
4782;112
4784;112
4786;112
4788;112
4790;112
4792;112
4794;112
4796;112
4798;112
4800;112
4802;112
4804;112
4806;112
4808;112
4810;112
4812;112
4814;112
4816;112
4818;112
4820;112
4822;112
4824;112
4826;112
4828;112
4830;112
4832;112
4834;112
4836;112
4838;112
4840;112
4842;112
4844;112
4846;112
4848;112
4850;112
4852;112
4854;112
4856;112
4858;112
4860;112
4862;112
4864;112
4866;112
4868;112
4870;112
4872;112
4874;112
4876;112
4878;112
4880;112
4882;112
4884;112
4886;112
4888;112
4890;112
4892;112
4894;112
4896;112
4898;112
4900;112
4902;112
4904;112
4906;112
4908;112
4910;112
4912;112
4914;112
4916;112
4918;112
4920;112
4922;112
4924;112
4926;112
4928;112
4930;112
4932;112
4934;112
4936;112
4938;112
4940;112
4942;112
4944;112
4946;112
4948;112
4950;112
4952;112
4954;112
4956;112
4958;112
4960;112
4962;112
4964;112
4966;112
4968;112
4970;112
4972;112
4974;112
4976;112
4978;112
4980;112
4982;112
4984;112
4986;112
4988;112
4990;112
4992;112
4994;112
4996;112
4998;112
5000;112
5002;112
5004;112
5006;112
5008;112
5010;112
5012;112
5014;112
5016;112
5018;112
5020;112
5022;112
5024;112
5026;112
5028;112
5030;112
5032;112
5034;112
5036;112
5038;112
5040;112
5042;112
5044;112
5046;112
5048;112
5050;112
5052;112
5054;112
5056;112
5058;112
5060;112
5062;112
5064;112
5066;112
5068;112
5070;112
5072;112
5074;112
5076;112
5078;112
5080;112
5082;112
5084;112
5086;112
5088;112
5090;112
5092;112
5094;112
5096;112
5098;112
5100;112
5102;112
5104;112
5106;112
5108;112
5110;112
5112;112
5114;112
5116;112
5118;112
5120;112
5122;112
5124;112
5126;112
5128;112
5130;112
5132;112
5134;112
5136;112
5138;112
5140;112
5142;112
5144;112
5146;112
5148;112
5150;112
5152;112
5154;112
5156;112
5158;112
5160;112
5162;112
5164;112
5166;112
5168;112
5170;112
5172;112
5174;112
5176;112
5178;112
5180;112
5182;112
5184;112
5186;112
5188;112
5190;112
5192;112
5194;112
5196;112
5198;112
5200;112
5202;112
5204;112
5206;112
5208;112
5210;112
5212;112
5214;112
5216;112
5218;112
5220;112
5222;112
5224;112
5226;112
5228;112
5230;112
5232;112
5234;112
5236;112
5238;112
5240;112
5242;112
5244;112
5246;112
5248;112
5250;112
5252;112
5254;112
5256;112
5258;112
5260;112
5262;112
5264;112
5266;112
5268;112
5270;112
5272;112
5274;112
5276;112
5278;112
5280;112
5282;112
5284;112
5286;112
5288;112
5290;112
5292;112
5294;112
5296;112
5298;112
5300;112
5302;112
5304;112
5306;112
5308;112
5310;112
5312;112
5314;112
5316;112
5318;112
5320;112
5322;112
5324;112
5326;112
5328;112
5330;112
5332;112
5334;112
5336;112
5338;112
5340;112
5342;112
5344;112
5346;112
5348;112
5350;112
5352;112
5354;112
5356;112
5358;112
5360;112
5362;112
5364;112
5366;112
5368;112
5370;112
5372;112
5374;112
5376;112
5378;112
5380;112
5382;112
5384;112
5386;112
5388;112
5390;112
5392;112
5394;112
5396;112
5398;112
5400;51
5402;51
5404;51
5406;51
5408;51
5410;51
5412;51
5414;51
5416;51
5418;51
5420;51
5422;51
5424;51
5426;51
5428;51
5430;51
5432;51
5434;51
5436;51
5438;51
5440;51
5442;51
5444;51
5446;51
5448;51
5450;51
5452;51
5454;51
5456;51
5458;51
5460;51
5462;51
5464;51
5466;51
5468;51
5470;51
5472;51
5474;51
5476;51
5478;51
5480;51
5482;51
5484;51
5486;51
5488;51
5490;51
5492;51
5494;51
5496;51
5498;51
5500;51
5502;51
5504;51
5506;51
5508;51
5510;51
5512;51
5514;51
5516;51
5518;51
5520;51
5522;51
5524;51
5526;51
5528;51
5530;51
5532;51
5534;51
5536;51
5538;51
5540;51
5542;51
5544;51
5546;51
5548;51
5550;51
5552;51
5554;51
5556;51
5558;51
5560;51
5562;51
5564;51
5566;51
5568;51
5570;51
5572;51
5574;51
5576;51
5578;51
5580;51
5582;51
5584;51
5586;51
5588;51
5590;51
5592;51
5594;51
5596;51
5598;51
5600;51
5602;51
5604;51
5606;51
5608;51
5610;51
5612;51
5614;51
5616;51
5618;51
5620;51
5622;51
5624;51
5626;51
5628;51
5630;51
5632;51
5634;51
5636;51
5638;51
5640;51
5642;51
5644;51
5646;51
5648;51
5650;51
5652;51
5654;51
5656;51
5658;51
5660;51
5662;51
5664;51
5666;51
5668;51
5670;51
5672;51
5674;51
5676;51
5678;51
5680;51
5682;51
5684;51
5686;51
5688;51
5690;51
5692;51
5694;51
5696;51
5698;51
5700;51
5702;51
5704;51
5706;51
5708;51
5710;51
5712;51
5714;51
5716;51
5718;51
5720;51
5722;51
5724;51
5726;51
5728;51
5730;51
5732;51
5734;51
5736;51
5738;51
5740;51
5742;51
5744;51
5746;51
5748;51
5750;51
5752;51
5754;51
5756;51
5758;51
5760;51
5762;51
5764;51
5766;51
5768;51
5770;51
5772;51
5774;51
5776;51
5778;51
5780;51
5782;51
5784;51
5786;51
5788;51
5790;51
5792;51
5794;51
5796;51
5798;51
5800;51
5802;51
5804;51
5806;51
5808;51
5810;51
5812;51
5814;51
5816;51
5818;51
5820;51
5822;51
5824;51
5826;51
5828;51
5830;51
5832;51
5834;51
5836;51
5838;51
5840;51
5842;51
5844;51
5846;51
5848;51
5850;51
5852;51
5854;51
5856;51
5858;51
5860;51
5862;51
5864;51
5866;51
5868;51
5870;51
5872;51
5874;51
5876;51
5878;51
5880;51
5882;51
5884;51
5886;51
5888;51
5890;51
5892;51
5894;51
5896;51
5898;51
5900;51
5902;51
5904;51
5906;51
5908;51
5910;51
5912;51
5914;51
5916;51
5918;51
5920;51
5922;51
5924;51
5926;51
5928;51
5930;51
5932;51
5934;51
5936;51
5938;51
5940;51
5942;51
5944;51
5946;51
5948;51
5950;51
5952;51
5954;51
5956;51
5958;51
5960;51
5962;51
5964;51
5966;51
5968;51
5970;51
5972;51
5974;51
5976;51
5978;51
5980;51
5982;51
5984;51
5986;51
5988;51
5990;51
5992;51
5994;51
5996;51
5998;51
6000;51
6002;51
6004;51
6006;51
6008;51
6010;51
6012;51
6014;51
6016;51
6018;51
6020;51
6022;51
6024;51
6026;51
6028;51
6030;51
6032;51
6034;51
6036;51
6038;51
6040;51
6042;51
6044;51
6046;51
6048;51
6050;51
6052;51
6054;51
6056;51
6058;51
6060;51
6062;51
6064;51
6066;51
6068;51
6070;51
6072;51
6074;51
6076;51
6078;51
6080;51
6082;51
6084;51
6086;51
6088;51
6090;51
6092;51
6094;51
6096;51
6098;51
6100;51
6102;51
6104;51
6106;51
6108;51
6110;51
6112;51
6114;51
6116;51
6118;51
6120;51
6122;51
6124;51
6126;51
6128;51
6130;51
6132;51
6134;51
6136;51
6138;51
6140;51
6142;51
6144;51
6146;51
6148;51
6150;51
6152;51
6154;51
6156;51
6158;51
6160;51
6162;51
6164;51
6166;51
6168;51
6170;51
6172;51
6174;51
6176;51
6178;51
6180;51
6182;51
6184;51
6186;51
6188;51
6190;51
6192;51
6194;51
6196;51
6198;51
6200;51
6202;51
6204;51
6206;51
6208;51
6210;51
6212;51
6214;51
6216;51
6218;51
6220;51
6222;51
6224;51
6226;51
6228;51
6230;51
6232;51
6234;51
6236;51
6238;51
6240;51
6242;51
6244;51
6246;51
6248;51
6250;51
6252;51
6254;51
6256;51
6258;51
6260;51
6262;51
6264;51
6266;51
6268;51
6270;51
6272;51
6274;51
6276;51
6278;51
6280;51
6282;51
6284;51
6286;51
6288;51
6290;51
6292;51
6294;51
6296;51
6298;51
6300;52
6302;52
6304;52
6306;52
6308;52
6310;52
6312;52
6314;52
6316;52
6318;52
6320;52
6322;52
6324;52
6326;52
6328;52
6330;52
6332;52
6334;52
6336;52
6338;52
6340;52
6342;52
6344;52
6346;52
6348;52
6350;52
6352;52
6354;52
6356;52
6358;52
6360;52
6362;52
6364;52
6366;52
6368;52
6370;52
6372;52
6374;52
6376;52
6378;52
6380;52
6382;52
6384;52
6386;52
6388;52
6390;52
6392;52
6394;52
6396;52
6398;52
6400;52
6402;52
6404;52
6406;52
6408;52
6410;52
6412;52
6414;52
6416;52
6418;52
6420;52
6422;52
6424;52
6426;52
6428;52
6430;52
6432;52
6434;52
6436;52
6438;52
6440;52
6442;52
6444;52
6446;52
6448;52
6450;52
6452;52
6454;52
6456;52
6458;52
6460;52
6462;52
6464;52
6466;52
6468;52
6470;52
6472;52
6474;52
6476;52
6478;52
6480;52
6482;52
6484;52
6486;52
6488;52
6490;52
6492;52
6494;52
6496;52
6498;52
6500;52
6502;52
6504;52
6506;52
6508;52
6510;52
6512;52
6514;52
6516;52
6518;52
6520;52
6522;52
6524;52
6526;52
6528;52
6530;52
6532;52
6534;52
6536;52
6538;52
6540;52
6542;52
6544;52
6546;52
6548;52
6550;52
6552;52
6554;52
6556;52
6558;52
6560;52
6562;52
6564;52
6566;52
6568;52
6570;52
6572;52
6574;52
6576;52
6578;52
6580;52
6582;52
6584;52
6586;52
6588;52
6590;52
6592;52
6594;52
6596;52
6598;52
6600;52
6602;52
6604;52
6606;52
6608;52
6610;52
6612;52
6614;52
6616;52
6618;52
6620;52
6622;52
6624;52
6626;52
6628;52
6630;52
6632;52
6634;52
6636;52
6638;52
6640;52
6642;52
6644;52
6646;52
6648;52
6650;52
6652;52
6654;52
6656;52
6658;52
6660;52
6662;52
6664;52
6666;52
6668;52
6670;52
6672;52
6674;52
6676;52
6678;52
6680;52
6682;52
6684;52
6686;52
6688;52
6690;52
6692;52
6694;52
6696;52
6698;52
6700;52
6702;52
6704;52
6706;52
6708;52
6710;52
6712;52
6714;52
6716;52
6718;52
6720;52
6722;52
6724;52
6726;52
6728;52
6730;52
6732;52
6734;52
6736;52
6738;52
6740;52
6742;52
6744;52
6746;52
6748;52
6750;52
6752;52
6754;52
6756;52
6758;52
6760;52
6762;52
6764;52
6766;52
6768;52
6770;52
6772;52
6774;52
6776;52
6778;52
6780;52
6782;52
6784;52
6786;52
6788;52
6790;52
6792;52
6794;52
6796;52
6798;52
6800;52
6802;52
6804;52
6806;52
6808;52
6810;52
6812;52
6814;52
6816;52
6818;52
6820;52
6822;52
6824;52
6826;52
6828;52
6830;52
6832;52
6834;52
6836;52
6838;52
6840;52
6842;52
6844;52
6846;52
6848;52
6850;52
6852;52
6854;52
6856;52
6858;52
6860;52
6862;52
6864;52
6866;52
6868;52
6870;52
6872;52
6874;52
6876;52
6878;52
6880;52
6882;52
6884;52
6886;52
6888;52
6890;52
6892;52
6894;52
6896;52
6898;52
6900;52
6902;52
6904;52
6906;52
6908;52
6910;52
6912;52
6914;52
6916;52
6918;52
6920;52
6922;52
6924;52
6926;52
6928;52
6930;52
6932;52
6934;52
6936;52
6938;52
6940;52
6942;52
6944;52
6946;52
6948;52
6950;52
6952;52
6954;52
6956;52
6958;52
6960;52
6962;52
6964;52
6966;52
6968;52
6970;52
6972;52
6974;52
6976;52
6978;52
6980;52
6982;52
6984;52
6986;52
6988;52
6990;52
6992;52
6994;52
6996;52
6998;52
7000;52
7002;52
7004;52
7006;52
7008;52
7010;52
7012;52
7014;52
7016;52
7018;52
7020;52
7022;52
7024;52
7026;52
7028;52
7030;52
7032;52
7034;52
7036;52
7038;52
7040;52
7042;52
7044;52
7046;52
7048;52
7050;52
7052;52
7054;52
7056;52
7058;52
7060;52
7062;52
7064;52
7066;52
7068;52
7070;52
7072;52
7074;52
7076;52
7078;52
7080;52
7082;52
7084;52
7086;52
7088;52
7090;52
7092;52
7094;52
7096;52
7098;52
7100;52
7102;52
7104;52
7106;52
7108;52
7110;52
7112;52
7114;52
7116;52
7118;52
7120;52
7122;52
7124;52
7126;52
7128;52
7130;52
7132;52
7134;52
7136;52
7138;52
7140;52
7142;52
7144;52
7146;52
7148;52
7150;52
7152;52
7154;52
7156;52
7158;52
7160;52
7162;52
7164;52
7166;52
7168;52
7170;52
7172;52
7174;52
7176;52
7178;52
7180;52
7182;52
7184;52
7186;52
7188;52
7190;52
7192;52
7194;52
7196;52
7198;52
7200;233
7202;233
7204;233
7206;233
7208;233
7210;233
7212;233
7214;233
7216;233
7218;233
7220;233
7222;233
7224;233
7226;233
7228;233
7230;233
7232;233
7234;233
7236;233
7238;233
7240;233
7242;233
7244;233
7246;233
7248;233
7250;233
7252;233
7254;233
7256;233
7258;233
7260;233
7262;233
7264;233
7266;233
7268;233
7270;233
7272;233
7274;233
7276;233
7278;233
7280;233
7282;233
7284;233
7286;233
7288;233
7290;233
7292;233
7294;233
7296;233
7298;233
7300;233
7302;233
7304;233
7306;233
7308;233
7310;233
7312;233
7314;233
7316;233
7318;233
7320;233
7322;233
7324;233
7326;233
7328;233
7330;233
7332;233
7334;233
7336;233
7338;233
7340;233
7342;233
7344;233
7346;233
7348;233
7350;233
7352;233
7354;233
7356;233
7358;233
7360;233
7362;233
7364;233
7366;233
7368;233
7370;233
7372;233
7374;233
7376;233
7378;233
7380;233
7382;233
7384;233
7386;233
7388;233
7390;233
7392;233
7394;233
7396;233
7398;233
7400;233
7402;233
7404;233
7406;233
7408;233
7410;233
7412;233
7414;233
7416;233
7418;233
7420;233
7422;233
7424;233
7426;233
7428;233
7430;233
7432;233
7434;233
7436;233
7438;233
7440;233
7442;233
7444;233
7446;233
7448;233
7450;233
7452;233
7454;233
7456;233
7458;233
7460;233
7462;233
7464;233
7466;233
7468;233
7470;233
7472;233
7474;233
7476;233
7478;233
7480;233
7482;233
7484;233
7486;233
7488;233
7490;233
7492;233
7494;233
7496;233
7498;233
7500;233
7502;233
7504;233
7506;233
7508;233
7510;233
7512;233
7514;233
7516;233
7518;233
7520;233
7522;233
7524;233
7526;233
7528;233
7530;233
7532;233
7534;233
7536;233
7538;233
7540;233
7542;233
7544;233
7546;233
7548;233
7550;233
7552;233
7554;233
7556;233
7558;233
7560;233
7562;233
7564;233
7566;233
7568;233
7570;233
7572;233
7574;233
7576;233
7578;233
7580;233
7582;233
7584;233
7586;233
7588;233
7590;233
7592;233
7594;233
7596;233
7598;233
7600;233
7602;233
7604;233
7606;233
7608;233
7610;233
7612;233
7614;233
7616;233
7618;233
7620;233
7622;233
7624;233
7626;233
7628;233
7630;233
7632;233
7634;233
7636;233
7638;233
7640;233
7642;233
7644;233
7646;233
7648;233
7650;233
7652;233
7654;233
7656;233
7658;233
7660;233
7662;233
7664;233
7666;233
7668;233
7670;233
7672;233
7674;233
7676;233
7678;233
7680;233
7682;233
7684;233
7686;233
7688;233
7690;233
7692;233
7694;233
7696;233
7698;233
7700;233
7702;233
7704;233
7706;233
7708;233
7710;233
7712;233
7714;233
7716;233
7718;233
7720;233
7722;233
7724;233
7726;233
7728;233
7730;233
7732;233
7734;233
7736;233
7738;233
7740;233
7742;233
7744;233
7746;233
7748;233
7750;233
7752;233
7754;233
7756;233
7758;233
7760;233
7762;233
7764;233
7766;233
7768;233
7770;233
7772;233
7774;233
7776;233
7778;233
7780;233
7782;233
7784;233
7786;233
7788;233
7790;233
7792;233
7794;233
7796;233
7798;233
7800;233
7802;233
7804;233
7806;233
7808;233
7810;233
7812;233
7814;233
7816;233
7818;233
7820;233
7822;233
7824;233
7826;233
7828;233
7830;233
7832;233
7834;233
7836;233
7838;233
7840;233
7842;233
7844;233
7846;233
7848;233
7850;233
7852;233
7854;233
7856;233
7858;233
7860;233
7862;233
7864;233
7866;233
7868;233
7870;233
7872;233
7874;233
7876;233
7878;233
7880;233
7882;233
7884;233
7886;233
7888;233
7890;233
7892;233
7894;233
7896;233
7898;233
7900;233
7902;233
7904;233
7906;233
7908;233
7910;233
7912;233
7914;233
7916;233
7918;233
7920;233
7922;233
7924;233
7926;233
7928;233
7930;233
7932;233
7934;233
7936;233
7938;233
7940;233
7942;233
7944;233
7946;233
7948;233
7950;233
7952;233
7954;233
7956;233
7958;233
7960;233
7962;233
7964;233
7966;233
7968;233
7970;233
7972;233
7974;233
7976;233
7978;233
7980;233
7982;233
7984;233
7986;233
7988;233
7990;233
7992;233
7994;233
7996;233
7998;233
8000;233
8002;233
8004;233
8006;233
8008;233
8010;233
8012;233
8014;233
8016;233
8018;233
8020;233
8022;233
8024;233
8026;233
8028;233
8030;233
8032;233
8034;233
8036;233
8038;233
8040;233
8042;233
8044;233
8046;233
8048;233
8050;233
8052;233
8054;233
8056;233
8058;233
8060;233
8062;233
8064;233
8066;233
8068;233
8070;233
8072;233
8074;233
8076;233
8078;233
8080;233
8082;233
8084;233
8086;233
8088;233
8090;233
8092;233
8094;233
8096;233
8098;233
8100;232
8102;232
8104;232
8106;232
8108;232
8110;232
8112;232
8114;232
8116;232
8118;232
8120;232
8122;232
8124;232
8126;232
8128;232
8130;232
8132;232
8134;232
8136;232
8138;232
8140;232
8142;232
8144;232
8146;232
8148;232
8150;232
8152;232
8154;232
8156;232
8158;232
8160;232
8162;232
8164;232
8166;232
8168;232
8170;232
8172;232
8174;232
8176;232
8178;232
8180;232
8182;232
8184;232
8186;232
8188;232
8190;232
8192;232
8194;232
8196;232
8198;232
8200;232
8202;232
8204;232
8206;232
8208;232
8210;232
8212;232
8214;232
8216;232
8218;232
8220;232
8222;232
8224;232
8226;232
8228;232
8230;232
8232;232
8234;232
8236;232
8238;232
8240;232
8242;232
8244;232
8246;232
8248;232
8250;232
8252;232
8254;232
8256;232
8258;232
8260;232
8262;232
8264;232
8266;232
8268;232
8270;232
8272;232
8274;232
8276;232
8278;232
8280;232
8282;232
8284;232
8286;232
8288;232
8290;232
8292;232
8294;232
8296;232
8298;232
8300;232
8302;232
8304;232
8306;232
8308;232
8310;232
8312;232
8314;232
8316;232
8318;232
8320;232
8322;232
8324;232
8326;232
8328;232
8330;232
8332;232
8334;232
8336;232
8338;232
8340;232
8342;232
8344;232
8346;232
8348;232
8350;232
8352;232
8354;232
8356;232
8358;232
8360;232
8362;232
8364;232
8366;232
8368;232
8370;232
8372;232
8374;232
8376;232
8378;232
8380;232
8382;232
8384;232
8386;232
8388;232
8390;232
8392;232
8394;232
8396;232
8398;232
8400;232
8402;232
8404;232
8406;232
8408;232
8410;232
8412;232
8414;232
8416;232
8418;232
8420;232
8422;232
8424;232
8426;232
8428;232
8430;232
8432;232
8434;232
8436;232
8438;232
8440;232
8442;232
8444;232
8446;232
8448;232
8450;232
8452;232
8454;232
8456;232
8458;232
8460;232
8462;232
8464;232
8466;232
8468;232
8470;232
8472;232
8474;232
8476;232
8478;232
8480;232
8482;232
8484;232
8486;232
8488;232
8490;232
8492;232
8494;232
8496;232
8498;232
8500;232
8502;232
8504;232
8506;232
8508;232
8510;232
8512;232
8514;232
8516;232
8518;232
8520;232
8522;232
8524;232
8526;232
8528;232
8530;232
8532;232
8534;232
8536;232
8538;232
8540;232
8542;232
8544;232
8546;232
8548;232
8550;232
8552;232
8554;232
8556;232
8558;232
8560;232
8562;232
8564;232
8566;232
8568;232
8570;232
8572;232
8574;232
8576;232
8578;232
8580;232
8582;232
8584;232
8586;232
8588;232
8590;232
8592;232
8594;232
8596;232
8598;232
8600;232
8602;232
8604;232
8606;232
8608;232
8610;232
8612;232
8614;232
8616;232
8618;232
8620;232
8622;232
8624;232
8626;232
8628;232
8630;232
8632;232
8634;232
8636;232
8638;232
8640;232
8642;232
8644;232
8646;232
8648;232
8650;232
8652;232
8654;232
8656;232
8658;232
8660;232
8662;232
8664;232
8666;232
8668;232
8670;232
8672;232
8674;232
8676;232
8678;232
8680;232
8682;232
8684;232
8686;232
8688;232
8690;232
8692;232
8694;232
8696;232
8698;232
8700;232
8702;232
8704;232
8706;232
8708;232
8710;232
8712;232
8714;232
8716;232
8718;232
8720;232
8722;232
8724;232
8726;232
8728;232
8730;232
8732;232
8734;232
8736;232
8738;232
8740;232
8742;232
8744;232
8746;232
8748;232
8750;232
8752;232
8754;232
8756;232
8758;232
8760;232
8762;232
8764;232
8766;232
8768;232
8770;232
8772;232
8774;232
8776;232
8778;232
8780;232
8782;232
8784;232
8786;232
8788;232
8790;232
8792;232
8794;232
8796;232
8798;232
8800;232
8802;232
8804;232
8806;232
8808;232
8810;232
8812;232
8814;232
8816;232
8818;232
8820;232
8822;232
8824;232
8826;232
8828;232
8830;232
8832;232
8834;232
8836;232
8838;232
8840;232
8842;232
8844;232
8846;232
8848;232
8850;232
8852;232
8854;232
8856;232
8858;232
8860;232
8862;232
8864;232
8866;232
8868;232
8870;232
8872;232
8874;232
8876;232
8878;232
8880;232
8882;232
8884;232
8886;232
8888;232
8890;232
8892;232
8894;232
8896;232
8898;232
8900;232
8902;232
8904;232
8906;232
8908;232
8910;232
8912;232
8914;232
8916;232
8918;232
8920;232
8922;232
8924;232
8926;232
8928;232
8930;232
8932;232
8934;232
8936;232
8938;232
8940;232
8942;232
8944;232
8946;232
8948;232
8950;232
8952;232
8954;232
8956;232
8958;232
8960;232
8962;232
8964;232
8966;232
8968;232
8970;232
8972;232
8974;232
8976;232
8978;232
8980;232
8982;232
8984;232
8986;232
8988;232
8990;232
8992;232
8994;232
8996;232
8998;232
9000;50
9002;50
9004;50
9006;50
9008;50
9010;50
9012;50
9014;50
9016;50
9018;50
9020;50
9022;50
9024;50
9026;50
9028;50
9030;50
9032;50
9034;50
9036;50
9038;50
9040;50
9042;50
9044;50
9046;50
9048;50
9050;50
9052;50
9054;50
9056;50
9058;50
9060;50
9062;50
9064;50
9066;50
9068;50
9070;50
9072;50
9074;50
9076;50
9078;50
9080;50
9082;50
9084;50
9086;50
9088;50
9090;50
9092;50
9094;50
9096;50
9098;50
9100;50
9102;50
9104;50
9106;50
9108;50
9110;50
9112;50
9114;50
9116;50
9118;50
9120;50
9122;50
9124;50
9126;50
9128;50
9130;50
9132;50
9134;50
9136;50
9138;50
9140;50
9142;50
9144;50
9146;50
9148;50
9150;50
9152;50
9154;50
9156;50
9158;50
9160;50
9162;50
9164;50
9166;50
9168;50
9170;50
9172;50
9174;50
9176;50
9178;50
9180;50
9182;50
9184;50
9186;50
9188;50
9190;50
9192;50
9194;50
9196;50
9198;50
9200;50
9202;50
9204;50
9206;50
9208;50
9210;50
9212;50
9214;50
9216;50
9218;50
9220;50
9222;50
9224;50
9226;50
9228;50
9230;50
9232;50
9234;50
9236;50
9238;50
9240;50
9242;50
9244;50
9246;50
9248;50
9250;50
9252;50
9254;50
9256;50
9258;50
9260;50
9262;50
9264;50
9266;50
9268;50
9270;50
9272;50
9274;50
9276;50
9278;50
9280;50
9282;50
9284;50
9286;50
9288;50
9290;50
9292;50
9294;50
9296;50
9298;50
9300;50
9302;50
9304;50
9306;50
9308;50
9310;50
9312;50
9314;50
9316;50
9318;50
9320;50
9322;50
9324;50
9326;50
9328;50
9330;50
9332;50
9334;50
9336;50
9338;50
9340;50
9342;50
9344;50
9346;50
9348;50
9350;50
9352;50
9354;50
9356;50
9358;50
9360;50
9362;50
9364;50
9366;50
9368;50
9370;50
9372;50
9374;50
9376;50
9378;50
9380;50
9382;50
9384;50
9386;50
9388;50
9390;50
9392;50
9394;50
9396;50
9398;50
9400;50
9402;50
9404;50
9406;50
9408;50
9410;50
9412;50
9414;50
9416;50
9418;50
9420;50
9422;50
9424;50
9426;50
9428;50
9430;50
9432;50
9434;50
9436;50
9438;50
9440;50
9442;50
9444;50
9446;50
9448;50
9450;50
9452;50
9454;50
9456;50
9458;50
9460;50
9462;50
9464;50
9466;50
9468;50
9470;50
9472;50
9474;50
9476;50
9478;50
9480;50
9482;50
9484;50
9486;50
9488;50
9490;50
9492;50
9494;50
9496;50
9498;50
9500;50
9502;50
9504;50
9506;50
9508;50
9510;50
9512;50
9514;50
9516;50
9518;50
9520;50
9522;50
9524;50
9526;50
9528;50
9530;50
9532;50
9534;50
9536;50
9538;50
9540;50
9542;50
9544;50
9546;50
9548;50
9550;50
9552;50
9554;50
9556;50
9558;50
9560;50
9562;50
9564;50
9566;50
9568;50
9570;50
9572;50
9574;50
9576;50
9578;50
9580;50
9582;50
9584;50
9586;50
9588;50
9590;50
9592;50
9594;50
9596;50
9598;50
9600;50
9602;50
9604;50
9606;50
9608;50
9610;50
9612;50
9614;50
9616;50
9618;50
9620;50
9622;50
9624;50
9626;50
9628;50
9630;50
9632;50
9634;50
9636;50
9638;50
9640;50
9642;50
9644;50
9646;50
9648;50
9650;50
9652;50
9654;50
9656;50
9658;50
9660;50
9662;50
9664;50
9666;50
9668;50
9670;50
9672;50
9674;50
9676;50
9678;50
9680;50
9682;50
9684;50
9686;50
9688;50
9690;50
9692;50
9694;50
9696;50
9698;50
9700;50
9702;50
9704;50
9706;50
9708;50
9710;50
9712;50
9714;50
9716;50
9718;50
9720;50
9722;50
9724;50
9726;50
9728;50
9730;50
9732;50
9734;50
9736;50
9738;50
9740;50
9742;50
9744;50
9746;50
9748;50
9750;50
9752;50
9754;50
9756;50
9758;50
9760;50
9762;50
9764;50
9766;50
9768;50
9770;50
9772;50
9774;50
9776;50
9778;50
9780;50
9782;50
9784;50
9786;50
9788;50
9790;50
9792;50
9794;50
9796;50
9798;50
9800;50
9802;50
9804;50
9806;50
9808;50
9810;50
9812;50
9814;50
9816;50
9818;50
9820;50
9822;50
9824;50
9826;50
9828;50
9830;50
9832;50
9834;50
9836;50
9838;50
9840;50
9842;50
9844;50
9846;50
9848;50
9850;50
9852;50
9854;50
9856;50
9858;50
9860;50
9862;50
9864;50
9866;50
9868;50
9870;50
9872;50
9874;50
9876;50
9878;50
9880;50
9882;50
9884;50
9886;50
9888;50
9890;50
9892;50
9894;50
9896;50
9898;50
9900;52
9902;52
9904;52
9906;52
9908;52
9910;52
9912;52
9914;52
9916;52
9918;52
9920;52
9922;52
9924;52
9926;52
9928;52
9930;52
9932;52
9934;52
9936;52
9938;52
9940;52
9942;52
9944;52
9946;52
9948;52
9950;52
9952;52
9954;52
9956;52
9958;52
9960;52
9962;52
9964;52
9966;52
9968;52
9970;52
9972;52
9974;52
9976;52
9978;52
9980;52
9982;52
9984;52
9986;52
9988;52
9990;52
9992;52
9994;52
9996;52
9998;52
10000;52
10002;52
10004;52
10006;52
10008;52
10010;52
10012;52
10014;52
10016;52
10018;52
10020;52
10022;52
10024;52
10026;52
10028;52
10030;52
10032;52
10034;52
10036;52
10038;52
10040;52
10042;52
10044;52
10046;52
10048;52
10050;52
10052;52
10054;52
10056;52
10058;52
10060;52
10062;52
10064;52
10066;52
10068;52
10070;52
10072;52
10074;52
10076;52
10078;52
10080;52
10082;52
10084;52
10086;52
10088;52
10090;52
10092;52
10094;52
10096;52
10098;52
10100;52
10102;52
10104;52
10106;52
10108;52
10110;52
10112;52
10114;52
10116;52
10118;52
10120;52
10122;52
10124;52
10126;52
10128;52
10130;52
10132;52
10134;52
10136;52
10138;52
10140;52
10142;52
10144;52
10146;52
10148;52
10150;52
10152;52
10154;52
10156;52
10158;52
10160;52
10162;52
10164;52
10166;52
10168;52
10170;52
10172;52
10174;52
10176;52
10178;52
10180;52
10182;52
10184;52
10186;52
10188;52
10190;52
10192;52
10194;52
10196;52
10198;52
10200;52
10202;52
10204;52
10206;52
10208;52
10210;52
10212;52
10214;52
10216;52
10218;52
10220;52
10222;52
10224;52
10226;52
10228;52
10230;52
10232;52
10234;52
10236;52
10238;52
10240;52
10242;52
10244;52
10246;52
10248;52
10250;52
10252;52
10254;52
10256;52
10258;52
10260;52
10262;52
10264;52
10266;52
10268;52
10270;52
10272;52
10274;52
10276;52
10278;52
10280;52
10282;52
10284;52
10286;52
10288;52
10290;52
10292;52
10294;52
10296;52
10298;52
10300;52
10302;52
10304;52
10306;52
10308;52
10310;52
10312;52
10314;52
10316;52
10318;52
10320;52
10322;52
10324;52
10326;52
10328;52
10330;52
10332;52
10334;52
10336;52
10338;52
10340;52
10342;52
10344;52
10346;52
10348;52
10350;52
10352;52
10354;52
10356;52
10358;52
10360;52
10362;52
10364;52
10366;52
10368;52
10370;52
10372;52
10374;52
10376;52
10378;52
10380;52
10382;52
10384;52
10386;52
10388;52
10390;52
10392;52
10394;52
10396;52
10398;52
10400;52
10402;52
10404;52
10406;52
10408;52
10410;52
10412;52
10414;52
10416;52
10418;52
10420;52
10422;52
10424;52
10426;52
10428;52
10430;52
10432;52
10434;52
10436;52
10438;52
10440;52
10442;52
10444;52
10446;52
10448;52
10450;52
10452;52
10454;52
10456;52
10458;52
10460;52
10462;52
10464;52
10466;52
10468;52
10470;52
10472;52
10474;52
10476;52
10478;52
10480;52
10482;52
10484;52
10486;52
10488;52
10490;52
10492;52
10494;52
10496;52
10498;52
10500;52
10502;52
10504;52
10506;52
10508;52
10510;52
10512;52
10514;52
10516;52
10518;52
10520;52
10522;52
10524;52
10526;52
10528;52
10530;52
10532;52
10534;52
10536;52
10538;52
10540;52
10542;52
10544;52
10546;52
10548;52
10550;52
10552;52
10554;52
10556;52
10558;52
10560;52
10562;52
10564;52
10566;52
10568;52
10570;52
10572;52
10574;52
10576;52
10578;52
10580;52
10582;52
10584;52
10586;52
10588;52
10590;52
10592;52
10594;52
10596;52
10598;52
10600;52
10602;52
10604;52
10606;52
10608;52
10610;52
10612;52
10614;52
10616;52
10618;52
10620;52
10622;52
10624;52
10626;52
10628;52
10630;52
10632;52
10634;52
10636;52
10638;52
10640;52
10642;52
10644;52
10646;52
10648;52
10650;52
10652;52
10654;52
10656;52
10658;52
10660;52
10662;52
10664;52
10666;52
10668;52
10670;52
10672;52
10674;52
10676;52
10678;52
10680;52
10682;52
10684;52
10686;52
10688;52
10690;52
10692;52
10694;52
10696;52
10698;52
10700;52
10702;52
10704;52
10706;52
10708;52
10710;52
10712;52
10714;52
10716;52
10718;52
10720;52
10722;52
10724;52
10726;52
10728;52
10730;52
10732;52
10734;52
10736;52
10738;52
10740;52
10742;52
10744;52
10746;52
10748;52
10750;52
10752;52
10754;52
10756;52
10758;52
10760;52
10762;52
10764;52
10766;52
10768;52
10770;52
10772;52
10774;52
10776;52
10778;52
10780;52
10782;52
10784;52
10786;52
10788;52
10790;52
10792;52
10794;52
10796;52
10798;52
10800;273
10802;273
10804;273
10806;273
10808;273
10810;273
10812;273
10814;273
10816;273
10818;273
10820;273
10822;273
10824;273
10826;273
10828;273
10830;273
10832;273
10834;273
10836;273
10838;273
10840;273
10842;273
10844;273
10846;273
10848;273
10850;273
10852;273
10854;273
10856;273
10858;273
10860;273
10862;273
10864;273
10866;273
10868;273
10870;273
10872;273
10874;273
10876;273
10878;273
10880;273
10882;273
10884;273
10886;273
10888;273
10890;273
10892;273
10894;273
10896;273
10898;273
10900;273
10902;273
10904;273
10906;273
10908;273
10910;273
10912;273
10914;273
10916;273
10918;273
10920;273
10922;273
10924;273
10926;273
10928;273
10930;273
10932;273
10934;273
10936;273
10938;273
10940;273
10942;273
10944;273
10946;273
10948;273
10950;273
10952;273
10954;273
10956;273
10958;273
10960;273
10962;273
10964;273
10966;273
10968;273
10970;273
10972;273
10974;273
10976;273
10978;273
10980;273
10982;273
10984;273
10986;273
10988;273
10990;273
10992;273
10994;273
10996;273
10998;273
11000;273
11002;273
11004;273
11006;273
11008;273
11010;273
11012;273
11014;273
11016;273
11018;273
11020;273
11022;273
11024;273
11026;273
11028;273
11030;273
11032;273
11034;273
11036;273
11038;273
11040;273
11042;273
11044;273
11046;273
11048;273
11050;273
11052;273
11054;273
11056;273
11058;273
11060;273
11062;273
11064;273
11066;273
11068;273
11070;273
11072;273
11074;273
11076;273
11078;273
11080;273
11082;273
11084;273
11086;273
11088;273
11090;273
11092;273
11094;273
11096;273
11098;273
11100;273
11102;273
11104;273
11106;273
11108;273
11110;273
11112;273
11114;273
11116;273
11118;273
11120;273
11122;273
11124;273
11126;273
11128;273
11130;273
11132;273
11134;273
11136;273
11138;273
11140;273
11142;273
11144;273
11146;273
11148;273
11150;273
11152;273
11154;273
11156;273
11158;273
11160;273
11162;273
11164;273
11166;273
11168;273
11170;273
11172;273
11174;273
11176;273
11178;273
11180;273
11182;273
11184;273
11186;273
11188;273
11190;273
11192;273
11194;273
11196;273
11198;273
11200;273
11202;273
11204;273
11206;273
11208;273
11210;273
11212;273
11214;273
11216;273
11218;273
11220;273
11222;273
11224;273
11226;273
11228;273
11230;273
11232;273
11234;273
11236;273
11238;273
11240;273
11242;273
11244;273
11246;273
11248;273
11250;273
11252;273
11254;273
11256;273
11258;273
11260;273
11262;273
11264;273
11266;273
11268;273
11270;273
11272;273
11274;273
11276;273
11278;273
11280;273
11282;273
11284;273
11286;273
11288;273
11290;273
11292;273
11294;273
11296;273
11298;273
11300;273
11302;273
11304;273
11306;273
11308;273
11310;273
11312;273
11314;273
11316;273
11318;273
11320;273
11322;273
11324;273
11326;273
11328;273
11330;273
11332;273
11334;273
11336;273
11338;273
11340;273
11342;273
11344;273
11346;273
11348;273
11350;273
11352;273
11354;273
11356;273
11358;273
11360;273
11362;273
11364;273
11366;273
11368;273
11370;273
11372;273
11374;273
11376;273
11378;273
11380;273
11382;273
11384;273
11386;273
11388;273
11390;273
11392;273
11394;273
11396;273
11398;273
11400;273
11402;273
11404;273
11406;273
11408;273
11410;273
11412;273
11414;273
11416;273
11418;273
11420;273
11422;273
11424;273
11426;273
11428;273
11430;273
11432;273
11434;273
11436;273
11438;273
11440;273
11442;273
11444;273
11446;273
11448;273
11450;273
11452;273
11454;273
11456;273
11458;273
11460;273
11462;273
11464;273
11466;273
11468;273
11470;273
11472;273
11474;273
11476;273
11478;273
11480;273
11482;273
11484;273
11486;273
11488;273
11490;273
11492;273
11494;273
11496;273
11498;273
11500;273
11502;273
11504;273
11506;273
11508;273
11510;273
11512;273
11514;273
11516;273
11518;273
11520;273
11522;273
11524;273
11526;273
11528;273
11530;273
11532;273
11534;273
11536;273
11538;273
11540;273
11542;273
11544;273
11546;273
11548;273
11550;273
11552;273
11554;273
11556;273
11558;273
11560;273
11562;273
11564;273
11566;273
11568;273
11570;273
11572;273
11574;273
11576;273
11578;273
11580;273
11582;273
11584;273
11586;273
11588;273
11590;273
11592;273
11594;273
11596;273
11598;273
11600;273
11602;273
11604;273
11606;273
11608;273
11610;273
11612;273
11614;273
11616;273
11618;273
11620;273
11622;273
11624;273
11626;273
11628;273
11630;273
11632;273
11634;273
11636;273
11638;273
11640;273
11642;273
11644;273
11646;273
11648;273
11650;273
11652;273
11654;273
11656;273
11658;273
11660;273
11662;273
11664;273
11666;273
11668;273
11670;273
11672;273
11674;273
11676;273
11678;273
11680;273
11682;273
11684;273
11686;273
11688;273
11690;273
11692;273
11694;273
11696;273
11698;273
11700;138
11702;138
11704;138
11706;138
11708;138
11710;138
11712;138
11714;138
11716;138
11718;138
11720;138
11722;138
11724;138
11726;138
11728;138
11730;138
11732;138
11734;138
11736;138
11738;138
11740;138
11742;138
11744;138
11746;138
11748;138
11750;138
11752;138
11754;138
11756;138
11758;138
11760;138
11762;138
11764;138
11766;138
11768;138
11770;138
11772;138
11774;138
11776;138
11778;138
11780;138
11782;138
11784;138
11786;138
11788;138
11790;138
11792;138
11794;138
11796;138
11798;138
11800;138
11802;138
11804;138
11806;138
11808;138
11810;138
11812;138
11814;138
11816;138
11818;138
11820;138
11822;138
11824;138
11826;138
11828;138
11830;138
11832;138
11834;138
11836;138
11838;138
11840;138
11842;138
11844;138
11846;138
11848;138
11850;138
11852;138
11854;138
11856;138
11858;138
11860;138
11862;138
11864;138
11866;138
11868;138
11870;138
11872;138
11874;138
11876;138
11878;138
11880;138
11882;138
11884;138
11886;138
11888;138
11890;138
11892;138
11894;138
11896;138
11898;138
11900;138
11902;138
11904;138
11906;138
11908;138
11910;138
11912;138
11914;138
11916;138
11918;138
11920;138
11922;138
11924;138
11926;138
11928;138
11930;138
11932;138
11934;138
11936;138
11938;138
11940;138
11942;138
11944;138
11946;138
11948;138
11950;138
11952;138
11954;138
11956;138
11958;138
11960;138
11962;138
11964;138
11966;138
11968;138
11970;138
11972;138
11974;138
11976;138
11978;138
11980;138
11982;138
11984;138
11986;138
11988;138
11990;138
11992;138
11994;138
11996;138
11998;138
12000;138
12002;138
12004;138
12006;138
12008;138
12010;138
12012;138
12014;138
12016;138
12018;138
12020;138
12022;138
12024;138
12026;138
12028;138
12030;138
12032;138
12034;138
12036;138
12038;138
12040;138
12042;138
12044;138
12046;138
12048;138
12050;138
12052;138
12054;138
12056;138
12058;138
12060;138
12062;138
12064;138
12066;138
12068;138
12070;138
12072;138
12074;138
12076;138
12078;138
12080;138
12082;138
12084;138
12086;138
12088;138
12090;138
12092;138
12094;138
12096;138
12098;138
12100;138
12102;138
12104;138
12106;138
12108;138
12110;138
12112;138
12114;138
12116;138
12118;138
12120;138
12122;138
12124;138
12126;138
12128;138
12130;138
12132;138
12134;138
12136;138
12138;138
12140;138
12142;138
12144;138
12146;138
12148;138
12150;138
12152;138
12154;138
12156;138
12158;138
12160;138
12162;138
12164;138
12166;138
12168;138
12170;138
12172;138
12174;138
12176;138
12178;138
12180;138
12182;138
12184;138
12186;138
12188;138
12190;138
12192;138
12194;138
12196;138
12198;138
12200;138
12202;138
12204;138
12206;138
12208;138
12210;138
12212;138
12214;138
12216;138
12218;138
12220;138
12222;138
12224;138
12226;138
12228;138
12230;138
12232;138
12234;138
12236;138
12238;138
12240;138
12242;138
12244;138
12246;138
12248;138
12250;138
12252;138
12254;138
12256;138
12258;138
12260;138
12262;138
12264;138
12266;138
12268;138
12270;138
12272;138
12274;138
12276;138
12278;138
12280;138
12282;138
12284;138
12286;138
12288;138
12290;138
12292;138
12294;138
12296;138
12298;138
12300;138
12302;138
12304;138
12306;138
12308;138
12310;138
12312;138
12314;138
12316;138
12318;138
12320;138
12322;138
12324;138
12326;138
12328;138
12330;138
12332;138
12334;138
12336;138
12338;138
12340;138
12342;138
12344;138
12346;138
12348;138
12350;138
12352;138
12354;138
12356;138
12358;138
12360;138
12362;138
12364;138
12366;138
12368;138
12370;138
12372;138
12374;138
12376;138
12378;138
12380;138
12382;138
12384;138
12386;138
12388;138
12390;138
12392;138
12394;138
12396;138
12398;138
12400;138
12402;138
12404;138
12406;138
12408;138
12410;138
12412;138
12414;138
12416;138
12418;138
12420;138
12422;138
12424;138
12426;138
12428;138
12430;138
12432;138
12434;138
12436;138
12438;138
12440;138
12442;138
12444;138
12446;138
12448;138
12450;138
12452;138
12454;138
12456;138
12458;138
12460;138
12462;138
12464;138
12466;138
12468;138
12470;138
12472;138
12474;138
12476;138
12478;138
12480;138
12482;138
12484;138
12486;138
12488;138
12490;138
12492;138
12494;138
12496;138
12498;138
12500;138
12502;138
12504;138
12506;138
12508;138
12510;138
12512;138
12514;138
12516;138
12518;138
12520;138
12522;138
12524;138
12526;138
12528;138
12530;138
12532;138
12534;138
12536;138
12538;138
12540;138
12542;138
12544;138
12546;138
12548;138
12550;138
12552;138
12554;138
12556;138
12558;138
12560;138
12562;138
12564;138
12566;138
12568;138
12570;138
12572;138
12574;138
12576;138
12578;138
12580;138
12582;138
12584;138
12586;138
12588;138
12590;138
12592;138
12594;138
12596;138
12598;138
12600;231
12602;231
12604;231
12606;231
12608;231
12610;231
12612;231
12614;231
12616;231
12618;231
12620;231
12622;231
12624;231
12626;231
12628;231
12630;231
12632;231
12634;231
12636;231
12638;231
12640;231
12642;231
12644;231
12646;231
12648;231
12650;231
12652;231
12654;231
12656;231
12658;231
12660;231
12662;231
12664;231
12666;231
12668;231
12670;231
12672;231
12674;231
12676;231
12678;231
12680;231
12682;231
12684;231
12686;231
12688;231
12690;231
12692;231
12694;231
12696;231
12698;231
12700;231
12702;231
12704;231
12706;231
12708;231
12710;231
12712;231
12714;231
12716;231
12718;231
12720;231
12722;231
12724;231
12726;231
12728;231
12730;231
12732;231
12734;231
12736;231
12738;231
12740;231
12742;231
12744;231
12746;231
12748;231
12750;231
12752;231
12754;231
12756;231
12758;231
12760;231
12762;231
12764;231
12766;231
12768;231
12770;231
12772;231
12774;231
12776;231
12778;231
12780;231
12782;231
12784;231
12786;231
12788;231
12790;231
12792;231
12794;231
12796;231
12798;231
12800;231
12802;231
12804;231
12806;231
12808;231
12810;231
12812;231
12814;231
12816;231
12818;231
12820;231
12822;231
12824;231
12826;231
12828;231
12830;231
12832;231
12834;231
12836;231
12838;231
12840;231
12842;231
12844;231
12846;231
12848;231
12850;231
12852;231
12854;231
12856;231
12858;231
12860;231
12862;231
12864;231
12866;231
12868;231
12870;231
12872;231
12874;231
12876;231
12878;231
12880;231
12882;231
12884;231
12886;231
12888;231
12890;231
12892;231
12894;231
12896;231
12898;231
12900;231
12902;231
12904;231
12906;231
12908;231
12910;231
12912;231
12914;231
12916;231
12918;231
12920;231
12922;231
12924;231
12926;231
12928;231
12930;231
12932;231
12934;231
12936;231
12938;231
12940;231
12942;231
12944;231
12946;231
12948;231
12950;231
12952;231
12954;231
12956;231
12958;231
12960;231
12962;231
12964;231
12966;231
12968;231
12970;231
12972;231
12974;231
12976;231
12978;231
12980;231
12982;231
12984;231
12986;231
12988;231
12990;231
12992;231
12994;231
12996;231
12998;231
13000;231
13002;231
13004;231
13006;231
13008;231
13010;231
13012;231
13014;231
13016;231
13018;231
13020;231
13022;231
13024;231
13026;231
13028;231
13030;231
13032;231
13034;231
13036;231
13038;231
13040;231
13042;231
13044;231
13046;231
13048;231
13050;231
13052;231
13054;231
13056;231
13058;231
13060;231
13062;231
13064;231
13066;231
13068;231
13070;231
13072;231
13074;231
13076;231
13078;231
13080;231
13082;231
13084;231
13086;231
13088;231
13090;231
13092;231
13094;231
13096;231
13098;231
13100;231
13102;231
13104;231
13106;231
13108;231
13110;231
13112;231
13114;231
13116;231
13118;231
13120;231
13122;231
13124;231
13126;231
13128;231
13130;231
13132;231
13134;231
13136;231
13138;231
13140;231
13142;231
13144;231
13146;231
13148;231
13150;231
13152;231
13154;231
13156;231
13158;231
13160;231
13162;231
13164;231
13166;231
13168;231
13170;231
13172;231
13174;231
13176;231
13178;231
13180;231
13182;231
13184;231
13186;231
13188;231
13190;231
13192;231
13194;231
13196;231
13198;231
13200;231
13202;231
13204;231
13206;231
13208;231
13210;231
13212;231
13214;231
13216;231
13218;231
13220;231
13222;231
13224;231
13226;231
13228;231
13230;231
13232;231
13234;231
13236;231
13238;231
13240;231
13242;231
13244;231
13246;231
13248;231
13250;231
13252;231
13254;231
13256;231
13258;231
13260;231
13262;231
13264;231
13266;231
13268;231
13270;231
13272;231
13274;231
13276;231
13278;231
13280;231
13282;231
13284;231
13286;231
13288;231
13290;231
13292;231
13294;231
13296;231
13298;231
13300;231
13302;231
13304;231
13306;231
13308;231
13310;231
13312;231
13314;231
13316;231
13318;231
13320;231
13322;231
13324;231
13326;231
13328;231
13330;231
13332;231
13334;231
13336;231
13338;231
13340;231
13342;231
13344;231
13346;231
13348;231
13350;231
13352;231
13354;231
13356;231
13358;231
13360;231
13362;231
13364;231
13366;231
13368;231
13370;231
13372;231
13374;231
13376;231
13378;231
13380;231
13382;231
13384;231
13386;231
13388;231
13390;231
13392;231
13394;231
13396;231
13398;231
13400;231
13402;231
13404;231
13406;231
13408;231
13410;231
13412;231
13414;231
13416;231
13418;231
13420;231
13422;231
13424;231
13426;231
13428;231
13430;231
13432;231
13434;231
13436;231
13438;231
13440;231
13442;231
13444;231
13446;231
13448;231
13450;231
13452;231
13454;231
13456;231
13458;231
13460;231
13462;231
13464;231
13466;231
13468;231
13470;231
13472;231
13474;231
13476;231
13478;231
13480;231
13482;231
13484;231
13486;231
13488;231
13490;231
13492;231
13494;231
13496;231
13498;231
13500;147
13502;147
13504;147
13506;147
13508;147
13510;147
13512;147
13514;147
13516;147
13518;147
13520;147
13522;147
13524;147
13526;147
13528;147
13530;147
13532;147
13534;147
13536;147
13538;147
13540;147
13542;147
13544;147
13546;147
13548;147
13550;147
13552;147
13554;147
13556;147
13558;147
13560;147
13562;147
13564;147
13566;147
13568;147
13570;147
13572;147
13574;147
13576;147
13578;147
13580;147
13582;147
13584;147
13586;147
13588;147
13590;147
13592;147
13594;147
13596;147
13598;147
13600;147
13602;147
13604;147
13606;147
13608;147
13610;147
13612;147
13614;147
13616;147
13618;147
13620;147
13622;147
13624;147
13626;147
13628;147
13630;147
13632;147
13634;147
13636;147
13638;147
13640;147
13642;147
13644;147
13646;147
13648;147
13650;147
13652;147
13654;147
13656;147
13658;147
13660;147
13662;147
13664;147
13666;147
13668;147
13670;147
13672;147
13674;147
13676;147
13678;147
13680;147
13682;147
13684;147
13686;147
13688;147
13690;147
13692;147
13694;147
13696;147
13698;147
13700;147
13702;147
13704;147
13706;147
13708;147
13710;147
13712;147
13714;147
13716;147
13718;147
13720;147
13722;147
13724;147
13726;147
13728;147
13730;147
13732;147
13734;147
13736;147
13738;147
13740;147
13742;147
13744;147
13746;147
13748;147
13750;147
13752;147
13754;147
13756;147
13758;147
13760;147
13762;147
13764;147
13766;147
13768;147
13770;147
13772;147
13774;147
13776;147
13778;147
13780;147
13782;147
13784;147
13786;147
13788;147
13790;147
13792;147
13794;147
13796;147
13798;147
13800;147
13802;147
13804;147
13806;147
13808;147
13810;147
13812;147
13814;147
13816;147
13818;147
13820;147
13822;147
13824;147
13826;147
13828;147
13830;147
13832;147
13834;147
13836;147
13838;147
13840;147
13842;147
13844;147
13846;147
13848;147
13850;147
13852;147
13854;147
13856;147
13858;147
13860;147
13862;147
13864;147
13866;147
13868;147
13870;147
13872;147
13874;147
13876;147
13878;147
13880;147
13882;147
13884;147
13886;147
13888;147
13890;147
13892;147
13894;147
13896;147
13898;147
13900;147
13902;147
13904;147
13906;147
13908;147
13910;147
13912;147
13914;147
13916;147
13918;147
13920;147
13922;147
13924;147
13926;147
13928;147
13930;147
13932;147
13934;147
13936;147
13938;147
13940;147
13942;147
13944;147
13946;147
13948;147
13950;147
13952;147
13954;147
13956;147
13958;147
13960;147
13962;147
13964;147
13966;147
13968;147
13970;147
13972;147
13974;147
13976;147
13978;147
13980;147
13982;147
13984;147
13986;147
13988;147
13990;147
13992;147
13994;147
13996;147
13998;147
14000;147
14002;147
14004;147
14006;147
14008;147
14010;147
14012;147
14014;147
14016;147
14018;147
14020;147
14022;147
14024;147
14026;147
14028;147
14030;147
14032;147
14034;147
14036;147
14038;147
14040;147
14042;147
14044;147
14046;147
14048;147
14050;147
14052;147
14054;147
14056;147
14058;147
14060;147
14062;147
14064;147
14066;147
14068;147
14070;147
14072;147
14074;147
14076;147
14078;147
14080;147
14082;147
14084;147
14086;147
14088;147
14090;147
14092;147
14094;147
14096;147
14098;147
14100;147
14102;147
14104;147
14106;147
14108;147
14110;147
14112;147
14114;147
14116;147
14118;147
14120;147
14122;147
14124;147
14126;147
14128;147
14130;147
14132;147
14134;147
14136;147
14138;147
14140;147
14142;147
14144;147
14146;147
14148;147
14150;147
14152;147
14154;147
14156;147
14158;147
14160;147
14162;147
14164;147
14166;147
14168;147
14170;147
14172;147
14174;147
14176;147
14178;147
14180;147
14182;147
14184;147
14186;147
14188;147
14190;147
14192;147
14194;147
14196;147
14198;147
14200;147
14202;147
14204;147
14206;147
14208;147
14210;147
14212;147
14214;147
14216;147
14218;147
14220;147
14222;147
14224;147
14226;147
14228;147
14230;147
14232;147
14234;147
14236;147
14238;147
14240;147
14242;147
14244;147
14246;147
14248;147
14250;147
14252;147
14254;147
14256;147
14258;147
14260;147
14262;147
14264;147
14266;147
14268;147
14270;147
14272;147
14274;147
14276;147
14278;147
14280;147
14282;147
14284;147
14286;147
14288;147
14290;147
14292;147
14294;147
14296;147
14298;147
14300;147
14302;147
14304;147
14306;147
14308;147
14310;147
14312;147
14314;147
14316;147
14318;147
14320;147
14322;147
14324;147
14326;147
14328;147
14330;147
14332;147
14334;147
14336;147
14338;147
14340;147
14342;147
14344;147
14346;147
14348;147
14350;147
14352;147
14354;147
14356;147
14358;147
14360;147
14362;147
14364;147
14366;147
14368;147
14370;147
14372;147
14374;147
14376;147
14378;147
14380;147
14382;147
14384;147
14386;147
14388;147
14390;147
14392;147
14394;147
14396;147
14398;147
14400;51
14402;51
14404;51
14406;51
14408;51
14410;51
14412;51
14414;51
14416;51
14418;51
14420;51
14422;51
14424;51
14426;51
14428;51
14430;51
14432;51
14434;51
14436;51
14438;51
14440;51
14442;51
14444;51
14446;51
14448;51
14450;51
14452;51
14454;51
14456;51
14458;51
14460;51
14462;51
14464;51
14466;51
14468;51
14470;51
14472;51
14474;51
14476;51
14478;51
14480;51
14482;51
14484;51
14486;51
14488;51
14490;51
14492;51
14494;51
14496;51
14498;51
14500;51
14502;51
14504;51
14506;51
14508;51
14510;51
14512;51
14514;51
14516;51
14518;51
14520;51
14522;51
14524;51
14526;51
14528;51
14530;51
14532;51
14534;51
14536;51
14538;51
14540;51
14542;51
14544;51
14546;51
14548;51
14550;51
14552;51
14554;51
14556;51
14558;51
14560;51
14562;51
14564;51
14566;51
14568;51
14570;51
14572;51
14574;51
14576;51
14578;51
14580;51
14582;51
14584;51
14586;51
14588;51
14590;51
14592;51
14594;51
14596;51
14598;51
14600;51
14602;51
14604;51
14606;51
14608;51
14610;51
14612;51
14614;51
14616;51
14618;51
14620;51
14622;51
14624;51
14626;51
14628;51
14630;51
14632;51
14634;51
14636;51
14638;51
14640;51
14642;51
14644;51
14646;51
14648;51
14650;51
14652;51
14654;51
14656;51
14658;51
14660;51
14662;51
14664;51
14666;51
14668;51
14670;51
14672;51
14674;51
14676;51
14678;51
14680;51
14682;51
14684;51
14686;51
14688;51
14690;51
14692;51
14694;51
14696;51
14698;51
14700;51
14702;51
14704;51
14706;51
14708;51
14710;51
14712;51
14714;51
14716;51
14718;51
14720;51
14722;51
14724;51
14726;51
14728;51
14730;51
14732;51
14734;51
14736;51
14738;51
14740;51
14742;51
14744;51
14746;51
14748;51
14750;51
14752;51
14754;51
14756;51
14758;51
14760;51
14762;51
14764;51
14766;51
14768;51
14770;51
14772;51
14774;51
14776;51
14778;51
14780;51
14782;51
14784;51
14786;51
14788;51
14790;51
14792;51
14794;51
14796;51
14798;51
14800;51
14802;51
14804;51
14806;51
14808;51
14810;51
14812;51
14814;51
14816;51
14818;51
14820;51
14822;51
14824;51
14826;51
14828;51
14830;51
14832;51
14834;51
14836;51
14838;51
14840;51
14842;51
14844;51
14846;51
14848;51
14850;51
14852;51
14854;51
14856;51
14858;51
14860;51
14862;51
14864;51
14866;51
14868;51
14870;51
14872;51
14874;51
14876;51
14878;51
14880;51
14882;51
14884;51
14886;51
14888;51
14890;51
14892;51
14894;51
14896;51
14898;51
14900;51
14902;51
14904;51
14906;51
14908;51
14910;51
14912;51
14914;51
14916;51
14918;51
14920;51
14922;51
14924;51
14926;51
14928;51
14930;51
14932;51
14934;51
14936;51
14938;51
14940;51
14942;51
14944;51
14946;51
14948;51
14950;51
14952;51
14954;51
14956;51
14958;51
14960;51
14962;51
14964;51
14966;51
14968;51
14970;51
14972;51
14974;51
14976;51
14978;51
14980;51
14982;51
14984;51
14986;51
14988;51
14990;51
14992;51
14994;51
14996;51
14998;51
15000;51
15002;51
15004;51
15006;51
15008;51
15010;51
15012;51
15014;51
15016;51
15018;51
15020;51
15022;51
15024;51
15026;51
15028;51
15030;51
15032;51
15034;51
15036;51
15038;51
15040;51
15042;51
15044;51
15046;51
15048;51
15050;51
15052;51
15054;51
15056;51
15058;51
15060;51
15062;51
15064;51
15066;51
15068;51
15070;51
15072;51
15074;51
15076;51
15078;51
15080;51
15082;51
15084;51
15086;51
15088;51
15090;51
15092;51
15094;51
15096;51
15098;51
15100;51
15102;51
15104;51
15106;51
15108;51
15110;51
15112;51
15114;51
15116;51
15118;51
15120;51
15122;51
15124;51
15126;51
15128;51
15130;51
15132;51
15134;51
15136;51
15138;51
15140;51
15142;51
15144;51
15146;51
15148;51
15150;51
15152;51
15154;51
15156;51
15158;51
15160;51
15162;51
15164;51
15166;51
15168;51
15170;51
15172;51
15174;51
15176;51
15178;51
15180;51
15182;51
15184;51
15186;51
15188;51
15190;51
15192;51
15194;51
15196;51
15198;51
15200;51
15202;51
15204;51
15206;51
15208;51
15210;51
15212;51
15214;51
15216;51
15218;51
15220;51
15222;51
15224;51
15226;51
15228;51
15230;51
15232;51
15234;51
15236;51
15238;51
15240;51
15242;51
15244;51
15246;51
15248;51
15250;51
15252;51
15254;51
15256;51
15258;51
15260;51
15262;51
15264;51
15266;51
15268;51
15270;51
15272;51
15274;51
15276;51
15278;51
15280;51
15282;51
15284;51
15286;51
15288;51
15290;51
15292;51
15294;51
15296;51
15298;51
15300;50
15302;50
15304;50
15306;50
15308;50
15310;50
15312;50
15314;50
15316;50
15318;50
15320;50
15322;50
15324;50
15326;50
15328;50
15330;50
15332;50
15334;50
15336;50
15338;50
15340;50
15342;50
15344;50
15346;50
15348;50
15350;50
15352;50
15354;50
15356;50
15358;50
15360;50
15362;50
15364;50
15366;50
15368;50
15370;50
15372;50
15374;50
15376;50
15378;50
15380;50
15382;50
15384;50
15386;50
15388;50
15390;50
15392;50
15394;50
15396;50
15398;50
15400;50
15402;50
15404;50
15406;50
15408;50
15410;50
15412;50
15414;50
15416;50
15418;50
15420;50
15422;50
15424;50
15426;50
15428;50
15430;50
15432;50
15434;50
15436;50
15438;50
15440;50
15442;50
15444;50
15446;50
15448;50
15450;50
15452;50
15454;50
15456;50
15458;50
15460;50
15462;50
15464;50
15466;50
15468;50
15470;50
15472;50
15474;50
15476;50
15478;50
15480;50
15482;50
15484;50
15486;50
15488;50
15490;50
15492;50
15494;50
15496;50
15498;50
15500;50
15502;50
15504;50
15506;50
15508;50
15510;50
15512;50
15514;50
15516;50
15518;50
15520;50
15522;50
15524;50
15526;50
15528;50
15530;50
15532;50
15534;50
15536;50
15538;50
15540;50
15542;50
15544;50
15546;50
15548;50
15550;50
15552;50
15554;50
15556;50
15558;50
15560;50
15562;50
15564;50
15566;50
15568;50
15570;50
15572;50
15574;50
15576;50
15578;50
15580;50
15582;50
15584;50
15586;50
15588;50
15590;50
15592;50
15594;50
15596;50
15598;50
15600;50
15602;50
15604;50
15606;50
15608;50
15610;50
15612;50
15614;50
15616;50
15618;50
15620;50
15622;50
15624;50
15626;50
15628;50
15630;50
15632;50
15634;50
15636;50
15638;50
15640;50
15642;50
15644;50
15646;50
15648;50
15650;50
15652;50
15654;50
15656;50
15658;50
15660;50
15662;50
15664;50
15666;50
15668;50
15670;50
15672;50
15674;50
15676;50
15678;50
15680;50
15682;50
15684;50
15686;50
15688;50
15690;50
15692;50
15694;50
15696;50
15698;50
15700;50
15702;50
15704;50
15706;50
15708;50
15710;50
15712;50
15714;50
15716;50
15718;50
15720;50
15722;50
15724;50
15726;50
15728;50
15730;50
15732;50
15734;50
15736;50
15738;50
15740;50
15742;50
15744;50
15746;50
15748;50
15750;50
15752;50
15754;50
15756;50
15758;50
15760;50
15762;50
15764;50
15766;50
15768;50
15770;50
15772;50
15774;50
15776;50
15778;50
15780;50
15782;50
15784;50
15786;50
15788;50
15790;50
15792;50
15794;50
15796;50
15798;50
15800;50
15802;50
15804;50
15806;50
15808;50
15810;50
15812;50
15814;50
15816;50
15818;50
15820;50
15822;50
15824;50
15826;50
15828;50
15830;50
15832;50
15834;50
15836;50
15838;50
15840;50
15842;50
15844;50
15846;50
15848;50
15850;50
15852;50
15854;50
15856;50
15858;50
15860;50
15862;50
15864;50
15866;50
15868;50
15870;50
15872;50
15874;50
15876;50
15878;50
15880;50
15882;50
15884;50
15886;50
15888;50
15890;50
15892;50
15894;50
15896;50
15898;50
15900;50
15902;50
15904;50
15906;50
15908;50
15910;50
15912;50
15914;50
15916;50
15918;50
15920;50
15922;50
15924;50
15926;50
15928;50
15930;50
15932;50
15934;50
15936;50
15938;50
15940;50
15942;50
15944;50
15946;50
15948;50
15950;50
15952;50
15954;50
15956;50
15958;50
15960;50
15962;50
15964;50
15966;50
15968;50
15970;50
15972;50
15974;50
15976;50
15978;50
15980;50
15982;50
15984;50
15986;50
15988;50
15990;50
15992;50
15994;50
15996;50
15998;50
16000;50
16002;50
16004;50
16006;50
16008;50
16010;50
16012;50
16014;50
16016;50
16018;50
16020;50
16022;50
16024;50
16026;50
16028;50
16030;50
16032;50
16034;50
16036;50
16038;50
16040;50
16042;50
16044;50
16046;50
16048;50
16050;50
16052;50
16054;50
16056;50
16058;50
16060;50
16062;50
16064;50
16066;50
16068;50
16070;50
16072;50
16074;50
16076;50
16078;50
16080;50
16082;50
16084;50
16086;50
16088;50
16090;50
16092;50
16094;50
16096;50
16098;50
16100;50
16102;50
16104;50
16106;50
16108;50
16110;50
16112;50
16114;50
16116;50
16118;50
16120;50
16122;50
16124;50
16126;50
16128;50
16130;50
16132;50
16134;50
16136;50
16138;50
16140;50
16142;50
16144;50
16146;50
16148;50
16150;50
16152;50
16154;50
16156;50
16158;50
16160;50
16162;50
16164;50
16166;50
16168;50
16170;50
16172;50
16174;50
16176;50
16178;50
16180;50
16182;50
16184;50
16186;50
16188;50
16190;50
16192;50
16194;50
16196;50
16198;50
16200;137
16202;137
16204;137
16206;137
16208;137
16210;137
16212;137
16214;137
16216;137
16218;137
16220;137
16222;137
16224;137
16226;137
16228;137
16230;137
16232;137
16234;137
16236;137
16238;137
16240;137
16242;137
16244;137
16246;137
16248;137
16250;137
16252;137
16254;137
16256;137
16258;137
16260;137
16262;137
16264;137
16266;137
16268;137
16270;137
16272;137
16274;137
16276;137
16278;137
16280;137
16282;137
16284;137
16286;137
16288;137
16290;137
16292;137
16294;137
16296;137
16298;137
16300;137
16302;137
16304;137
16306;137
16308;137
16310;137
16312;137
16314;137
16316;137
16318;137
16320;137
16322;137
16324;137
16326;137
16328;137
16330;137
16332;137
16334;137
16336;137
16338;137
16340;137
16342;137
16344;137
16346;137
16348;137
16350;137
16352;137
16354;137
16356;137
16358;137
16360;137
16362;137
16364;137
16366;137
16368;137
16370;137
16372;137
16374;137
16376;137
16378;137
16380;137
16382;137
16384;137
16386;137
16388;137
16390;137
16392;137
16394;137
16396;137
16398;137
16400;137
16402;137
16404;137
16406;137
16408;137
16410;137
16412;137
16414;137
16416;137
16418;137
16420;137
16422;137
16424;137
16426;137
16428;137
16430;137
16432;137
16434;137
16436;137
16438;137
16440;137
16442;137
16444;137
16446;137
16448;137
16450;137
16452;137
16454;137
16456;137
16458;137
16460;137
16462;137
16464;137
16466;137
16468;137
16470;137
16472;137
16474;137
16476;137
16478;137
16480;137
16482;137
16484;137
16486;137
16488;137
16490;137
16492;137
16494;137
16496;137
16498;137
16500;137
16502;137
16504;137
16506;137
16508;137
16510;137
16512;137
16514;137
16516;137
16518;137
16520;137
16522;137
16524;137
16526;137
16528;137
16530;137
16532;137
16534;137
16536;137
16538;137
16540;137
16542;137
16544;137
16546;137
16548;137
16550;137
16552;137
16554;137
16556;137
16558;137
16560;137
16562;137
16564;137
16566;137
16568;137
16570;137
16572;137
16574;137
16576;137
16578;137
16580;137
16582;137
16584;137
16586;137
16588;137
16590;137
16592;137
16594;137
16596;137
16598;137
16600;137
16602;137
16604;137
16606;137
16608;137
16610;137
16612;137
16614;137
16616;137
16618;137
16620;137
16622;137
16624;137
16626;137
16628;137
16630;137
16632;137
16634;137
16636;137
16638;137
16640;137
16642;137
16644;137
16646;137
16648;137
16650;137
16652;137
16654;137
16656;137
16658;137
16660;137
16662;137
16664;137
16666;137
16668;137
16670;137
16672;137
16674;137
16676;137
16678;137
16680;137
16682;137
16684;137
16686;137
16688;137
16690;137
16692;137
16694;137
16696;137
16698;137
16700;137
16702;137
16704;137
16706;137
16708;137
16710;137
16712;137
16714;137
16716;137
16718;137
16720;137
16722;137
16724;137
16726;137
16728;137
16730;137
16732;137
16734;137
16736;137
16738;137
16740;137
16742;137
16744;137
16746;137
16748;137
16750;137
16752;137
16754;137
16756;137
16758;137
16760;137
16762;137
16764;137
16766;137
16768;137
16770;137
16772;137
16774;137
16776;137
16778;137
16780;137
16782;137
16784;137
16786;137
16788;137
16790;137
16792;137
16794;137
16796;137
16798;137
16800;137
16802;137
16804;137
16806;137
16808;137
16810;137
16812;137
16814;137
16816;137
16818;137
16820;137
16822;137
16824;137
16826;137
16828;137
16830;137
16832;137
16834;137
16836;137
16838;137
16840;137
16842;137
16844;137
16846;137
16848;137
16850;137
16852;137
16854;137
16856;137
16858;137
16860;137
16862;137
16864;137
16866;137
16868;137
16870;137
16872;137
16874;137
16876;137
16878;137
16880;137
16882;137
16884;137
16886;137
16888;137
16890;137
16892;137
16894;137
16896;137
16898;137
16900;137
16902;137
16904;137
16906;137
16908;137
16910;137
16912;137
16914;137
16916;137
16918;137
16920;137
16922;137
16924;137
16926;137
16928;137
16930;137
16932;137
16934;137
16936;137
16938;137
16940;137
16942;137
16944;137
16946;137
16948;137
16950;137
16952;137
16954;137
16956;137
16958;137
16960;137
16962;137
16964;137
16966;137
16968;137
16970;137
16972;137
16974;137
16976;137
16978;137
16980;137
16982;137
16984;137
16986;137
16988;137
16990;137
16992;137
16994;137
16996;137
16998;137
17000;137
17002;137
17004;137
17006;137
17008;137
17010;137
17012;137
17014;137
17016;137
17018;137
17020;137
17022;137
17024;137
17026;137
17028;137
17030;137
17032;137
17034;137
17036;137
17038;137
17040;137
17042;137
17044;137
17046;137
17048;137
17050;137
17052;137
17054;137
17056;137
17058;137
17060;137
17062;137
17064;137
17066;137
17068;137
17070;137
17072;137
17074;137
17076;137
17078;137
17080;137
17082;137
17084;137
17086;137
17088;137
17090;137
17092;137
17094;137
17096;137
17098;137
17100;137
17102;137
17104;137
17106;137
17108;137
17110;137
17112;137
17114;137
17116;137
17118;137
17120;137
17122;137
17124;137
17126;137
17128;137
17130;137
17132;137
17134;137
17136;137
17138;137
17140;137
17142;137
17144;137
17146;137
17148;137
17150;137
17152;137
17154;137
17156;137
17158;137
17160;137
17162;137
17164;137
17166;137
17168;137
17170;137
17172;137
17174;137
17176;137
17178;137
17180;137
17182;137
17184;137
17186;137
17188;137
17190;137
17192;137
17194;137
17196;137
17198;137
17200;137
17202;137
17204;137
17206;137
17208;137
17210;137
17212;137
17214;137
17216;137
17218;137
17220;137
17222;137
17224;137
17226;137
17228;137
17230;137
17232;137
17234;137
17236;137
17238;137
17240;137
17242;137
17244;137
17246;137
17248;137
17250;137
17252;137
17254;137
17256;137
17258;137
17260;137
17262;137
17264;137
17266;137
17268;137
17270;137
17272;137
17274;137
17276;137
17278;137
17280;137
17282;137
17284;137
17286;137
17288;137
17290;137
17292;137
17294;137
17296;137
17298;137
17300;137
17302;137
17304;137
17306;137
17308;137
17310;137
17312;137
17314;137
17316;137
17318;137
17320;137
17322;137
17324;137
17326;137
17328;137
17330;137
17332;137
17334;137
17336;137
17338;137
17340;137
17342;137
17344;137
17346;137
17348;137
17350;137
17352;137
17354;137
17356;137
17358;137
17360;137
17362;137
17364;137
17366;137
17368;137
17370;137
17372;137
17374;137
17376;137
17378;137
17380;137
17382;137
17384;137
17386;137
17388;137
17390;137
17392;137
17394;137
17396;137
17398;137
17400;137
17402;137
17404;137
17406;137
17408;137
17410;137
17412;137
17414;137
17416;137
17418;137
17420;137
17422;137
17424;137
17426;137
17428;137
17430;137
17432;137
17434;137
17436;137
17438;137
17440;137
17442;137
17444;137
17446;137
17448;137
17450;137
17452;137
17454;137
17456;137
17458;137
17460;137
17462;137
17464;137
17466;137
17468;137
17470;137
17472;137
17474;137
17476;137
17478;137
17480;137
17482;137
17484;137
17486;137
17488;137
17490;137
17492;137
17494;137
17496;137
17498;137
17500;137
17502;137
17504;137
17506;137
17508;137
17510;137
17512;137
17514;137
17516;137
17518;137
17520;137
17522;137
17524;137
17526;137
17528;137
17530;137
17532;137
17534;137
17536;137
17538;137
17540;137
17542;137
17544;137
17546;137
17548;137
17550;137
17552;137
17554;137
17556;137
17558;137
17560;137
17562;137
17564;137
17566;137
17568;137
17570;137
17572;137
17574;137
17576;137
17578;137
17580;137
17582;137
17584;137
17586;137
17588;137
17590;137
17592;137
17594;137
17596;137
17598;137
17600;137
17602;137
17604;137
17606;137
17608;137
17610;137
17612;137
17614;137
17616;137
17618;137
17620;137
17622;137
17624;137
17626;137
17628;137
17630;137
17632;137
17634;137
17636;137
17638;137
17640;137
17642;137
17644;137
17646;137
17648;137
17650;137
17652;137
17654;137
17656;137
17658;137
17660;137
17662;137
17664;137
17666;137
17668;137
17670;137
17672;137
17674;137
17676;137
17678;137
17680;137
17682;137
17684;137
17686;137
17688;137
17690;137
17692;137
17694;137
17696;137
17698;137
17700;137
17702;137
17704;137
17706;137
17708;137
17710;137
17712;137
17714;137
17716;137
17718;137
17720;137
17722;137
17724;137
17726;137
17728;137
17730;137
17732;137
17734;137
17736;137
17738;137
17740;137
17742;137
17744;137
17746;137
17748;137
17750;137
17752;137
17754;137
17756;137
17758;137
17760;137
17762;137
17764;137
17766;137
17768;137
17770;137
17772;137
17774;137
17776;137
17778;137
17780;137
17782;137
17784;137
17786;137
17788;137
17790;137
17792;137
17794;137
17796;137
17798;137
17800;137
17802;137
17804;137
17806;137
17808;137
17810;137
17812;137
17814;137
17816;137
17818;137
17820;137
17822;137
17824;137
17826;137
17828;137
17830;137
17832;137
17834;137
17836;137
17838;137
17840;137
17842;137
17844;137
17846;137
17848;137
17850;137
17852;137
17854;137
17856;137
17858;137
17860;137
17862;137
17864;137
17866;137
17868;137
17870;137
17872;137
17874;137
17876;137
17878;137
17880;137
17882;137
17884;137
17886;137
17888;137
17890;137
17892;137
17894;137
17896;137
17898;137
17900;137
17902;137
17904;137
17906;137
17908;137
17910;137
17912;137
17914;137
17916;137
17918;137
17920;137
17922;137
17924;137
17926;137
17928;137
17930;137
17932;137
17934;137
17936;137
17938;137
17940;137
17942;137
17944;137
17946;137
17948;137
17950;137
17952;137
17954;137
17956;137
17958;137
17960;137
17962;137
17964;137
17966;137
17968;137
17970;137
17972;137
17974;137
17976;137
17978;137
17980;137
17982;137
17984;137
17986;137
17988;137
17990;137
17992;137
17994;137
17996;137
