#	X	Y
0;195
2;195
4;195
6;195
8;195
10;195
12;195
14;195
16;195
18;195
20;195
22;195
24;195
26;195
28;195
30;195
32;195
34;195
36;195
38;195
40;195
42;195
44;195
46;195
48;195
50;195
52;195
54;195
56;195
58;195
60;195
62;195
64;195
66;195
68;195
70;195
72;195
74;195
76;195
78;195
80;195
82;195
84;195
86;195
88;195
90;195
92;195
94;195
96;195
98;195
100;195
102;195
104;195
106;195
108;195
110;195
112;195
114;195
116;195
118;195
120;195
122;195
124;195
126;195
128;195
130;195
132;195
134;195
136;195
138;195
140;195
142;195
144;195
146;195
148;195
150;195
152;195
154;195
156;195
158;195
160;195
162;195
164;195
166;195
168;195
170;195
172;195
174;195
176;195
178;195
180;195
182;195
184;195
186;195
188;195
190;195
192;195
194;195
196;195
198;195
200;195
202;195
204;195
206;195
208;195
210;195
212;195
214;195
216;195
218;195
220;195
222;195
224;195
226;195
228;195
230;195
232;195
234;195
236;195
238;195
240;195
242;195
244;195
246;195
248;195
250;195
252;195
254;195
256;195
258;195
260;195
262;195
264;195
266;195
268;195
270;195
272;195
274;195
276;195
278;195
280;195
282;195
284;195
286;195
288;195
290;195
292;195
294;195
296;195
298;195
300;195
302;195
304;195
306;195
308;195
310;195
312;195
314;195
316;195
318;195
320;195
322;195
324;195
326;195
328;195
330;195
332;195
334;195
336;195
338;195
340;195
342;195
344;195
346;195
348;195
350;195
352;195
354;195
356;195
358;195
360;195
362;195
364;195
366;195
368;195
370;195
372;195
374;195
376;195
378;195
380;195
382;195
384;195
386;195
388;195
390;195
392;195
394;195
396;195
398;195
400;195
402;195
404;195
406;195
408;195
410;195
412;195
414;195
416;195
418;195
420;195
422;195
424;195
426;195
428;195
430;195
432;195
434;195
436;195
438;195
440;195
442;195
444;195
446;195
448;195
450;195
452;195
454;195
456;195
458;195
460;195
462;195
464;195
466;195
468;195
470;195
472;195
474;195
476;195
478;195
480;195
482;195
484;195
486;195
488;195
490;195
492;195
494;195
496;195
498;195
500;195
502;195
504;195
506;195
508;195
510;195
512;195
514;195
516;195
518;195
520;195
522;195
524;195
526;195
528;195
530;195
532;195
534;195
536;195
538;195
540;195
542;195
544;195
546;195
548;195
550;195
552;195
554;195
556;195
558;195
560;195
562;195
564;195
566;195
568;195
570;195
572;195
574;195
576;195
578;195
580;195
582;195
584;195
586;195
588;195
590;195
592;195
594;195
596;195
598;195
600;195
602;195
604;195
606;195
608;195
610;195
612;195
614;195
616;195
618;195
620;195
622;195
624;195
626;195
628;195
630;195
632;195
634;195
636;195
638;195
640;195
642;195
644;195
646;195
648;195
650;195
652;195
654;195
656;195
658;195
660;195
662;195
664;195
666;195
668;195
670;195
672;195
674;195
676;195
678;195
680;195
682;195
684;195
686;195
688;195
690;195
692;195
694;195
696;195
698;195
700;195
702;195
704;195
706;195
708;195
710;195
712;195
714;195
716;195
718;195
720;195
722;195
724;195
726;195
728;195
730;195
732;195
734;195
736;195
738;195
740;195
742;195
744;195
746;195
748;195
750;195
752;195
754;195
756;195
758;195
760;195
762;195
764;195
766;195
768;195
770;195
772;195
774;195
776;195
778;195
780;195
782;195
784;195
786;195
788;195
790;195
792;195
794;195
796;195
798;195
800;195
802;195
804;195
806;195
808;195
810;195
812;195
814;195
816;195
818;195
820;195
822;195
824;195
826;195
828;195
830;195
832;195
834;195
836;195
838;195
840;195
842;195
844;195
846;195
848;195
850;195
852;195
854;195
856;195
858;195
860;195
862;195
864;195
866;195
868;195
870;195
872;195
874;195
876;195
878;195
880;195
882;195
884;195
886;195
888;195
890;195
892;195
894;195
896;195
898;195
900;235
902;235
904;235
906;235
908;235
910;235
912;235
914;235
916;235
918;235
920;235
922;235
924;235
926;235
928;235
930;235
932;235
934;235
936;235
938;235
940;235
942;235
944;235
946;235
948;235
950;235
952;235
954;235
956;235
958;235
960;235
962;235
964;235
966;235
968;235
970;235
972;235
974;235
976;235
978;235
980;235
982;235
984;235
986;235
988;235
990;235
992;235
994;235
996;235
998;235
1000;235
1002;235
1004;235
1006;235
1008;235
1010;235
1012;235
1014;235
1016;235
1018;235
1020;235
1022;235
1024;235
1026;235
1028;235
1030;235
1032;235
1034;235
1036;235
1038;235
1040;235
1042;235
1044;235
1046;235
1048;235
1050;235
1052;235
1054;235
1056;235
1058;235
1060;235
1062;235
1064;235
1066;235
1068;235
1070;235
1072;235
1074;235
1076;235
1078;235
1080;235
1082;235
1084;235
1086;235
1088;235
1090;235
1092;235
1094;235
1096;235
1098;235
1100;235
1102;235
1104;235
1106;235
1108;235
1110;235
1112;235
1114;235
1116;235
1118;235
1120;235
1122;235
1124;235
1126;235
1128;235
1130;235
1132;235
1134;235
1136;235
1138;235
1140;235
1142;235
1144;235
1146;235
1148;235
1150;235
1152;235
1154;235
1156;235
1158;235
1160;235
1162;235
1164;235
1166;235
1168;235
1170;235
1172;235
1174;235
1176;235
1178;235
1180;235
1182;235
1184;235
1186;235
1188;235
1190;235
1192;235
1194;235
1196;235
1198;235
1200;235
1202;235
1204;235
1206;235
1208;235
1210;235
1212;235
1214;235
1216;235
1218;235
1220;235
1222;235
1224;235
1226;235
1228;235
1230;235
1232;235
1234;235
1236;235
1238;235
1240;235
1242;235
1244;235
1246;235
1248;235
1250;235
1252;235
1254;235
1256;235
1258;235
1260;235
1262;235
1264;235
1266;235
1268;235
1270;235
1272;235
1274;235
1276;235
1278;235
1280;235
1282;235
1284;235
1286;235
1288;235
1290;235
1292;235
1294;235
1296;235
1298;235
1300;235
1302;235
1304;235
1306;235
1308;235
1310;235
1312;235
1314;235
1316;235
1318;235
1320;235
1322;235
1324;235
1326;235
1328;235
1330;235
1332;235
1334;235
1336;235
1338;235
1340;235
1342;235
1344;235
1346;235
1348;235
1350;235
1352;235
1354;235
1356;235
1358;235
1360;235
1362;235
1364;235
1366;235
1368;235
1370;235
1372;235
1374;235
1376;235
1378;235
1380;235
1382;235
1384;235
1386;235
1388;235
1390;235
1392;235
1394;235
1396;235
1398;235
1400;235
1402;235
1404;235
1406;235
1408;235
1410;235
1412;235
1414;235
1416;235
1418;235
1420;235
1422;235
1424;235
1426;235
1428;235
1430;235
1432;235
1434;235
1436;235
1438;235
1440;235
1442;235
1444;235
1446;235
1448;235
1450;235
1452;235
1454;235
1456;235
1458;235
1460;235
1462;235
1464;235
1466;235
1468;235
1470;235
1472;235
1474;235
1476;235
1478;235
1480;235
1482;235
1484;235
1486;235
1488;235
1490;235
1492;235
1494;235
1496;235
1498;235
1500;235
1502;235
1504;235
1506;235
1508;235
1510;235
1512;235
1514;235
1516;235
1518;235
1520;235
1522;235
1524;235
1526;235
1528;235
1530;235
1532;235
1534;235
1536;235
1538;235
1540;235
1542;235
1544;235
1546;235
1548;235
1550;235
1552;235
1554;235
1556;235
1558;235
1560;235
1562;235
1564;235
1566;235
1568;235
1570;235
1572;235
1574;235
1576;235
1578;235
1580;235
1582;235
1584;235
1586;235
1588;235
1590;235
1592;235
1594;235
1596;235
1598;235
1600;235
1602;235
1604;235
1606;235
1608;235
1610;235
1612;235
1614;235
1616;235
1618;235
1620;235
1622;235
1624;235
1626;235
1628;235
1630;235
1632;235
1634;235
1636;235
1638;235
1640;235
1642;235
1644;235
1646;235
1648;235
1650;235
1652;235
1654;235
1656;235
1658;235
1660;235
1662;235
1664;235
1666;235
1668;235
1670;235
1672;235
1674;235
1676;235
1678;235
1680;235
1682;235
1684;235
1686;235
1688;235
1690;235
1692;235
1694;235
1696;235
1698;235
1700;235
1702;235
1704;235
1706;235
1708;235
1710;235
1712;235
1714;235
1716;235
1718;235
1720;235
1722;235
1724;235
1726;235
1728;235
1730;235
1732;235
1734;235
1736;235
1738;235
1740;235
1742;235
1744;235
1746;235
1748;235
1750;235
1752;235
1754;235
1756;235
1758;235
1760;235
1762;235
1764;235
1766;235
1768;235
1770;235
1772;235
1774;235
1776;235
1778;235
1780;235
1782;235
1784;235
1786;235
1788;235
1790;235
1792;235
1794;235
1796;235
1798;235
1800;331
1802;331
1804;331
1806;331
1808;331
1810;331
1812;331
1814;331
1816;331
1818;331
1820;331
1822;331
1824;331
1826;331
1828;331
1830;331
1832;331
1834;331
1836;331
1838;331
1840;331
1842;331
1844;331
1846;331
1848;331
1850;331
1852;331
1854;331
1856;331
1858;331
1860;331
1862;331
1864;331
1866;331
1868;331
1870;331
1872;331
1874;331
1876;331
1878;331
1880;331
1882;331
1884;331
1886;331
1888;331
1890;331
1892;331
1894;331
1896;331
1898;331
1900;331
1902;331
1904;331
1906;331
1908;331
1910;331
1912;331
1914;331
1916;331
1918;331
1920;331
1922;331
1924;331
1926;331
1928;331
1930;331
1932;331
1934;331
1936;331
1938;331
1940;331
1942;331
1944;331
1946;331
1948;331
1950;331
1952;331
1954;331
1956;331
1958;331
1960;331
1962;331
1964;331
1966;331
1968;331
1970;331
1972;331
1974;331
1976;331
1978;331
1980;331
1982;331
1984;331
1986;331
1988;331
1990;331
1992;331
1994;331
1996;331
1998;331
2000;331
2002;331
2004;331
2006;331
2008;331
2010;331
2012;331
2014;331
2016;331
2018;331
2020;331
2022;331
2024;331
2026;331
2028;331
2030;331
2032;331
2034;331
2036;331
2038;331
2040;331
2042;331
2044;331
2046;331
2048;331
2050;331
2052;331
2054;331
2056;331
2058;331
2060;331
2062;331
2064;331
2066;331
2068;331
2070;331
2072;331
2074;331
2076;331
2078;331
2080;331
2082;331
2084;331
2086;331
2088;331
2090;331
2092;331
2094;331
2096;331
2098;331
2100;331
2102;331
2104;331
2106;331
2108;331
2110;331
2112;331
2114;331
2116;331
2118;331
2120;331
2122;331
2124;331
2126;331
2128;331
2130;331
2132;331
2134;331
2136;331
2138;331
2140;331
2142;331
2144;331
2146;331
2148;331
2150;331
2152;331
2154;331
2156;331
2158;331
2160;331
2162;331
2164;331
2166;331
2168;331
2170;331
2172;331
2174;331
2176;331
2178;331
2180;331
2182;331
2184;331
2186;331
2188;331
2190;331
2192;331
2194;331
2196;331
2198;331
2200;331
2202;331
2204;331
2206;331
2208;331
2210;331
2212;331
2214;331
2216;331
2218;331
2220;331
2222;331
2224;331
2226;331
2228;331
2230;331
2232;331
2234;331
2236;331
2238;331
2240;331
2242;331
2244;331
2246;331
2248;331
2250;331
2252;331
2254;331
2256;331
2258;331
2260;331
2262;331
2264;331
2266;331
2268;331
2270;331
2272;331
2274;331
2276;331
2278;331
2280;331
2282;331
2284;331
2286;331
2288;331
2290;331
2292;331
2294;331
2296;331
2298;331
2300;331
2302;331
2304;331
2306;331
2308;331
2310;331
2312;331
2314;331
2316;331
2318;331
2320;331
2322;331
2324;331
2326;331
2328;331
2330;331
2332;331
2334;331
2336;331
2338;331
2340;331
2342;331
2344;331
2346;331
2348;331
2350;331
2352;331
2354;331
2356;331
2358;331
2360;331
2362;331
2364;331
2366;331
2368;331
2370;331
2372;331
2374;331
2376;331
2378;331
2380;331
2382;331
2384;331
2386;331
2388;331
2390;331
2392;331
2394;331
2396;331
2398;331
2400;331
2402;331
2404;331
2406;331
2408;331
2410;331
2412;331
2414;331
2416;331
2418;331
2420;331
2422;331
2424;331
2426;331
2428;331
2430;331
2432;331
2434;331
2436;331
2438;331
2440;331
2442;331
2444;331
2446;331
2448;331
2450;331
2452;331
2454;331
2456;331
2458;331
2460;331
2462;331
2464;331
2466;331
2468;331
2470;331
2472;331
2474;331
2476;331
2478;331
2480;331
2482;331
2484;331
2486;331
2488;331
2490;331
2492;331
2494;331
2496;331
2498;331
2500;331
2502;331
2504;331
2506;331
2508;331
2510;331
2512;331
2514;331
2516;331
2518;331
2520;331
2522;331
2524;331
2526;331
2528;331
2530;331
2532;331
2534;331
2536;331
2538;331
2540;331
2542;331
2544;331
2546;331
2548;331
2550;331
2552;331
2554;331
2556;331
2558;331
2560;331
2562;331
2564;331
2566;331
2568;331
2570;331
2572;331
2574;331
2576;331
2578;331
2580;331
2582;331
2584;331
2586;331
2588;331
2590;331
2592;331
2594;331
2596;331
2598;331
2600;331
2602;331
2604;331
2606;331
2608;331
2610;331
2612;331
2614;331
2616;331
2618;331
2620;331
2622;331
2624;331
2626;331
2628;331
2630;331
2632;331
2634;331
2636;331
2638;331
2640;331
2642;331
2644;331
2646;331
2648;331
2650;331
2652;331
2654;331
2656;331
2658;331
2660;331
2662;331
2664;331
2666;331
2668;331
2670;331
2672;331
2674;331
2676;331
2678;331
2680;331
2682;331
2684;331
2686;331
2688;331
2690;331
2692;331
2694;331
2696;331
2698;331
2700;409
2702;409
2704;409
2706;409
2708;409
2710;409
2712;409
2714;409
2716;409
2718;409
2720;409
2722;409
2724;409
2726;409
2728;409
2730;409
2732;409
2734;409
2736;409
2738;409
2740;409
2742;409
2744;409
2746;409
2748;409
2750;409
2752;409
2754;409
2756;409
2758;409
2760;409
2762;409
2764;409
2766;409
2768;409
2770;409
2772;409
2774;409
2776;409
2778;409
2780;409
2782;409
2784;409
2786;409
2788;409
2790;409
2792;409
2794;409
2796;409
2798;409
2800;409
2802;409
2804;409
2806;409
2808;409
2810;409
2812;409
2814;409
2816;409
2818;409
2820;409
2822;409
2824;409
2826;409
2828;409
2830;409
2832;409
2834;409
2836;409
2838;409
2840;409
2842;409
2844;409
2846;409
2848;409
2850;409
2852;409
2854;409
2856;409
2858;409
2860;409
2862;409
2864;409
2866;409
2868;409
2870;409
2872;409
2874;409
2876;409
2878;409
2880;409
2882;409
2884;409
2886;409
2888;409
2890;409
2892;409
2894;409
2896;409
2898;409
2900;409
2902;409
2904;409
2906;409
2908;409
2910;409
2912;409
2914;409
2916;409
2918;409
2920;409
2922;409
2924;409
2926;409
2928;409
2930;409
2932;409
2934;409
2936;409
2938;409
2940;409
2942;409
2944;409
2946;409
2948;409
2950;409
2952;409
2954;409
2956;409
2958;409
2960;409
2962;409
2964;409
2966;409
2968;409
2970;409
2972;409
2974;409
2976;409
2978;409
2980;409
2982;409
2984;409
2986;409
2988;409
2990;409
2992;409
2994;409
2996;409
2998;409
3000;409
3002;409
3004;409
3006;409
3008;409
3010;409
3012;409
3014;409
3016;409
3018;409
3020;409
3022;409
3024;409
3026;409
3028;409
3030;409
3032;409
3034;409
3036;409
3038;409
3040;409
3042;409
3044;409
3046;409
3048;409
3050;409
3052;409
3054;409
3056;409
3058;409
3060;409
3062;409
3064;409
3066;409
3068;409
3070;409
3072;409
3074;409
3076;409
3078;409
3080;409
3082;409
3084;409
3086;409
3088;409
3090;409
3092;409
3094;409
3096;409
3098;409
3100;409
3102;409
3104;409
3106;409
3108;409
3110;409
3112;409
3114;409
3116;409
3118;409
3120;409
3122;409
3124;409
3126;409
3128;409
3130;409
3132;409
3134;409
3136;409
3138;409
3140;409
3142;409
3144;409
3146;409
3148;409
3150;409
3152;409
3154;409
3156;409
3158;409
3160;409
3162;409
3164;409
3166;409
3168;409
3170;409
3172;409
3174;409
3176;409
3178;409
3180;409
3182;409
3184;409
3186;409
3188;409
3190;409
3192;409
3194;409
3196;409
3198;409
3200;409
3202;409
3204;409
3206;409
3208;409
3210;409
3212;409
3214;409
3216;409
3218;409
3220;409
3222;409
3224;409
3226;409
3228;409
3230;409
3232;409
3234;409
3236;409
3238;409
3240;409
3242;409
3244;409
3246;409
3248;409
3250;409
3252;409
3254;409
3256;409
3258;409
3260;409
3262;409
3264;409
3266;409
3268;409
3270;409
3272;409
3274;409
3276;409
3278;409
3280;409
3282;409
3284;409
3286;409
3288;409
3290;409
3292;409
3294;409
3296;409
3298;409
3300;409
3302;409
3304;409
3306;409
3308;409
3310;409
3312;409
3314;409
3316;409
3318;409
3320;409
3322;409
3324;409
3326;409
3328;409
3330;409
3332;409
3334;409
3336;409
3338;409
3340;409
3342;409
3344;409
3346;409
3348;409
3350;409
3352;409
3354;409
3356;409
3358;409
3360;409
3362;409
3364;409
3366;409
3368;409
3370;409
3372;409
3374;409
3376;409
3378;409
3380;409
3382;409
3384;409
3386;409
3388;409
3390;409
3392;409
3394;409
3396;409
3398;409
3400;409
3402;409
3404;409
3406;409
3408;409
3410;409
3412;409
3414;409
3416;409
3418;409
3420;409
3422;409
3424;409
3426;409
3428;409
3430;409
3432;409
3434;409
3436;409
3438;409
3440;409
3442;409
3444;409
3446;409
3448;409
3450;409
3452;409
3454;409
3456;409
3458;409
3460;409
3462;409
3464;409
3466;409
3468;409
3470;409
3472;409
3474;409
3476;409
3478;409
3480;409
3482;409
3484;409
3486;409
3488;409
3490;409
3492;409
3494;409
3496;409
3498;409
3500;409
3502;409
3504;409
3506;409
3508;409
3510;409
3512;409
3514;409
3516;409
3518;409
3520;409
3522;409
3524;409
3526;409
3528;409
3530;409
3532;409
3534;409
3536;409
3538;409
3540;409
3542;409
3544;409
3546;409
3548;409
3550;409
3552;409
3554;409
3556;409
3558;409
3560;409
3562;409
3564;409
3566;409
3568;409
3570;409
3572;409
3574;409
3576;409
3578;409
3580;409
3582;409
3584;409
3586;409
3588;409
3590;409
3592;409
3594;409
3596;409
3598;409
3600;296
3602;296
3604;296
3606;296
3608;296
3610;296
3612;296
3614;296
3616;296
3618;296
3620;296
3622;296
3624;296
3626;296
3628;296
3630;296
3632;296
3634;296
3636;296
3638;296
3640;296
3642;296
3644;296
3646;296
3648;296
3650;296
3652;296
3654;296
3656;296
3658;296
3660;296
3662;296
3664;296
3666;296
3668;296
3670;296
3672;296
3674;296
3676;296
3678;296
3680;296
3682;296
3684;296
3686;296
3688;296
3690;296
3692;296
3694;296
3696;296
3698;296
3700;296
3702;296
3704;296
3706;296
3708;296
3710;296
3712;296
3714;296
3716;296
3718;296
3720;296
3722;296
3724;296
3726;296
3728;296
3730;296
3732;296
3734;296
3736;296
3738;296
3740;296
3742;296
3744;296
3746;296
3748;296
3750;296
3752;296
3754;296
3756;296
3758;296
3760;296
3762;296
3764;296
3766;296
3768;296
3770;296
3772;296
3774;296
3776;296
3778;296
3780;296
3782;296
3784;296
3786;296
3788;296
3790;296
3792;296
3794;296
3796;296
3798;296
3800;296
3802;296
3804;296
3806;296
3808;296
3810;296
3812;296
3814;296
3816;296
3818;296
3820;296
3822;296
3824;296
3826;296
3828;296
3830;296
3832;296
3834;296
3836;296
3838;296
3840;296
3842;296
3844;296
3846;296
3848;296
3850;296
3852;296
3854;296
3856;296
3858;296
3860;296
3862;296
3864;296
3866;296
3868;296
3870;296
3872;296
3874;296
3876;296
3878;296
3880;296
3882;296
3884;296
3886;296
3888;296
3890;296
3892;296
3894;296
3896;296
3898;296
3900;296
3902;296
3904;296
3906;296
3908;296
3910;296
3912;296
3914;296
3916;296
3918;296
3920;296
3922;296
3924;296
3926;296
3928;296
3930;296
3932;296
3934;296
3936;296
3938;296
3940;296
3942;296
3944;296
3946;296
3948;296
3950;296
3952;296
3954;296
3956;296
3958;296
3960;296
3962;296
3964;296
3966;296
3968;296
3970;296
3972;296
3974;296
3976;296
3978;296
3980;296
3982;296
3984;296
3986;296
3988;296
3990;296
3992;296
3994;296
3996;296
3998;296
4000;296
4002;296
4004;296
4006;296
4008;296
4010;296
4012;296
4014;296
4016;296
4018;296
4020;296
4022;296
4024;296
4026;296
4028;296
4030;296
4032;296
4034;296
4036;296
4038;296
4040;296
4042;296
4044;296
4046;296
4048;296
4050;296
4052;296
4054;296
4056;296
4058;296
4060;296
4062;296
4064;296
4066;296
4068;296
4070;296
4072;296
4074;296
4076;296
4078;296
4080;296
4082;296
4084;296
4086;296
4088;296
4090;296
4092;296
4094;296
4096;296
4098;296
4100;296
4102;296
4104;296
4106;296
4108;296
4110;296
4112;296
4114;296
4116;296
4118;296
4120;296
4122;296
4124;296
4126;296
4128;296
4130;296
4132;296
4134;296
4136;296
4138;296
4140;296
4142;296
4144;296
4146;296
4148;296
4150;296
4152;296
4154;296
4156;296
4158;296
4160;296
4162;296
4164;296
4166;296
4168;296
4170;296
4172;296
4174;296
4176;296
4178;296
4180;296
4182;296
4184;296
4186;296
4188;296
4190;296
4192;296
4194;296
4196;296
4198;296
4200;296
4202;296
4204;296
4206;296
4208;296
4210;296
4212;296
4214;296
4216;296
4218;296
4220;296
4222;296
4224;296
4226;296
4228;296
4230;296
4232;296
4234;296
4236;296
4238;296
4240;296
4242;296
4244;296
4246;296
4248;296
4250;296
4252;296
4254;296
4256;296
4258;296
4260;296
4262;296
4264;296
4266;296
4268;296
4270;296
4272;296
4274;296
4276;296
4278;296
4280;296
4282;296
4284;296
4286;296
4288;296
4290;296
4292;296
4294;296
4296;296
4298;296
4300;296
4302;296
4304;296
4306;296
4308;296
4310;296
4312;296
4314;296
4316;296
4318;296
4320;296
4322;296
4324;296
4326;296
4328;296
4330;296
4332;296
4334;296
4336;296
4338;296
4340;296
4342;296
4344;296
4346;296
4348;296
4350;296
4352;296
4354;296
4356;296
4358;296
4360;296
4362;296
4364;296
4366;296
4368;296
4370;296
4372;296
4374;296
4376;296
4378;296
4380;296
4382;296
4384;296
4386;296
4388;296
4390;296
4392;296
4394;296
4396;296
4398;296
4400;296
4402;296
4404;296
4406;296
4408;296
4410;296
4412;296
4414;296
4416;296
4418;296
4420;296
4422;296
4424;296
4426;296
4428;296
4430;296
4432;296
4434;296
4436;296
4438;296
4440;296
4442;296
4444;296
4446;296
4448;296
4450;296
4452;296
4454;296
4456;296
4458;296
4460;296
4462;296
4464;296
4466;296
4468;296
4470;296
4472;296
4474;296
4476;296
4478;296
4480;296
4482;296
4484;296
4486;296
4488;296
4490;296
4492;296
4494;296
4496;296
4498;296
4500;290
4502;290
4504;290
4506;290
4508;290
4510;290
4512;290
4514;290
4516;290
4518;290
4520;290
4522;290
4524;290
4526;290
4528;290
4530;290
4532;290
4534;290
4536;290
4538;290
4540;290
4542;290
4544;290
4546;290
4548;290
4550;290
4552;290
4554;290
4556;290
4558;290
4560;290
4562;290
4564;290
4566;290
4568;290
4570;290
4572;290
4574;290
4576;290
4578;290
4580;290
4582;290
4584;290
4586;290
4588;290
4590;290
4592;290
4594;290
4596;290
4598;290
4600;290
4602;290
4604;290
4606;290
4608;290
4610;290
4612;290
4614;290
4616;290
4618;290
4620;290
4622;290
4624;290
4626;290
4628;290
4630;290
4632;290
4634;290
4636;290
4638;290
4640;290
4642;290
4644;290
4646;290
4648;290
4650;290
4652;290
4654;290
4656;290
4658;290
4660;290
4662;290
4664;290
4666;290
4668;290
4670;290
4672;290
4674;290
4676;290
4678;290
4680;290
4682;290
4684;290
4686;290
4688;290
4690;290
4692;290
4694;290
4696;290
4698;290
4700;290
4702;290
4704;290
4706;290
4708;290
4710;290
4712;290
4714;290
4716;290
4718;290
4720;290
4722;290
4724;290
4726;290
4728;290
4730;290
4732;290
4734;290
4736;290
4738;290
4740;290
4742;290
4744;290
4746;290
4748;290
4750;290
4752;290
4754;290
4756;290
4758;290
4760;290
4762;290
4764;290
4766;290
4768;290
4770;290
4772;290
4774;290
4776;290
4778;290
4780;290
4782;290
4784;290
4786;290
4788;290
4790;290
4792;290
4794;290
4796;290
4798;290
4800;290
4802;290
4804;290
4806;290
4808;290
4810;290
4812;290
4814;290
4816;290
4818;290
4820;290
4822;290
4824;290
4826;290
4828;290
4830;290
4832;290
4834;290
4836;290
4838;290
4840;290
4842;290
4844;290
4846;290
4848;290
4850;290
4852;290
4854;290
4856;290
4858;290
4860;290
4862;290
4864;290
4866;290
4868;290
4870;290
4872;290
4874;290
4876;290
4878;290
4880;290
4882;290
4884;290
4886;290
4888;290
4890;290
4892;290
4894;290
4896;290
4898;290
4900;290
4902;290
4904;290
4906;290
4908;290
4910;290
4912;290
4914;290
4916;290
4918;290
4920;290
4922;290
4924;290
4926;290
4928;290
4930;290
4932;290
4934;290
4936;290
4938;290
4940;290
4942;290
4944;290
4946;290
4948;290
4950;290
4952;290
4954;290
4956;290
4958;290
4960;290
4962;290
4964;290
4966;290
4968;290
4970;290
4972;290
4974;290
4976;290
4978;290
4980;290
4982;290
4984;290
4986;290
4988;290
4990;290
4992;290
4994;290
4996;290
4998;290
5000;290
5002;290
5004;290
5006;290
5008;290
5010;290
5012;290
5014;290
5016;290
5018;290
5020;290
5022;290
5024;290
5026;290
5028;290
5030;290
5032;290
5034;290
5036;290
5038;290
5040;290
5042;290
5044;290
5046;290
5048;290
5050;290
5052;290
5054;290
5056;290
5058;290
5060;290
5062;290
5064;290
5066;290
5068;290
5070;290
5072;290
5074;290
5076;290
5078;290
5080;290
5082;290
5084;290
5086;290
5088;290
5090;290
5092;290
5094;290
5096;290
5098;290
5100;290
5102;290
5104;290
5106;290
5108;290
5110;290
5112;290
5114;290
5116;290
5118;290
5120;290
5122;290
5124;290
5126;290
5128;290
5130;290
5132;290
5134;290
5136;290
5138;290
5140;290
5142;290
5144;290
5146;290
5148;290
5150;290
5152;290
5154;290
5156;290
5158;290
5160;290
5162;290
5164;290
5166;290
5168;290
5170;290
5172;290
5174;290
5176;290
5178;290
5180;290
5182;290
5184;290
5186;290
5188;290
5190;290
5192;290
5194;290
5196;290
5198;290
5200;290
5202;290
5204;290
5206;290
5208;290
5210;290
5212;290
5214;290
5216;290
5218;290
5220;290
5222;290
5224;290
5226;290
5228;290
5230;290
5232;290
5234;290
5236;290
5238;290
5240;290
5242;290
5244;290
5246;290
5248;290
5250;290
5252;290
5254;290
5256;290
5258;290
5260;290
5262;290
5264;290
5266;290
5268;290
5270;290
5272;290
5274;290
5276;290
5278;290
5280;290
5282;290
5284;290
5286;290
5288;290
5290;290
5292;290
5294;290
5296;290
5298;290
5300;290
5302;290
5304;290
5306;290
5308;290
5310;290
5312;290
5314;290
5316;290
5318;290
5320;290
5322;290
5324;290
5326;290
5328;290
5330;290
5332;290
5334;290
5336;290
5338;290
5340;290
5342;290
5344;290
5346;290
5348;290
5350;290
5352;290
5354;290
5356;290
5358;290
5360;290
5362;290
5364;290
5366;290
5368;290
5370;290
5372;290
5374;290
5376;290
5378;290
5380;290
5382;290
5384;290
5386;290
5388;290
5390;290
5392;290
5394;290
5396;290
5398;290
5400;236
5402;236
5404;236
5406;236
5408;236
5410;236
5412;236
5414;236
5416;236
5418;236
5420;236
5422;236
5424;236
5426;236
5428;236
5430;236
5432;236
5434;236
5436;236
5438;236
5440;236
5442;236
5444;236
5446;236
5448;236
5450;236
5452;236
5454;236
5456;236
5458;236
5460;236
5462;236
5464;236
5466;236
5468;236
5470;236
5472;236
5474;236
5476;236
5478;236
5480;236
5482;236
5484;236
5486;236
5488;236
5490;236
5492;236
5494;236
5496;236
5498;236
5500;236
5502;236
5504;236
5506;236
5508;236
5510;236
5512;236
5514;236
5516;236
5518;236
5520;236
5522;236
5524;236
5526;236
5528;236
5530;236
5532;236
5534;236
5536;236
5538;236
5540;236
5542;236
5544;236
5546;236
5548;236
5550;236
5552;236
5554;236
5556;236
5558;236
5560;236
5562;236
5564;236
5566;236
5568;236
5570;236
5572;236
5574;236
5576;236
5578;236
5580;236
5582;236
5584;236
5586;236
5588;236
5590;236
5592;236
5594;236
5596;236
5598;236
5600;236
5602;236
5604;236
5606;236
5608;236
5610;236
5612;236
5614;236
5616;236
5618;236
5620;236
5622;236
5624;236
5626;236
5628;236
5630;236
5632;236
5634;236
5636;236
5638;236
5640;236
5642;236
5644;236
5646;236
5648;236
5650;236
5652;236
5654;236
5656;236
5658;236
5660;236
5662;236
5664;236
5666;236
5668;236
5670;236
5672;236
5674;236
5676;236
5678;236
5680;236
5682;236
5684;236
5686;236
5688;236
5690;236
5692;236
5694;236
5696;236
5698;236
5700;236
5702;236
5704;236
5706;236
5708;236
5710;236
5712;236
5714;236
5716;236
5718;236
5720;236
5722;236
5724;236
5726;236
5728;236
5730;236
5732;236
5734;236
5736;236
5738;236
5740;236
5742;236
5744;236
5746;236
5748;236
5750;236
5752;236
5754;236
5756;236
5758;236
5760;236
5762;236
5764;236
5766;236
5768;236
5770;236
5772;236
5774;236
5776;236
5778;236
5780;236
5782;236
5784;236
5786;236
5788;236
5790;236
5792;236
5794;236
5796;236
5798;236
5800;236
5802;236
5804;236
5806;236
5808;236
5810;236
5812;236
5814;236
5816;236
5818;236
5820;236
5822;236
5824;236
5826;236
5828;236
5830;236
5832;236
5834;236
5836;236
5838;236
5840;236
5842;236
5844;236
5846;236
5848;236
5850;236
5852;236
5854;236
5856;236
5858;236
5860;236
5862;236
5864;236
5866;236
5868;236
5870;236
5872;236
5874;236
5876;236
5878;236
5880;236
5882;236
5884;236
5886;236
5888;236
5890;236
5892;236
5894;236
5896;236
5898;236
5900;236
5902;236
5904;236
5906;236
5908;236
5910;236
5912;236
5914;236
5916;236
5918;236
5920;236
5922;236
5924;236
5926;236
5928;236
5930;236
5932;236
5934;236
5936;236
5938;236
5940;236
5942;236
5944;236
5946;236
5948;236
5950;236
5952;236
5954;236
5956;236
5958;236
5960;236
5962;236
5964;236
5966;236
5968;236
5970;236
5972;236
5974;236
5976;236
5978;236
5980;236
5982;236
5984;236
5986;236
5988;236
5990;236
5992;236
5994;236
5996;236
5998;236
6000;236
6002;236
6004;236
6006;236
6008;236
6010;236
6012;236
6014;236
6016;236
6018;236
6020;236
6022;236
6024;236
6026;236
6028;236
6030;236
6032;236
6034;236
6036;236
6038;236
6040;236
6042;236
6044;236
6046;236
6048;236
6050;236
6052;236
6054;236
6056;236
6058;236
6060;236
6062;236
6064;236
6066;236
6068;236
6070;236
6072;236
6074;236
6076;236
6078;236
6080;236
6082;236
6084;236
6086;236
6088;236
6090;236
6092;236
6094;236
6096;236
6098;236
6100;236
6102;236
6104;236
6106;236
6108;236
6110;236
6112;236
6114;236
6116;236
6118;236
6120;236
6122;236
6124;236
6126;236
6128;236
6130;236
6132;236
6134;236
6136;236
6138;236
6140;236
6142;236
6144;236
6146;236
6148;236
6150;236
6152;236
6154;236
6156;236
6158;236
6160;236
6162;236
6164;236
6166;236
6168;236
6170;236
6172;236
6174;236
6176;236
6178;236
6180;236
6182;236
6184;236
6186;236
6188;236
6190;236
6192;236
6194;236
6196;236
6198;236
6200;236
6202;236
6204;236
6206;236
6208;236
6210;236
6212;236
6214;236
6216;236
6218;236
6220;236
6222;236
6224;236
6226;236
6228;236
6230;236
6232;236
6234;236
6236;236
6238;236
6240;236
6242;236
6244;236
6246;236
6248;236
6250;236
6252;236
6254;236
6256;236
6258;236
6260;236
6262;236
6264;236
6266;236
6268;236
6270;236
6272;236
6274;236
6276;236
6278;236
6280;236
6282;236
6284;236
6286;236
6288;236
6290;236
6292;236
6294;236
6296;236
6298;236
6300;340
6302;340
6304;340
6306;340
6308;340
6310;340
6312;340
6314;340
6316;340
6318;340
6320;340
6322;340
6324;340
6326;340
6328;340
6330;340
6332;340
6334;340
6336;340
6338;340
6340;340
6342;340
6344;340
6346;340
6348;340
6350;340
6352;340
6354;340
6356;340
6358;340
6360;340
6362;340
6364;340
6366;340
6368;340
6370;340
6372;340
6374;340
6376;340
6378;340
6380;340
6382;340
6384;340
6386;340
6388;340
6390;340
6392;340
6394;340
6396;340
6398;340
6400;340
6402;340
6404;340
6406;340
6408;340
6410;340
6412;340
6414;340
6416;340
6418;340
6420;340
6422;340
6424;340
6426;340
6428;340
6430;340
6432;340
6434;340
6436;340
6438;340
6440;340
6442;340
6444;340
6446;340
6448;340
6450;340
6452;340
6454;340
6456;340
6458;340
6460;340
6462;340
6464;340
6466;340
6468;340
6470;340
6472;340
6474;340
6476;340
6478;340
6480;340
6482;340
6484;340
6486;340
6488;340
6490;340
6492;340
6494;340
6496;340
6498;340
6500;340
6502;340
6504;340
6506;340
6508;340
6510;340
6512;340
6514;340
6516;340
6518;340
6520;340
6522;340
6524;340
6526;340
6528;340
6530;340
6532;340
6534;340
6536;340
6538;340
6540;340
6542;340
6544;340
6546;340
6548;340
6550;340
6552;340
6554;340
6556;340
6558;340
6560;340
6562;340
6564;340
6566;340
6568;340
6570;340
6572;340
6574;340
6576;340
6578;340
6580;340
6582;340
6584;340
6586;340
6588;340
6590;340
6592;340
6594;340
6596;340
6598;340
6600;340
6602;340
6604;340
6606;340
6608;340
6610;340
6612;340
6614;340
6616;340
6618;340
6620;340
6622;340
6624;340
6626;340
6628;340
6630;340
6632;340
6634;340
6636;340
6638;340
6640;340
6642;340
6644;340
6646;340
6648;340
6650;340
6652;340
6654;340
6656;340
6658;340
6660;340
6662;340
6664;340
6666;340
6668;340
6670;340
6672;340
6674;340
6676;340
6678;340
6680;340
6682;340
6684;340
6686;340
6688;340
6690;340
6692;340
6694;340
6696;340
6698;340
6700;340
6702;340
6704;340
6706;340
6708;340
6710;340
6712;340
6714;340
6716;340
6718;340
6720;340
6722;340
6724;340
6726;340
6728;340
6730;340
6732;340
6734;340
6736;340
6738;340
6740;340
6742;340
6744;340
6746;340
6748;340
6750;340
6752;340
6754;340
6756;340
6758;340
6760;340
6762;340
6764;340
6766;340
6768;340
6770;340
6772;340
6774;340
6776;340
6778;340
6780;340
6782;340
6784;340
6786;340
6788;340
6790;340
6792;340
6794;340
6796;340
6798;340
6800;340
6802;340
6804;340
6806;340
6808;340
6810;340
6812;340
6814;340
6816;340
6818;340
6820;340
6822;340
6824;340
6826;340
6828;340
6830;340
6832;340
6834;340
6836;340
6838;340
6840;340
6842;340
6844;340
6846;340
6848;340
6850;340
6852;340
6854;340
6856;340
6858;340
6860;340
6862;340
6864;340
6866;340
6868;340
6870;340
6872;340
6874;340
6876;340
6878;340
6880;340
6882;340
6884;340
6886;340
6888;340
6890;340
6892;340
6894;340
6896;340
6898;340
6900;340
6902;340
6904;340
6906;340
6908;340
6910;340
6912;340
6914;340
6916;340
6918;340
6920;340
6922;340
6924;340
6926;340
6928;340
6930;340
6932;340
6934;340
6936;340
6938;340
6940;340
6942;340
6944;340
6946;340
6948;340
6950;340
6952;340
6954;340
6956;340
6958;340
6960;340
6962;340
6964;340
6966;340
6968;340
6970;340
6972;340
6974;340
6976;340
6978;340
6980;340
6982;340
6984;340
6986;340
6988;340
6990;340
6992;340
6994;340
6996;340
6998;340
7000;340
7002;340
7004;340
7006;340
7008;340
7010;340
7012;340
7014;340
7016;340
7018;340
7020;340
7022;340
7024;340
7026;340
7028;340
7030;340
7032;340
7034;340
7036;340
7038;340
7040;340
7042;340
7044;340
7046;340
7048;340
7050;340
7052;340
7054;340
7056;340
7058;340
7060;340
7062;340
7064;340
7066;340
7068;340
7070;340
7072;340
7074;340
7076;340
7078;340
7080;340
7082;340
7084;340
7086;340
7088;340
7090;340
7092;340
7094;340
7096;340
7098;340
7100;340
7102;340
7104;340
7106;340
7108;340
7110;340
7112;340
7114;340
7116;340
7118;340
7120;340
7122;340
7124;340
7126;340
7128;340
7130;340
7132;340
7134;340
7136;340
7138;340
7140;340
7142;340
7144;340
7146;340
7148;340
7150;340
7152;340
7154;340
7156;340
7158;340
7160;340
7162;340
7164;340
7166;340
7168;340
7170;340
7172;340
7174;340
7176;340
7178;340
7180;340
7182;340
7184;340
7186;340
7188;340
7190;340
7192;340
7194;340
7196;340
7198;340
7200;347
7202;347
7204;347
7206;347
7208;347
7210;347
7212;347
7214;347
7216;347
7218;347
7220;347
7222;347
7224;347
7226;347
7228;347
7230;347
7232;347
7234;347
7236;347
7238;347
7240;347
7242;347
7244;347
7246;347
7248;347
7250;347
7252;347
7254;347
7256;347
7258;347
7260;347
7262;347
7264;347
7266;347
7268;347
7270;347
7272;347
7274;347
7276;347
7278;347
7280;347
7282;347
7284;347
7286;347
7288;347
7290;347
7292;347
7294;347
7296;347
7298;347
7300;347
7302;347
7304;347
7306;347
7308;347
7310;347
7312;347
7314;347
7316;347
7318;347
7320;347
7322;347
7324;347
7326;347
7328;347
7330;347
7332;347
7334;347
7336;347
7338;347
7340;347
7342;347
7344;347
7346;347
7348;347
7350;347
7352;347
7354;347
7356;347
7358;347
7360;347
7362;347
7364;347
7366;347
7368;347
7370;347
7372;347
7374;347
7376;347
7378;347
7380;347
7382;347
7384;347
7386;347
7388;347
7390;347
7392;347
7394;347
7396;347
7398;347
7400;347
7402;347
7404;347
7406;347
7408;347
7410;347
7412;347
7414;347
7416;347
7418;347
7420;347
7422;347
7424;347
7426;347
7428;347
7430;347
7432;347
7434;347
7436;347
7438;347
7440;347
7442;347
7444;347
7446;347
7448;347
7450;347
7452;347
7454;347
7456;347
7458;347
7460;347
7462;347
7464;347
7466;347
7468;347
7470;347
7472;347
7474;347
7476;347
7478;347
7480;347
7482;347
7484;347
7486;347
7488;347
7490;347
7492;347
7494;347
7496;347
7498;347
7500;347
7502;347
7504;347
7506;347
7508;347
7510;347
7512;347
7514;347
7516;347
7518;347
7520;347
7522;347
7524;347
7526;347
7528;347
7530;347
7532;347
7534;347
7536;347
7538;347
7540;347
7542;347
7544;347
7546;347
7548;347
7550;347
7552;347
7554;347
7556;347
7558;347
7560;347
7562;347
7564;347
7566;347
7568;347
7570;347
7572;347
7574;347
7576;347
7578;347
7580;347
7582;347
7584;347
7586;347
7588;347
7590;347
7592;347
7594;347
7596;347
7598;347
7600;347
7602;347
7604;347
7606;347
7608;347
7610;347
7612;347
7614;347
7616;347
7618;347
7620;347
7622;347
7624;347
7626;347
7628;347
7630;347
7632;347
7634;347
7636;347
7638;347
7640;347
7642;347
7644;347
7646;347
7648;347
7650;347
7652;347
7654;347
7656;347
7658;347
7660;347
7662;347
7664;347
7666;347
7668;347
7670;347
7672;347
7674;347
7676;347
7678;347
7680;347
7682;347
7684;347
7686;347
7688;347
7690;347
7692;347
7694;347
7696;347
7698;347
7700;347
7702;347
7704;347
7706;347
7708;347
7710;347
7712;347
7714;347
7716;347
7718;347
7720;347
7722;347
7724;347
7726;347
7728;347
7730;347
7732;347
7734;347
7736;347
7738;347
7740;347
7742;347
7744;347
7746;347
7748;347
7750;347
7752;347
7754;347
7756;347
7758;347
7760;347
7762;347
7764;347
7766;347
7768;347
7770;347
7772;347
7774;347
7776;347
7778;347
7780;347
7782;347
7784;347
7786;347
7788;347
7790;347
7792;347
7794;347
7796;347
7798;347
7800;347
7802;347
7804;347
7806;347
7808;347
7810;347
7812;347
7814;347
7816;347
7818;347
7820;347
7822;347
7824;347
7826;347
7828;347
7830;347
7832;347
7834;347
7836;347
7838;347
7840;347
7842;347
7844;347
7846;347
7848;347
7850;347
7852;347
7854;347
7856;347
7858;347
7860;347
7862;347
7864;347
7866;347
7868;347
7870;347
7872;347
7874;347
7876;347
7878;347
7880;347
7882;347
7884;347
7886;347
7888;347
7890;347
7892;347
7894;347
7896;347
7898;347
7900;347
7902;347
7904;347
7906;347
7908;347
7910;347
7912;347
7914;347
7916;347
7918;347
7920;347
7922;347
7924;347
7926;347
7928;347
7930;347
7932;347
7934;347
7936;347
7938;347
7940;347
7942;347
7944;347
7946;347
7948;347
7950;347
7952;347
7954;347
7956;347
7958;347
7960;347
7962;347
7964;347
7966;347
7968;347
7970;347
7972;347
7974;347
7976;347
7978;347
7980;347
7982;347
7984;347
7986;347
7988;347
7990;347
7992;347
7994;347
7996;347
7998;347
8000;347
8002;347
8004;347
8006;347
8008;347
8010;347
8012;347
8014;347
8016;347
8018;347
8020;347
8022;347
8024;347
8026;347
8028;347
8030;347
8032;347
8034;347
8036;347
8038;347
8040;347
8042;347
8044;347
8046;347
8048;347
8050;347
8052;347
8054;347
8056;347
8058;347
8060;347
8062;347
8064;347
8066;347
8068;347
8070;347
8072;347
8074;347
8076;347
8078;347
8080;347
8082;347
8084;347
8086;347
8088;347
8090;347
8092;347
8094;347
8096;347
8098;347
8100;225
8102;225
8104;225
8106;225
8108;225
8110;225
8112;225
8114;225
8116;225
8118;225
8120;225
8122;225
8124;225
8126;225
8128;225
8130;225
8132;225
8134;225
8136;225
8138;225
8140;225
8142;225
8144;225
8146;225
8148;225
8150;225
8152;225
8154;225
8156;225
8158;225
8160;225
8162;225
8164;225
8166;225
8168;225
8170;225
8172;225
8174;225
8176;225
8178;225
8180;225
8182;225
8184;225
8186;225
8188;225
8190;225
8192;225
8194;225
8196;225
8198;225
8200;225
8202;225
8204;225
8206;225
8208;225
8210;225
8212;225
8214;225
8216;225
8218;225
8220;225
8222;225
8224;225
8226;225
8228;225
8230;225
8232;225
8234;225
8236;225
8238;225
8240;225
8242;225
8244;225
8246;225
8248;225
8250;225
8252;225
8254;225
8256;225
8258;225
8260;225
8262;225
8264;225
8266;225
8268;225
8270;225
8272;225
8274;225
8276;225
8278;225
8280;225
8282;225
8284;225
8286;225
8288;225
8290;225
8292;225
8294;225
8296;225
8298;225
8300;225
8302;225
8304;225
8306;225
8308;225
8310;225
8312;225
8314;225
8316;225
8318;225
8320;225
8322;225
8324;225
8326;225
8328;225
8330;225
8332;225
8334;225
8336;225
8338;225
8340;225
8342;225
8344;225
8346;225
8348;225
8350;225
8352;225
8354;225
8356;225
8358;225
8360;225
8362;225
8364;225
8366;225
8368;225
8370;225
8372;225
8374;225
8376;225
8378;225
8380;225
8382;225
8384;225
8386;225
8388;225
8390;225
8392;225
8394;225
8396;225
8398;225
8400;225
8402;225
8404;225
8406;225
8408;225
8410;225
8412;225
8414;225
8416;225
8418;225
8420;225
8422;225
8424;225
8426;225
8428;225
8430;225
8432;225
8434;225
8436;225
8438;225
8440;225
8442;225
8444;225
8446;225
8448;225
8450;225
8452;225
8454;225
8456;225
8458;225
8460;225
8462;225
8464;225
8466;225
8468;225
8470;225
8472;225
8474;225
8476;225
8478;225
8480;225
8482;225
8484;225
8486;225
8488;225
8490;225
8492;225
8494;225
8496;225
8498;225
8500;225
8502;225
8504;225
8506;225
8508;225
8510;225
8512;225
8514;225
8516;225
8518;225
8520;225
8522;225
8524;225
8526;225
8528;225
8530;225
8532;225
8534;225
8536;225
8538;225
8540;225
8542;225
8544;225
8546;225
8548;225
8550;225
8552;225
8554;225
8556;225
8558;225
8560;225
8562;225
8564;225
8566;225
8568;225
8570;225
8572;225
8574;225
8576;225
8578;225
8580;225
8582;225
8584;225
8586;225
8588;225
8590;225
8592;225
8594;225
8596;225
8598;225
8600;225
8602;225
8604;225
8606;225
8608;225
8610;225
8612;225
8614;225
8616;225
8618;225
8620;225
8622;225
8624;225
8626;225
8628;225
8630;225
8632;225
8634;225
8636;225
8638;225
8640;225
8642;225
8644;225
8646;225
8648;225
8650;225
8652;225
8654;225
8656;225
8658;225
8660;225
8662;225
8664;225
8666;225
8668;225
8670;225
8672;225
8674;225
8676;225
8678;225
8680;225
8682;225
8684;225
8686;225
8688;225
8690;225
8692;225
8694;225
8696;225
8698;225
8700;225
8702;225
8704;225
8706;225
8708;225
8710;225
8712;225
8714;225
8716;225
8718;225
8720;225
8722;225
8724;225
8726;225
8728;225
8730;225
8732;225
8734;225
8736;225
8738;225
8740;225
8742;225
8744;225
8746;225
8748;225
8750;225
8752;225
8754;225
8756;225
8758;225
8760;225
8762;225
8764;225
8766;225
8768;225
8770;225
8772;225
8774;225
8776;225
8778;225
8780;225
8782;225
8784;225
8786;225
8788;225
8790;225
8792;225
8794;225
8796;225
8798;225
8800;225
8802;225
8804;225
8806;225
8808;225
8810;225
8812;225
8814;225
8816;225
8818;225
8820;225
8822;225
8824;225
8826;225
8828;225
8830;225
8832;225
8834;225
8836;225
8838;225
8840;225
8842;225
8844;225
8846;225
8848;225
8850;225
8852;225
8854;225
8856;225
8858;225
8860;225
8862;225
8864;225
8866;225
8868;225
8870;225
8872;225
8874;225
8876;225
8878;225
8880;225
8882;225
8884;225
8886;225
8888;225
8890;225
8892;225
8894;225
8896;225
8898;225
8900;225
8902;225
8904;225
8906;225
8908;225
8910;225
8912;225
8914;225
8916;225
8918;225
8920;225
8922;225
8924;225
8926;225
8928;225
8930;225
8932;225
8934;225
8936;225
8938;225
8940;225
8942;225
8944;225
8946;225
8948;225
8950;225
8952;225
8954;225
8956;225
8958;225
8960;225
8962;225
8964;225
8966;225
8968;225
8970;225
8972;225
8974;225
8976;225
8978;225
8980;225
8982;225
8984;225
8986;225
8988;225
8990;225
8992;225
8994;225
8996;225
8998;225
9000;147
9002;147
9004;147
9006;147
9008;147
9010;147
9012;147
9014;147
9016;147
9018;147
9020;147
9022;147
9024;147
9026;147
9028;147
9030;147
9032;147
9034;147
9036;147
9038;147
9040;147
9042;147
9044;147
9046;147
9048;147
9050;147
9052;147
9054;147
9056;147
9058;147
9060;147
9062;147
9064;147
9066;147
9068;147
9070;147
9072;147
9074;147
9076;147
9078;147
9080;147
9082;147
9084;147
9086;147
9088;147
9090;147
9092;147
9094;147
9096;147
9098;147
9100;147
9102;147
9104;147
9106;147
9108;147
9110;147
9112;147
9114;147
9116;147
9118;147
9120;147
9122;147
9124;147
9126;147
9128;147
9130;147
9132;147
9134;147
9136;147
9138;147
9140;147
9142;147
9144;147
9146;147
9148;147
9150;147
9152;147
9154;147
9156;147
9158;147
9160;147
9162;147
9164;147
9166;147
9168;147
9170;147
9172;147
9174;147
9176;147
9178;147
9180;147
9182;147
9184;147
9186;147
9188;147
9190;147
9192;147
9194;147
9196;147
9198;147
9200;147
9202;147
9204;147
9206;147
9208;147
9210;147
9212;147
9214;147
9216;147
9218;147
9220;147
9222;147
9224;147
9226;147
9228;147
9230;147
9232;147
9234;147
9236;147
9238;147
9240;147
9242;147
9244;147
9246;147
9248;147
9250;147
9252;147
9254;147
9256;147
9258;147
9260;147
9262;147
9264;147
9266;147
9268;147
9270;147
9272;147
9274;147
9276;147
9278;147
9280;147
9282;147
9284;147
9286;147
9288;147
9290;147
9292;147
9294;147
9296;147
9298;147
9300;147
9302;147
9304;147
9306;147
9308;147
9310;147
9312;147
9314;147
9316;147
9318;147
9320;147
9322;147
9324;147
9326;147
9328;147
9330;147
9332;147
9334;147
9336;147
9338;147
9340;147
9342;147
9344;147
9346;147
9348;147
9350;147
9352;147
9354;147
9356;147
9358;147
9360;147
9362;147
9364;147
9366;147
9368;147
9370;147
9372;147
9374;147
9376;147
9378;147
9380;147
9382;147
9384;147
9386;147
9388;147
9390;147
9392;147
9394;147
9396;147
9398;147
9400;147
9402;147
9404;147
9406;147
9408;147
9410;147
9412;147
9414;147
9416;147
9418;147
9420;147
9422;147
9424;147
9426;147
9428;147
9430;147
9432;147
9434;147
9436;147
9438;147
9440;147
9442;147
9444;147
9446;147
9448;147
9450;147
9452;147
9454;147
9456;147
9458;147
9460;147
9462;147
9464;147
9466;147
9468;147
9470;147
9472;147
9474;147
9476;147
9478;147
9480;147
9482;147
9484;147
9486;147
9488;147
9490;147
9492;147
9494;147
9496;147
9498;147
9500;147
9502;147
9504;147
9506;147
9508;147
9510;147
9512;147
9514;147
9516;147
9518;147
9520;147
9522;147
9524;147
9526;147
9528;147
9530;147
9532;147
9534;147
9536;147
9538;147
9540;147
9542;147
9544;147
9546;147
9548;147
9550;147
9552;147
9554;147
9556;147
9558;147
9560;147
9562;147
9564;147
9566;147
9568;147
9570;147
9572;147
9574;147
9576;147
9578;147
9580;147
9582;147
9584;147
9586;147
9588;147
9590;147
9592;147
9594;147
9596;147
9598;147
9600;147
9602;147
9604;147
9606;147
9608;147
9610;147
9612;147
9614;147
9616;147
9618;147
9620;147
9622;147
9624;147
9626;147
9628;147
9630;147
9632;147
9634;147
9636;147
9638;147
9640;147
9642;147
9644;147
9646;147
9648;147
9650;147
9652;147
9654;147
9656;147
9658;147
9660;147
9662;147
9664;147
9666;147
9668;147
9670;147
9672;147
9674;147
9676;147
9678;147
9680;147
9682;147
9684;147
9686;147
9688;147
9690;147
9692;147
9694;147
9696;147
9698;147
9700;147
9702;147
9704;147
9706;147
9708;147
9710;147
9712;147
9714;147
9716;147
9718;147
9720;147
9722;147
9724;147
9726;147
9728;147
9730;147
9732;147
9734;147
9736;147
9738;147
9740;147
9742;147
9744;147
9746;147
9748;147
9750;147
9752;147
9754;147
9756;147
9758;147
9760;147
9762;147
9764;147
9766;147
9768;147
9770;147
9772;147
9774;147
9776;147
9778;147
9780;147
9782;147
9784;147
9786;147
9788;147
9790;147
9792;147
9794;147
9796;147
9798;147
9800;147
9802;147
9804;147
9806;147
9808;147
9810;147
9812;147
9814;147
9816;147
9818;147
9820;147
9822;147
9824;147
9826;147
9828;147
9830;147
9832;147
9834;147
9836;147
9838;147
9840;147
9842;147
9844;147
9846;147
9848;147
9850;147
9852;147
9854;147
9856;147
9858;147
9860;147
9862;147
9864;147
9866;147
9868;147
9870;147
9872;147
9874;147
9876;147
9878;147
9880;147
9882;147
9884;147
9886;147
9888;147
9890;147
9892;147
9894;147
9896;147
9898;147
9900;147
9902;147
9904;147
9906;147
9908;147
9910;147
9912;147
9914;147
9916;147
9918;147
9920;147
9922;147
9924;147
9926;147
9928;147
9930;147
9932;147
9934;147
9936;147
9938;147
9940;147
9942;147
9944;147
9946;147
9948;147
9950;147
9952;147
9954;147
9956;147
9958;147
9960;147
9962;147
9964;147
9966;147
9968;147
9970;147
9972;147
9974;147
9976;147
9978;147
9980;147
9982;147
9984;147
9986;147
9988;147
9990;147
9992;147
9994;147
9996;147
9998;147
10000;147
10002;147
10004;147
10006;147
10008;147
10010;147
10012;147
10014;147
10016;147
10018;147
10020;147
10022;147
10024;147
10026;147
10028;147
10030;147
10032;147
10034;147
10036;147
10038;147
10040;147
10042;147
10044;147
10046;147
10048;147
10050;147
10052;147
10054;147
10056;147
10058;147
10060;147
10062;147
10064;147
10066;147
10068;147
10070;147
10072;147
10074;147
10076;147
10078;147
10080;147
10082;147
10084;147
10086;147
10088;147
10090;147
10092;147
10094;147
10096;147
10098;147
10100;147
10102;147
10104;147
10106;147
10108;147
10110;147
10112;147
10114;147
10116;147
10118;147
10120;147
10122;147
10124;147
10126;147
10128;147
10130;147
10132;147
10134;147
10136;147
10138;147
10140;147
10142;147
10144;147
10146;147
10148;147
10150;147
10152;147
10154;147
10156;147
10158;147
10160;147
10162;147
10164;147
10166;147
10168;147
10170;147
10172;147
10174;147
10176;147
10178;147
10180;147
10182;147
10184;147
10186;147
10188;147
10190;147
10192;147
10194;147
10196;147
10198;147
10200;147
10202;147
10204;147
10206;147
10208;147
10210;147
10212;147
10214;147
10216;147
10218;147
10220;147
10222;147
10224;147
10226;147
10228;147
10230;147
10232;147
10234;147
10236;147
10238;147
10240;147
10242;147
10244;147
10246;147
10248;147
10250;147
10252;147
10254;147
10256;147
10258;147
10260;147
10262;147
10264;147
10266;147
10268;147
10270;147
10272;147
10274;147
10276;147
10278;147
10280;147
10282;147
10284;147
10286;147
10288;147
10290;147
10292;147
10294;147
10296;147
10298;147
10300;147
10302;147
10304;147
10306;147
10308;147
10310;147
10312;147
10314;147
10316;147
10318;147
10320;147
10322;147
10324;147
10326;147
10328;147
10330;147
10332;147
10334;147
10336;147
10338;147
10340;147
10342;147
10344;147
10346;147
10348;147
10350;147
10352;147
10354;147
10356;147
10358;147
10360;147
10362;147
10364;147
10366;147
10368;147
10370;147
10372;147
10374;147
10376;147
10378;147
10380;147
10382;147
10384;147
10386;147
10388;147
10390;147
10392;147
10394;147
10396;147
10398;147
10400;147
10402;147
10404;147
10406;147
10408;147
10410;147
10412;147
10414;147
10416;147
10418;147
10420;147
10422;147
10424;147
10426;147
10428;147
10430;147
10432;147
10434;147
10436;147
10438;147
10440;147
10442;147
10444;147
10446;147
10448;147
10450;147
10452;147
10454;147
10456;147
10458;147
10460;147
10462;147
10464;147
10466;147
10468;147
10470;147
10472;147
10474;147
10476;147
10478;147
10480;147
10482;147
10484;147
10486;147
10488;147
10490;147
10492;147
10494;147
10496;147
10498;147
10500;147
10502;147
10504;147
10506;147
10508;147
10510;147
10512;147
10514;147
10516;147
10518;147
10520;147
10522;147
10524;147
10526;147
10528;147
10530;147
10532;147
10534;147
10536;147
10538;147
10540;147
10542;147
10544;147
10546;147
10548;147
10550;147
10552;147
10554;147
10556;147
10558;147
10560;147
10562;147
10564;147
10566;147
10568;147
10570;147
10572;147
10574;147
10576;147
10578;147
10580;147
10582;147
10584;147
10586;147
10588;147
10590;147
10592;147
10594;147
10596;147
10598;147
10600;147
10602;147
10604;147
10606;147
10608;147
10610;147
10612;147
10614;147
10616;147
10618;147
10620;147
10622;147
10624;147
10626;147
10628;147
10630;147
10632;147
10634;147
10636;147
10638;147
10640;147
10642;147
10644;147
10646;147
10648;147
10650;147
10652;147
10654;147
10656;147
10658;147
10660;147
10662;147
10664;147
10666;147
10668;147
10670;147
10672;147
10674;147
10676;147
10678;147
10680;147
10682;147
10684;147
10686;147
10688;147
10690;147
10692;147
10694;147
10696;147
10698;147
10700;147
10702;147
10704;147
10706;147
10708;147
10710;147
10712;147
10714;147
10716;147
10718;147
10720;147
10722;147
10724;147
10726;147
10728;147
10730;147
10732;147
10734;147
10736;147
10738;147
10740;147
10742;147
10744;147
10746;147
10748;147
10750;147
10752;147
10754;147
10756;147
10758;147
10760;147
10762;147
10764;147
10766;147
10768;147
10770;147
10772;147
10774;147
10776;147
10778;147
10780;147
10782;147
10784;147
10786;147
10788;147
10790;147
10792;147
10794;147
10796;147
10798;147
10800;210
10802;210
10804;210
10806;210
10808;210
10810;210
10812;210
10814;210
10816;210
10818;210
10820;210
10822;210
10824;210
10826;210
10828;210
10830;210
10832;210
10834;210
10836;210
10838;210
10840;210
10842;210
10844;210
10846;210
10848;210
10850;210
10852;210
10854;210
10856;210
10858;210
10860;210
10862;210
10864;210
10866;210
10868;210
10870;210
10872;210
10874;210
10876;210
10878;210
10880;210
10882;210
10884;210
10886;210
10888;210
10890;210
10892;210
10894;210
10896;210
10898;210
10900;210
10902;210
10904;210
10906;210
10908;210
10910;210
10912;210
10914;210
10916;210
10918;210
10920;210
10922;210
10924;210
10926;210
10928;210
10930;210
10932;210
10934;210
10936;210
10938;210
10940;210
10942;210
10944;210
10946;210
10948;210
10950;210
10952;210
10954;210
10956;210
10958;210
10960;210
10962;210
10964;210
10966;210
10968;210
10970;210
10972;210
10974;210
10976;210
10978;210
10980;210
10982;210
10984;210
10986;210
10988;210
10990;210
10992;210
10994;210
10996;210
10998;210
11000;210
11002;210
11004;210
11006;210
11008;210
11010;210
11012;210
11014;210
11016;210
11018;210
11020;210
11022;210
11024;210
11026;210
11028;210
11030;210
11032;210
11034;210
11036;210
11038;210
11040;210
11042;210
11044;210
11046;210
11048;210
11050;210
11052;210
11054;210
11056;210
11058;210
11060;210
11062;210
11064;210
11066;210
11068;210
11070;210
11072;210
11074;210
11076;210
11078;210
11080;210
11082;210
11084;210
11086;210
11088;210
11090;210
11092;210
11094;210
11096;210
11098;210
11100;210
11102;210
11104;210
11106;210
11108;210
11110;210
11112;210
11114;210
11116;210
11118;210
11120;210
11122;210
11124;210
11126;210
11128;210
11130;210
11132;210
11134;210
11136;210
11138;210
11140;210
11142;210
11144;210
11146;210
11148;210
11150;210
11152;210
11154;210
11156;210
11158;210
11160;210
11162;210
11164;210
11166;210
11168;210
11170;210
11172;210
11174;210
11176;210
11178;210
11180;210
11182;210
11184;210
11186;210
11188;210
11190;210
11192;210
11194;210
11196;210
11198;210
11200;210
11202;210
11204;210
11206;210
11208;210
11210;210
11212;210
11214;210
11216;210
11218;210
11220;210
11222;210
11224;210
11226;210
11228;210
11230;210
11232;210
11234;210
11236;210
11238;210
11240;210
11242;210
11244;210
11246;210
11248;210
11250;210
11252;210
11254;210
11256;210
11258;210
11260;210
11262;210
11264;210
11266;210
11268;210
11270;210
11272;210
11274;210
11276;210
11278;210
11280;210
11282;210
11284;210
11286;210
11288;210
11290;210
11292;210
11294;210
11296;210
11298;210
11300;210
11302;210
11304;210
11306;210
11308;210
11310;210
11312;210
11314;210
11316;210
11318;210
11320;210
11322;210
11324;210
11326;210
11328;210
11330;210
11332;210
11334;210
11336;210
11338;210
11340;210
11342;210
11344;210
11346;210
11348;210
11350;210
11352;210
11354;210
11356;210
11358;210
11360;210
11362;210
11364;210
11366;210
11368;210
11370;210
11372;210
11374;210
11376;210
11378;210
11380;210
11382;210
11384;210
11386;210
11388;210
11390;210
11392;210
11394;210
11396;210
11398;210
11400;210
11402;210
11404;210
11406;210
11408;210
11410;210
11412;210
11414;210
11416;210
11418;210
11420;210
11422;210
11424;210
11426;210
11428;210
11430;210
11432;210
11434;210
11436;210
11438;210
11440;210
11442;210
11444;210
11446;210
11448;210
11450;210
11452;210
11454;210
11456;210
11458;210
11460;210
11462;210
11464;210
11466;210
11468;210
11470;210
11472;210
11474;210
11476;210
11478;210
11480;210
11482;210
11484;210
11486;210
11488;210
11490;210
11492;210
11494;210
11496;210
11498;210
11500;210
11502;210
11504;210
11506;210
11508;210
11510;210
11512;210
11514;210
11516;210
11518;210
11520;210
11522;210
11524;210
11526;210
11528;210
11530;210
11532;210
11534;210
11536;210
11538;210
11540;210
11542;210
11544;210
11546;210
11548;210
11550;210
11552;210
11554;210
11556;210
11558;210
11560;210
11562;210
11564;210
11566;210
11568;210
11570;210
11572;210
11574;210
11576;210
11578;210
11580;210
11582;210
11584;210
11586;210
11588;210
11590;210
11592;210
11594;210
11596;210
11598;210
11600;210
11602;210
11604;210
11606;210
11608;210
11610;210
11612;210
11614;210
11616;210
11618;210
11620;210
11622;210
11624;210
11626;210
11628;210
11630;210
11632;210
11634;210
11636;210
11638;210
11640;210
11642;210
11644;210
11646;210
11648;210
11650;210
11652;210
11654;210
11656;210
11658;210
11660;210
11662;210
11664;210
11666;210
11668;210
11670;210
11672;210
11674;210
11676;210
11678;210
11680;210
11682;210
11684;210
11686;210
11688;210
11690;210
11692;210
11694;210
11696;210
11698;210
11700;279
11702;279
11704;279
11706;279
11708;279
11710;279
11712;279
11714;279
11716;279
11718;279
11720;279
11722;279
11724;279
11726;279
11728;279
11730;279
11732;279
11734;279
11736;279
11738;279
11740;279
11742;279
11744;279
11746;279
11748;279
11750;279
11752;279
11754;279
11756;279
11758;279
11760;279
11762;279
11764;279
11766;279
11768;279
11770;279
11772;279
11774;279
11776;279
11778;279
11780;279
11782;279
11784;279
11786;279
11788;279
11790;279
11792;279
11794;279
11796;279
11798;279
11800;279
11802;279
11804;279
11806;279
11808;279
11810;279
11812;279
11814;279
11816;279
11818;279
11820;279
11822;279
11824;279
11826;279
11828;279
11830;279
11832;279
11834;279
11836;279
11838;279
11840;279
11842;279
11844;279
11846;279
11848;279
11850;279
11852;279
11854;279
11856;279
11858;279
11860;279
11862;279
11864;279
11866;279
11868;279
11870;279
11872;279
11874;279
11876;279
11878;279
11880;279
11882;279
11884;279
11886;279
11888;279
11890;279
11892;279
11894;279
11896;279
11898;279
11900;279
11902;279
11904;279
11906;279
11908;279
11910;279
11912;279
11914;279
11916;279
11918;279
11920;279
11922;279
11924;279
11926;279
11928;279
11930;279
11932;279
11934;279
11936;279
11938;279
11940;279
11942;279
11944;279
11946;279
11948;279
11950;279
11952;279
11954;279
11956;279
11958;279
11960;279
11962;279
11964;279
11966;279
11968;279
11970;279
11972;279
11974;279
11976;279
11978;279
11980;279
11982;279
11984;279
11986;279
11988;279
11990;279
11992;279
11994;279
11996;279
11998;279
12000;279
12002;279
12004;279
12006;279
12008;279
12010;279
12012;279
12014;279
12016;279
12018;279
12020;279
12022;279
12024;279
12026;279
12028;279
12030;279
12032;279
12034;279
12036;279
12038;279
12040;279
12042;279
12044;279
12046;279
12048;279
12050;279
12052;279
12054;279
12056;279
12058;279
12060;279
12062;279
12064;279
12066;279
12068;279
12070;279
12072;279
12074;279
12076;279
12078;279
12080;279
12082;279
12084;279
12086;279
12088;279
12090;279
12092;279
12094;279
12096;279
12098;279
12100;279
12102;279
12104;279
12106;279
12108;279
12110;279
12112;279
12114;279
12116;279
12118;279
12120;279
12122;279
12124;279
12126;279
12128;279
12130;279
12132;279
12134;279
12136;279
12138;279
12140;279
12142;279
12144;279
12146;279
12148;279
12150;279
12152;279
12154;279
12156;279
12158;279
12160;279
12162;279
12164;279
12166;279
12168;279
12170;279
12172;279
12174;279
12176;279
12178;279
12180;279
12182;279
12184;279
12186;279
12188;279
12190;279
12192;279
12194;279
12196;279
12198;279
12200;279
12202;279
12204;279
12206;279
12208;279
12210;279
12212;279
12214;279
12216;279
12218;279
12220;279
12222;279
12224;279
12226;279
12228;279
12230;279
12232;279
12234;279
12236;279
12238;279
12240;279
12242;279
12244;279
12246;279
12248;279
12250;279
12252;279
12254;279
12256;279
12258;279
12260;279
12262;279
12264;279
12266;279
12268;279
12270;279
12272;279
12274;279
12276;279
12278;279
12280;279
12282;279
12284;279
12286;279
12288;279
12290;279
12292;279
12294;279
12296;279
12298;279
12300;279
12302;279
12304;279
12306;279
12308;279
12310;279
12312;279
12314;279
12316;279
12318;279
12320;279
12322;279
12324;279
12326;279
12328;279
12330;279
12332;279
12334;279
12336;279
12338;279
12340;279
12342;279
12344;279
12346;279
12348;279
12350;279
12352;279
12354;279
12356;279
12358;279
12360;279
12362;279
12364;279
12366;279
12368;279
12370;279
12372;279
12374;279
12376;279
12378;279
12380;279
12382;279
12384;279
12386;279
12388;279
12390;279
12392;279
12394;279
12396;279
12398;279
12400;279
12402;279
12404;279
12406;279
12408;279
12410;279
12412;279
12414;279
12416;279
12418;279
12420;279
12422;279
12424;279
12426;279
12428;279
12430;279
12432;279
12434;279
12436;279
12438;279
12440;279
12442;279
12444;279
12446;279
12448;279
12450;279
12452;279
12454;279
12456;279
12458;279
12460;279
12462;279
12464;279
12466;279
12468;279
12470;279
12472;279
12474;279
12476;279
12478;279
12480;279
12482;279
12484;279
12486;279
12488;279
12490;279
12492;279
12494;279
12496;279
12498;279
12500;279
12502;279
12504;279
12506;279
12508;279
12510;279
12512;279
12514;279
12516;279
12518;279
12520;279
12522;279
12524;279
12526;279
12528;279
12530;279
12532;279
12534;279
12536;279
12538;279
12540;279
12542;279
12544;279
12546;279
12548;279
12550;279
12552;279
12554;279
12556;279
12558;279
12560;279
12562;279
12564;279
12566;279
12568;279
12570;279
12572;279
12574;279
12576;279
12578;279
12580;279
12582;279
12584;279
12586;279
12588;279
12590;279
12592;279
12594;279
12596;279
12598;279
12600;225
12602;225
12604;225
12606;225
12608;225
12610;225
12612;225
12614;225
12616;225
12618;225
12620;225
12622;225
12624;225
12626;225
12628;225
12630;225
12632;225
12634;225
12636;225
12638;225
12640;225
12642;225
12644;225
12646;225
12648;225
12650;225
12652;225
12654;225
12656;225
12658;225
12660;225
12662;225
12664;225
12666;225
12668;225
12670;225
12672;225
12674;225
12676;225
12678;225
12680;225
12682;225
12684;225
12686;225
12688;225
12690;225
12692;225
12694;225
12696;225
12698;225
12700;225
12702;225
12704;225
12706;225
12708;225
12710;225
12712;225
12714;225
12716;225
12718;225
12720;225
12722;225
12724;225
12726;225
12728;225
12730;225
12732;225
12734;225
12736;225
12738;225
12740;225
12742;225
12744;225
12746;225
12748;225
12750;225
12752;225
12754;225
12756;225
12758;225
12760;225
12762;225
12764;225
12766;225
12768;225
12770;225
12772;225
12774;225
12776;225
12778;225
12780;225
12782;225
12784;225
12786;225
12788;225
12790;225
12792;225
12794;225
12796;225
12798;225
12800;225
12802;225
12804;225
12806;225
12808;225
12810;225
12812;225
12814;225
12816;225
12818;225
12820;225
12822;225
12824;225
12826;225
12828;225
12830;225
12832;225
12834;225
12836;225
12838;225
12840;225
12842;225
12844;225
12846;225
12848;225
12850;225
12852;225
12854;225
12856;225
12858;225
12860;225
12862;225
12864;225
12866;225
12868;225
12870;225
12872;225
12874;225
12876;225
12878;225
12880;225
12882;225
12884;225
12886;225
12888;225
12890;225
12892;225
12894;225
12896;225
12898;225
12900;225
12902;225
12904;225
12906;225
12908;225
12910;225
12912;225
12914;225
12916;225
12918;225
12920;225
12922;225
12924;225
12926;225
12928;225
12930;225
12932;225
12934;225
12936;225
12938;225
12940;225
12942;225
12944;225
12946;225
12948;225
12950;225
12952;225
12954;225
12956;225
12958;225
12960;225
12962;225
12964;225
12966;225
12968;225
12970;225
12972;225
12974;225
12976;225
12978;225
12980;225
12982;225
12984;225
12986;225
12988;225
12990;225
12992;225
12994;225
12996;225
12998;225
13000;225
13002;225
13004;225
13006;225
13008;225
13010;225
13012;225
13014;225
13016;225
13018;225
13020;225
13022;225
13024;225
13026;225
13028;225
13030;225
13032;225
13034;225
13036;225
13038;225
13040;225
13042;225
13044;225
13046;225
13048;225
13050;225
13052;225
13054;225
13056;225
13058;225
13060;225
13062;225
13064;225
13066;225
13068;225
13070;225
13072;225
13074;225
13076;225
13078;225
13080;225
13082;225
13084;225
13086;225
13088;225
13090;225
13092;225
13094;225
13096;225
13098;225
13100;225
13102;225
13104;225
13106;225
13108;225
13110;225
13112;225
13114;225
13116;225
13118;225
13120;225
13122;225
13124;225
13126;225
13128;225
13130;225
13132;225
13134;225
13136;225
13138;225
13140;225
13142;225
13144;225
13146;225
13148;225
13150;225
13152;225
13154;225
13156;225
13158;225
13160;225
13162;225
13164;225
13166;225
13168;225
13170;225
13172;225
13174;225
13176;225
13178;225
13180;225
13182;225
13184;225
13186;225
13188;225
13190;225
13192;225
13194;225
13196;225
13198;225
13200;225
13202;225
13204;225
13206;225
13208;225
13210;225
13212;225
13214;225
13216;225
13218;225
13220;225
13222;225
13224;225
13226;225
13228;225
13230;225
13232;225
13234;225
13236;225
13238;225
13240;225
13242;225
13244;225
13246;225
13248;225
13250;225
13252;225
13254;225
13256;225
13258;225
13260;225
13262;225
13264;225
13266;225
13268;225
13270;225
13272;225
13274;225
13276;225
13278;225
13280;225
13282;225
13284;225
13286;225
13288;225
13290;225
13292;225
13294;225
13296;225
13298;225
13300;225
13302;225
13304;225
13306;225
13308;225
13310;225
13312;225
13314;225
13316;225
13318;225
13320;225
13322;225
13324;225
13326;225
13328;225
13330;225
13332;225
13334;225
13336;225
13338;225
13340;225
13342;225
13344;225
13346;225
13348;225
13350;225
13352;225
13354;225
13356;225
13358;225
13360;225
13362;225
13364;225
13366;225
13368;225
13370;225
13372;225
13374;225
13376;225
13378;225
13380;225
13382;225
13384;225
13386;225
13388;225
13390;225
13392;225
13394;225
13396;225
13398;225
13400;225
13402;225
13404;225
13406;225
13408;225
13410;225
13412;225
13414;225
13416;225
13418;225
13420;225
13422;225
13424;225
13426;225
13428;225
13430;225
13432;225
13434;225
13436;225
13438;225
13440;225
13442;225
13444;225
13446;225
13448;225
13450;225
13452;225
13454;225
13456;225
13458;225
13460;225
13462;225
13464;225
13466;225
13468;225
13470;225
13472;225
13474;225
13476;225
13478;225
13480;225
13482;225
13484;225
13486;225
13488;225
13490;225
13492;225
13494;225
13496;225
13498;225
13500;337
13502;337
13504;337
13506;337
13508;337
13510;337
13512;337
13514;337
13516;337
13518;337
13520;337
13522;337
13524;337
13526;337
13528;337
13530;337
13532;337
13534;337
13536;337
13538;337
13540;337
13542;337
13544;337
13546;337
13548;337
13550;337
13552;337
13554;337
13556;337
13558;337
13560;337
13562;337
13564;337
13566;337
13568;337
13570;337
13572;337
13574;337
13576;337
13578;337
13580;337
13582;337
13584;337
13586;337
13588;337
13590;337
13592;337
13594;337
13596;337
13598;337
13600;337
13602;337
13604;337
13606;337
13608;337
13610;337
13612;337
13614;337
13616;337
13618;337
13620;337
13622;337
13624;337
13626;337
13628;337
13630;337
13632;337
13634;337
13636;337
13638;337
13640;337
13642;337
13644;337
13646;337
13648;337
13650;337
13652;337
13654;337
13656;337
13658;337
13660;337
13662;337
13664;337
13666;337
13668;337
13670;337
13672;337
13674;337
13676;337
13678;337
13680;337
13682;337
13684;337
13686;337
13688;337
13690;337
13692;337
13694;337
13696;337
13698;337
13700;337
13702;337
13704;337
13706;337
13708;337
13710;337
13712;337
13714;337
13716;337
13718;337
13720;337
13722;337
13724;337
13726;337
13728;337
13730;337
13732;337
13734;337
13736;337
13738;337
13740;337
13742;337
13744;337
13746;337
13748;337
13750;337
13752;337
13754;337
13756;337
13758;337
13760;337
13762;337
13764;337
13766;337
13768;337
13770;337
13772;337
13774;337
13776;337
13778;337
13780;337
13782;337
13784;337
13786;337
13788;337
13790;337
13792;337
13794;337
13796;337
13798;337
13800;337
13802;337
13804;337
13806;337
13808;337
13810;337
13812;337
13814;337
13816;337
13818;337
13820;337
13822;337
13824;337
13826;337
13828;337
13830;337
13832;337
13834;337
13836;337
13838;337
13840;337
13842;337
13844;337
13846;337
13848;337
13850;337
13852;337
13854;337
13856;337
13858;337
13860;337
13862;337
13864;337
13866;337
13868;337
13870;337
13872;337
13874;337
13876;337
13878;337
13880;337
13882;337
13884;337
13886;337
13888;337
13890;337
13892;337
13894;337
13896;337
13898;337
13900;337
13902;337
13904;337
13906;337
13908;337
13910;337
13912;337
13914;337
13916;337
13918;337
13920;337
13922;337
13924;337
13926;337
13928;337
13930;337
13932;337
13934;337
13936;337
13938;337
13940;337
13942;337
13944;337
13946;337
13948;337
13950;337
13952;337
13954;337
13956;337
13958;337
13960;337
13962;337
13964;337
13966;337
13968;337
13970;337
13972;337
13974;337
13976;337
13978;337
13980;337
13982;337
13984;337
13986;337
13988;337
13990;337
13992;337
13994;337
13996;337
13998;337
14000;337
14002;337
14004;337
14006;337
14008;337
14010;337
14012;337
14014;337
14016;337
14018;337
14020;337
14022;337
14024;337
14026;337
14028;337
14030;337
14032;337
14034;337
14036;337
14038;337
14040;337
14042;337
14044;337
14046;337
14048;337
14050;337
14052;337
14054;337
14056;337
14058;337
14060;337
14062;337
14064;337
14066;337
14068;337
14070;337
14072;337
14074;337
14076;337
14078;337
14080;337
14082;337
14084;337
14086;337
14088;337
14090;337
14092;337
14094;337
14096;337
14098;337
14100;337
14102;337
14104;337
14106;337
14108;337
14110;337
14112;337
14114;337
14116;337
14118;337
14120;337
14122;337
14124;337
14126;337
14128;337
14130;337
14132;337
14134;337
14136;337
14138;337
14140;337
14142;337
14144;337
14146;337
14148;337
14150;337
14152;337
14154;337
14156;337
14158;337
14160;337
14162;337
14164;337
14166;337
14168;337
14170;337
14172;337
14174;337
14176;337
14178;337
14180;337
14182;337
14184;337
14186;337
14188;337
14190;337
14192;337
14194;337
14196;337
14198;337
14200;337
14202;337
14204;337
14206;337
14208;337
14210;337
14212;337
14214;337
14216;337
14218;337
14220;337
14222;337
14224;337
14226;337
14228;337
14230;337
14232;337
14234;337
14236;337
14238;337
14240;337
14242;337
14244;337
14246;337
14248;337
14250;337
14252;337
14254;337
14256;337
14258;337
14260;337
14262;337
14264;337
14266;337
14268;337
14270;337
14272;337
14274;337
14276;337
14278;337
14280;337
14282;337
14284;337
14286;337
14288;337
14290;337
14292;337
14294;337
14296;337
14298;337
14300;337
14302;337
14304;337
14306;337
14308;337
14310;337
14312;337
14314;337
14316;337
14318;337
14320;337
14322;337
14324;337
14326;337
14328;337
14330;337
14332;337
14334;337
14336;337
14338;337
14340;337
14342;337
14344;337
14346;337
14348;337
14350;337
14352;337
14354;337
14356;337
14358;337
14360;337
14362;337
14364;337
14366;337
14368;337
14370;337
14372;337
14374;337
14376;337
14378;337
14380;337
14382;337
14384;337
14386;337
14388;337
14390;337
14392;337
14394;337
14396;337
14398;337
14400;146
14402;146
14404;146
14406;146
14408;146
14410;146
14412;146
14414;146
14416;146
14418;146
14420;146
14422;146
14424;146
14426;146
14428;146
14430;146
14432;146
14434;146
14436;146
14438;146
14440;146
14442;146
14444;146
14446;146
14448;146
14450;146
14452;146
14454;146
14456;146
14458;146
14460;146
14462;146
14464;146
14466;146
14468;146
14470;146
14472;146
14474;146
14476;146
14478;146
14480;146
14482;146
14484;146
14486;146
14488;146
14490;146
14492;146
14494;146
14496;146
14498;146
14500;146
14502;146
14504;146
14506;146
14508;146
14510;146
14512;146
14514;146
14516;146
14518;146
14520;146
14522;146
14524;146
14526;146
14528;146
14530;146
14532;146
14534;146
14536;146
14538;146
14540;146
14542;146
14544;146
14546;146
14548;146
14550;146
14552;146
14554;146
14556;146
14558;146
14560;146
14562;146
14564;146
14566;146
14568;146
14570;146
14572;146
14574;146
14576;146
14578;146
14580;146
14582;146
14584;146
14586;146
14588;146
14590;146
14592;146
14594;146
14596;146
14598;146
14600;146
14602;146
14604;146
14606;146
14608;146
14610;146
14612;146
14614;146
14616;146
14618;146
14620;146
14622;146
14624;146
14626;146
14628;146
14630;146
14632;146
14634;146
14636;146
14638;146
14640;146
14642;146
14644;146
14646;146
14648;146
14650;146
14652;146
14654;146
14656;146
14658;146
14660;146
14662;146
14664;146
14666;146
14668;146
14670;146
14672;146
14674;146
14676;146
14678;146
14680;146
14682;146
14684;146
14686;146
14688;146
14690;146
14692;146
14694;146
14696;146
14698;146
14700;146
14702;146
14704;146
14706;146
14708;146
14710;146
14712;146
14714;146
14716;146
14718;146
14720;146
14722;146
14724;146
14726;146
14728;146
14730;146
14732;146
14734;146
14736;146
14738;146
14740;146
14742;146
14744;146
14746;146
14748;146
14750;146
14752;146
14754;146
14756;146
14758;146
14760;146
14762;146
14764;146
14766;146
14768;146
14770;146
14772;146
14774;146
14776;146
14778;146
14780;146
14782;146
14784;146
14786;146
14788;146
14790;146
14792;146
14794;146
14796;146
14798;146
14800;146
14802;146
14804;146
14806;146
14808;146
14810;146
14812;146
14814;146
14816;146
14818;146
14820;146
14822;146
14824;146
14826;146
14828;146
14830;146
14832;146
14834;146
14836;146
14838;146
14840;146
14842;146
14844;146
14846;146
14848;146
14850;146
14852;146
14854;146
14856;146
14858;146
14860;146
14862;146
14864;146
14866;146
14868;146
14870;146
14872;146
14874;146
14876;146
14878;146
14880;146
14882;146
14884;146
14886;146
14888;146
14890;146
14892;146
14894;146
14896;146
14898;146
14900;146
14902;146
14904;146
14906;146
14908;146
14910;146
14912;146
14914;146
14916;146
14918;146
14920;146
14922;146
14924;146
14926;146
14928;146
14930;146
14932;146
14934;146
14936;146
14938;146
14940;146
14942;146
14944;146
14946;146
14948;146
14950;146
14952;146
14954;146
14956;146
14958;146
14960;146
14962;146
14964;146
14966;146
14968;146
14970;146
14972;146
14974;146
14976;146
14978;146
14980;146
14982;146
14984;146
14986;146
14988;146
14990;146
14992;146
14994;146
14996;146
14998;146
15000;146
15002;146
15004;146
15006;146
15008;146
15010;146
15012;146
15014;146
15016;146
15018;146
15020;146
15022;146
15024;146
15026;146
15028;146
15030;146
15032;146
15034;146
15036;146
15038;146
15040;146
15042;146
15044;146
15046;146
15048;146
15050;146
15052;146
15054;146
15056;146
15058;146
15060;146
15062;146
15064;146
15066;146
15068;146
15070;146
15072;146
15074;146
15076;146
15078;146
15080;146
15082;146
15084;146
15086;146
15088;146
15090;146
15092;146
15094;146
15096;146
15098;146
15100;146
15102;146
15104;146
15106;146
15108;146
15110;146
15112;146
15114;146
15116;146
15118;146
15120;146
15122;146
15124;146
15126;146
15128;146
15130;146
15132;146
15134;146
15136;146
15138;146
15140;146
15142;146
15144;146
15146;146
15148;146
15150;146
15152;146
15154;146
15156;146
15158;146
15160;146
15162;146
15164;146
15166;146
15168;146
15170;146
15172;146
15174;146
15176;146
15178;146
15180;146
15182;146
15184;146
15186;146
15188;146
15190;146
15192;146
15194;146
15196;146
15198;146
15200;146
15202;146
15204;146
15206;146
15208;146
15210;146
15212;146
15214;146
15216;146
15218;146
15220;146
15222;146
15224;146
15226;146
15228;146
15230;146
15232;146
15234;146
15236;146
15238;146
15240;146
15242;146
15244;146
15246;146
15248;146
15250;146
15252;146
15254;146
15256;146
15258;146
15260;146
15262;146
15264;146
15266;146
15268;146
15270;146
15272;146
15274;146
15276;146
15278;146
15280;146
15282;146
15284;146
15286;146
15288;146
15290;146
15292;146
15294;146
15296;146
15298;146
15300;162
15302;162
15304;162
15306;162
15308;162
15310;162
15312;162
15314;162
15316;162
15318;162
15320;162
15322;162
15324;162
15326;162
15328;162
15330;162
15332;162
15334;162
15336;162
15338;162
15340;162
15342;162
15344;162
15346;162
15348;162
15350;162
15352;162
15354;162
15356;162
15358;162
15360;162
15362;162
15364;162
15366;162
15368;162
15370;162
15372;162
15374;162
15376;162
15378;162
15380;162
15382;162
15384;162
15386;162
15388;162
15390;162
15392;162
15394;162
15396;162
15398;162
15400;162
15402;162
15404;162
15406;162
15408;162
15410;162
15412;162
15414;162
15416;162
15418;162
15420;162
15422;162
15424;162
15426;162
15428;162
15430;162
15432;162
15434;162
15436;162
15438;162
15440;162
15442;162
15444;162
15446;162
15448;162
15450;162
15452;162
15454;162
15456;162
15458;162
15460;162
15462;162
15464;162
15466;162
15468;162
15470;162
15472;162
15474;162
15476;162
15478;162
15480;162
15482;162
15484;162
15486;162
15488;162
15490;162
15492;162
15494;162
15496;162
15498;162
15500;162
15502;162
15504;162
15506;162
15508;162
15510;162
15512;162
15514;162
15516;162
15518;162
15520;162
15522;162
15524;162
15526;162
15528;162
15530;162
15532;162
15534;162
15536;162
15538;162
15540;162
15542;162
15544;162
15546;162
15548;162
15550;162
15552;162
15554;162
15556;162
15558;162
15560;162
15562;162
15564;162
15566;162
15568;162
15570;162
15572;162
15574;162
15576;162
15578;162
15580;162
15582;162
15584;162
15586;162
15588;162
15590;162
15592;162
15594;162
15596;162
15598;162
15600;162
15602;162
15604;162
15606;162
15608;162
15610;162
15612;162
15614;162
15616;162
15618;162
15620;162
15622;162
15624;162
15626;162
15628;162
15630;162
15632;162
15634;162
15636;162
15638;162
15640;162
15642;162
15644;162
15646;162
15648;162
15650;162
15652;162
15654;162
15656;162
15658;162
15660;162
15662;162
15664;162
15666;162
15668;162
15670;162
15672;162
15674;162
15676;162
15678;162
15680;162
15682;162
15684;162
15686;162
15688;162
15690;162
15692;162
15694;162
15696;162
15698;162
15700;162
15702;162
15704;162
15706;162
15708;162
15710;162
15712;162
15714;162
15716;162
15718;162
15720;162
15722;162
15724;162
15726;162
15728;162
15730;162
15732;162
15734;162
15736;162
15738;162
15740;162
15742;162
15744;162
15746;162
15748;162
15750;162
15752;162
15754;162
15756;162
15758;162
15760;162
15762;162
15764;162
15766;162
15768;162
15770;162
15772;162
15774;162
15776;162
15778;162
15780;162
15782;162
15784;162
15786;162
15788;162
15790;162
15792;162
15794;162
15796;162
15798;162
15800;162
15802;162
15804;162
15806;162
15808;162
15810;162
15812;162
15814;162
15816;162
15818;162
15820;162
15822;162
15824;162
15826;162
15828;162
15830;162
15832;162
15834;162
15836;162
15838;162
15840;162
15842;162
15844;162
15846;162
15848;162
15850;162
15852;162
15854;162
15856;162
15858;162
15860;162
15862;162
15864;162
15866;162
15868;162
15870;162
15872;162
15874;162
15876;162
15878;162
15880;162
15882;162
15884;162
15886;162
15888;162
15890;162
15892;162
15894;162
15896;162
15898;162
15900;162
15902;162
15904;162
15906;162
15908;162
15910;162
15912;162
15914;162
15916;162
15918;162
15920;162
15922;162
15924;162
15926;162
15928;162
15930;162
15932;162
15934;162
15936;162
15938;162
15940;162
15942;162
15944;162
15946;162
15948;162
15950;162
15952;162
15954;162
15956;162
15958;162
15960;162
15962;162
15964;162
15966;162
15968;162
15970;162
15972;162
15974;162
15976;162
15978;162
15980;162
15982;162
15984;162
15986;162
15988;162
15990;162
15992;162
15994;162
15996;162
15998;162
16000;162
16002;162
16004;162
16006;162
16008;162
16010;162
16012;162
16014;162
16016;162
16018;162
16020;162
16022;162
16024;162
16026;162
16028;162
16030;162
16032;162
16034;162
16036;162
16038;162
16040;162
16042;162
16044;162
16046;162
16048;162
16050;162
16052;162
16054;162
16056;162
16058;162
16060;162
16062;162
16064;162
16066;162
16068;162
16070;162
16072;162
16074;162
16076;162
16078;162
16080;162
16082;162
16084;162
16086;162
16088;162
16090;162
16092;162
16094;162
16096;162
16098;162
16100;162
16102;162
16104;162
16106;162
16108;162
16110;162
16112;162
16114;162
16116;162
16118;162
16120;162
16122;162
16124;162
16126;162
16128;162
16130;162
16132;162
16134;162
16136;162
16138;162
16140;162
16142;162
16144;162
16146;162
16148;162
16150;162
16152;162
16154;162
16156;162
16158;162
16160;162
16162;162
16164;162
16166;162
16168;162
16170;162
16172;162
16174;162
16176;162
16178;162
16180;162
16182;162
16184;162
16186;162
16188;162
16190;162
16192;162
16194;162
16196;162
16198;162
16200;276
16202;276
16204;276
16206;276
16208;276
16210;276
16212;276
16214;276
16216;276
16218;276
16220;276
16222;276
16224;276
16226;276
16228;276
16230;276
16232;276
16234;276
16236;276
16238;276
16240;276
16242;276
16244;276
16246;276
16248;276
16250;276
16252;276
16254;276
16256;276
16258;276
16260;276
16262;276
16264;276
16266;276
16268;276
16270;276
16272;276
16274;276
16276;276
16278;276
16280;276
16282;276
16284;276
16286;276
16288;276
16290;276
16292;276
16294;276
16296;276
16298;276
16300;276
16302;276
16304;276
16306;276
16308;276
16310;276
16312;276
16314;276
16316;276
16318;276
16320;276
16322;276
16324;276
16326;276
16328;276
16330;276
16332;276
16334;276
16336;276
16338;276
16340;276
16342;276
16344;276
16346;276
16348;276
16350;276
16352;276
16354;276
16356;276
16358;276
16360;276
16362;276
16364;276
16366;276
16368;276
16370;276
16372;276
16374;276
16376;276
16378;276
16380;276
16382;276
16384;276
16386;276
16388;276
16390;276
16392;276
16394;276
16396;276
16398;276
16400;276
16402;276
16404;276
16406;276
16408;276
16410;276
16412;276
16414;276
16416;276
16418;276
16420;276
16422;276
16424;276
16426;276
16428;276
16430;276
16432;276
16434;276
16436;276
16438;276
16440;276
16442;276
16444;276
16446;276
16448;276
16450;276
16452;276
16454;276
16456;276
16458;276
16460;276
16462;276
16464;276
16466;276
16468;276
16470;276
16472;276
16474;276
16476;276
16478;276
16480;276
16482;276
16484;276
16486;276
16488;276
16490;276
16492;276
16494;276
16496;276
16498;276
16500;276
16502;276
16504;276
16506;276
16508;276
16510;276
16512;276
16514;276
16516;276
16518;276
16520;276
16522;276
16524;276
16526;276
16528;276
16530;276
16532;276
16534;276
16536;276
16538;276
16540;276
16542;276
16544;276
16546;276
16548;276
16550;276
16552;276
16554;276
16556;276
16558;276
16560;276
16562;276
16564;276
16566;276
16568;276
16570;276
16572;276
16574;276
16576;276
16578;276
16580;276
16582;276
16584;276
16586;276
16588;276
16590;276
16592;276
16594;276
16596;276
16598;276
16600;276
16602;276
16604;276
16606;276
16608;276
16610;276
16612;276
16614;276
16616;276
16618;276
16620;276
16622;276
16624;276
16626;276
16628;276
16630;276
16632;276
16634;276
16636;276
16638;276
16640;276
16642;276
16644;276
16646;276
16648;276
16650;276
16652;276
16654;276
16656;276
16658;276
16660;276
16662;276
16664;276
16666;276
16668;276
16670;276
16672;276
16674;276
16676;276
16678;276
16680;276
16682;276
16684;276
16686;276
16688;276
16690;276
16692;276
16694;276
16696;276
16698;276
16700;276
16702;276
16704;276
16706;276
16708;276
16710;276
16712;276
16714;276
16716;276
16718;276
16720;276
16722;276
16724;276
16726;276
16728;276
16730;276
16732;276
16734;276
16736;276
16738;276
16740;276
16742;276
16744;276
16746;276
16748;276
16750;276
16752;276
16754;276
16756;276
16758;276
16760;276
16762;276
16764;276
16766;276
16768;276
16770;276
16772;276
16774;276
16776;276
16778;276
16780;276
16782;276
16784;276
16786;276
16788;276
16790;276
16792;276
16794;276
16796;276
16798;276
16800;276
16802;276
16804;276
16806;276
16808;276
16810;276
16812;276
16814;276
16816;276
16818;276
16820;276
16822;276
16824;276
16826;276
16828;276
16830;276
16832;276
16834;276
16836;276
16838;276
16840;276
16842;276
16844;276
16846;276
16848;276
16850;276
16852;276
16854;276
16856;276
16858;276
16860;276
16862;276
16864;276
16866;276
16868;276
16870;276
16872;276
16874;276
16876;276
16878;276
16880;276
16882;276
16884;276
16886;276
16888;276
16890;276
16892;276
16894;276
16896;276
16898;276
16900;276
16902;276
16904;276
16906;276
16908;276
16910;276
16912;276
16914;276
16916;276
16918;276
16920;276
16922;276
16924;276
16926;276
16928;276
16930;276
16932;276
16934;276
16936;276
16938;276
16940;276
16942;276
16944;276
16946;276
16948;276
16950;276
16952;276
16954;276
16956;276
16958;276
16960;276
16962;276
16964;276
16966;276
16968;276
16970;276
16972;276
16974;276
16976;276
16978;276
16980;276
16982;276
16984;276
16986;276
16988;276
16990;276
16992;276
16994;276
16996;276
16998;276
17000;276
17002;276
17004;276
17006;276
17008;276
17010;276
17012;276
17014;276
17016;276
17018;276
17020;276
17022;276
17024;276
17026;276
17028;276
17030;276
17032;276
17034;276
17036;276
17038;276
17040;276
17042;276
17044;276
17046;276
17048;276
17050;276
17052;276
17054;276
17056;276
17058;276
17060;276
17062;276
17064;276
17066;276
17068;276
17070;276
17072;276
17074;276
17076;276
17078;276
17080;276
17082;276
17084;276
17086;276
17088;276
17090;276
17092;276
17094;276
17096;276
17098;276
17100;232
17102;232
17104;232
17106;232
17108;232
17110;232
17112;232
17114;232
17116;232
17118;232
17120;232
17122;232
17124;232
17126;232
17128;232
17130;232
17132;232
17134;232
17136;232
17138;232
17140;232
17142;232
17144;232
17146;232
17148;232
17150;232
17152;232
17154;232
17156;232
17158;232
17160;232
17162;232
17164;232
17166;232
17168;232
17170;232
17172;232
17174;232
17176;232
17178;232
17180;232
17182;232
17184;232
17186;232
17188;232
17190;232
17192;232
17194;232
17196;232
17198;232
17200;232
17202;232
17204;232
17206;232
17208;232
17210;232
17212;232
17214;232
17216;232
17218;232
17220;232
17222;232
17224;232
17226;232
17228;232
17230;232
17232;232
17234;232
17236;232
17238;232
17240;232
17242;232
17244;232
17246;232
17248;232
17250;232
17252;232
17254;232
17256;232
17258;232
17260;232
17262;232
17264;232
17266;232
17268;232
17270;232
17272;232
17274;232
17276;232
17278;232
17280;232
17282;232
17284;232
17286;232
17288;232
17290;232
17292;232
17294;232
17296;232
17298;232
17300;232
17302;232
17304;232
17306;232
17308;232
17310;232
17312;232
17314;232
17316;232
17318;232
17320;232
17322;232
17324;232
17326;232
17328;232
17330;232
17332;232
17334;232
17336;232
17338;232
17340;232
17342;232
17344;232
17346;232
17348;232
17350;232
17352;232
17354;232
17356;232
17358;232
17360;232
17362;232
17364;232
17366;232
17368;232
17370;232
17372;232
17374;232
17376;232
17378;232
17380;232
17382;232
17384;232
17386;232
17388;232
17390;232
17392;232
17394;232
17396;232
17398;232
17400;232
17402;232
17404;232
17406;232
17408;232
17410;232
17412;232
17414;232
17416;232
17418;232
17420;232
17422;232
17424;232
17426;232
17428;232
17430;232
17432;232
17434;232
17436;232
17438;232
17440;232
17442;232
17444;232
17446;232
17448;232
17450;232
17452;232
17454;232
17456;232
17458;232
17460;232
17462;232
17464;232
17466;232
17468;232
17470;232
17472;232
17474;232
17476;232
17478;232
17480;232
17482;232
17484;232
17486;232
17488;232
17490;232
17492;232
17494;232
17496;232
17498;232
17500;232
17502;232
17504;232
17506;232
17508;232
17510;232
17512;232
17514;232
17516;232
17518;232
17520;232
17522;232
17524;232
17526;232
17528;232
17530;232
17532;232
17534;232
17536;232
17538;232
17540;232
17542;232
17544;232
17546;232
17548;232
17550;232
17552;232
17554;232
17556;232
17558;232
17560;232
17562;232
17564;232
17566;232
17568;232
17570;232
17572;232
17574;232
17576;232
17578;232
17580;232
17582;232
17584;232
17586;232
17588;232
17590;232
17592;232
17594;232
17596;232
17598;232
17600;232
17602;232
17604;232
17606;232
17608;232
17610;232
17612;232
17614;232
17616;232
17618;232
17620;232
17622;232
17624;232
17626;232
17628;232
17630;232
17632;232
17634;232
17636;232
17638;232
17640;232
17642;232
17644;232
17646;232
17648;232
17650;232
17652;232
17654;232
17656;232
17658;232
17660;232
17662;232
17664;232
17666;232
17668;232
17670;232
17672;232
17674;232
17676;232
17678;232
17680;232
17682;232
17684;232
17686;232
17688;232
17690;232
17692;232
17694;232
17696;232
17698;232
17700;232
17702;232
17704;232
17706;232
17708;232
17710;232
17712;232
17714;232
17716;232
17718;232
17720;232
17722;232
17724;232
17726;232
17728;232
17730;232
17732;232
17734;232
17736;232
17738;232
17740;232
17742;232
17744;232
17746;232
17748;232
17750;232
17752;232
17754;232
17756;232
17758;232
17760;232
17762;232
17764;232
17766;232
17768;232
17770;232
17772;232
17774;232
17776;232
17778;232
17780;232
17782;232
17784;232
17786;232
17788;232
17790;232
17792;232
17794;232
17796;232
17798;232
17800;232
17802;232
17804;232
17806;232
17808;232
17810;232
17812;232
17814;232
17816;232
17818;232
17820;232
17822;232
17824;232
17826;232
17828;232
17830;232
17832;232
17834;232
17836;232
17838;232
17840;232
17842;232
17844;232
17846;232
17848;232
17850;232
17852;232
17854;232
17856;232
17858;232
17860;232
17862;232
17864;232
17866;232
17868;232
17870;232
17872;232
17874;232
17876;232
17878;232
17880;232
17882;232
17884;232
17886;232
17888;232
17890;232
17892;232
17894;232
17896;232
17898;232
17900;232
17902;232
17904;232
17906;232
17908;232
17910;232
17912;232
17914;232
17916;232
17918;232
17920;232
17922;232
17924;232
17926;232
17928;232
17930;232
17932;232
17934;232
17936;232
17938;232
17940;232
17942;232
17944;232
17946;232
17948;232
17950;232
17952;232
17954;232
17956;232
17958;232
17960;232
17962;232
17964;232
17966;232
17968;232
17970;232
17972;232
17974;232
17976;232
17978;232
17980;232
17982;232
17984;232
17986;232
17988;232
17990;232
17992;232
17994;232
17996;232
