#	X	Y
0;40
2;40
4;40
6;40
8;40
10;40
12;40
14;40
16;40
18;40
20;40
22;40
24;40
26;40
28;40
30;40
32;40
34;40
36;40
38;40
40;40
42;40
44;40
46;40
48;40
50;40
52;40
54;40
56;40
58;40
60;40
62;40
64;40
66;40
68;40
70;40
72;40
74;40
76;40
78;40
80;40
82;40
84;40
86;40
88;40
90;40
92;40
94;40
96;40
98;40
100;40
102;40
104;40
106;40
108;40
110;40
112;40
114;40
116;40
118;40
120;40
122;40
124;40
126;40
128;40
130;40
132;40
134;40
136;40
138;40
140;40
142;40
144;40
146;40
148;40
150;40
152;40
154;40
156;40
158;40
160;40
162;40
164;40
166;40
168;40
170;40
172;40
174;40
176;40
178;40
180;40
182;40
184;40
186;40
188;40
190;40
192;40
194;40
196;40
198;40
200;40
202;40
204;40
206;40
208;40
210;40
212;40
214;40
216;40
218;40
220;40
222;40
224;40
226;40
228;40
230;40
232;40
234;40
236;40
238;40
240;40
242;40
244;40
246;40
248;40
250;40
252;40
254;40
256;40
258;40
260;40
262;40
264;40
266;40
268;40
270;40
272;40
274;40
276;40
278;40
280;40
282;40
284;40
286;40
288;40
290;40
292;40
294;40
296;40
298;40
300;40
302;40
304;40
306;40
308;40
310;40
312;40
314;40
316;40
318;40
320;40
322;40
324;40
326;40
328;40
330;40
332;40
334;40
336;40
338;40
340;40
342;40
344;40
346;40
348;40
350;40
352;40
354;40
356;40
358;40
360;40
362;40
364;40
366;40
368;40
370;40
372;40
374;40
376;40
378;40
380;40
382;40
384;40
386;40
388;40
390;40
392;40
394;40
396;40
398;40
400;40
402;40
404;40
406;40
408;40
410;40
412;40
414;40
416;40
418;40
420;40
422;40
424;40
426;40
428;40
430;40
432;40
434;40
436;40
438;40
440;40
442;40
444;40
446;40
448;40
450;40
452;40
454;40
456;40
458;40
460;40
462;40
464;40
466;40
468;40
470;40
472;40
474;40
476;40
478;40
480;40
482;40
484;40
486;40
488;40
490;40
492;40
494;40
496;40
498;40
500;40
502;40
504;40
506;40
508;40
510;40
512;40
514;40
516;40
518;40
520;40
522;40
524;40
526;40
528;40
530;40
532;40
534;40
536;40
538;40
540;40
542;40
544;40
546;40
548;40
550;40
552;40
554;40
556;40
558;40
560;40
562;40
564;40
566;40
568;40
570;40
572;40
574;40
576;40
578;40
580;40
582;40
584;40
586;40
588;40
590;40
592;40
594;40
596;40
598;40
600;40
602;40
604;40
606;40
608;40
610;40
612;40
614;40
616;40
618;40
620;40
622;40
624;40
626;40
628;40
630;40
632;40
634;40
636;40
638;40
640;40
642;40
644;40
646;40
648;40
650;40
652;40
654;40
656;40
658;40
660;40
662;40
664;40
666;40
668;40
670;40
672;40
674;40
676;40
678;40
680;40
682;40
684;40
686;40
688;40
690;40
692;40
694;40
696;40
698;40
700;40
702;40
704;40
706;40
708;40
710;40
712;40
714;40
716;40
718;40
720;40
722;40
724;40
726;40
728;40
730;40
732;40
734;40
736;40
738;40
740;40
742;40
744;40
746;40
748;40
750;40
752;40
754;40
756;40
758;40
760;40
762;40
764;40
766;40
768;40
770;40
772;40
774;40
776;40
778;40
780;40
782;40
784;40
786;40
788;40
790;40
792;40
794;40
796;40
798;40
800;40
802;40
804;40
806;40
808;40
810;40
812;40
814;40
816;40
818;40
820;40
822;40
824;40
826;40
828;40
830;40
832;40
834;40
836;40
838;40
840;40
842;40
844;40
846;40
848;40
850;40
852;40
854;40
856;40
858;40
860;40
862;40
864;40
866;40
868;40
870;40
872;40
874;40
876;40
878;40
880;40
882;40
884;40
886;40
888;40
890;40
892;40
894;40
896;40
898;40
900;343
902;343
904;343
906;343
908;343
910;343
912;343
914;343
916;343
918;343
920;343
922;343
924;343
926;343
928;343
930;343
932;343
934;343
936;343
938;343
940;343
942;343
944;343
946;343
948;343
950;343
952;343
954;343
956;343
958;343
960;343
962;343
964;343
966;343
968;343
970;343
972;343
974;343
976;343
978;343
980;343
982;343
984;343
986;343
988;343
990;343
992;343
994;343
996;343
998;343
1000;343
1002;343
1004;343
1006;343
1008;343
1010;343
1012;343
1014;343
1016;343
1018;343
1020;343
1022;343
1024;343
1026;343
1028;343
1030;343
1032;343
1034;343
1036;343
1038;343
1040;343
1042;343
1044;343
1046;343
1048;343
1050;343
1052;343
1054;343
1056;343
1058;343
1060;343
1062;343
1064;343
1066;343
1068;343
1070;343
1072;343
1074;343
1076;343
1078;343
1080;343
1082;343
1084;343
1086;343
1088;343
1090;343
1092;343
1094;343
1096;343
1098;343
1100;343
1102;343
1104;343
1106;343
1108;343
1110;343
1112;343
1114;343
1116;343
1118;343
1120;343
1122;343
1124;343
1126;343
1128;343
1130;343
1132;343
1134;343
1136;343
1138;343
1140;343
1142;343
1144;343
1146;343
1148;343
1150;343
1152;343
1154;343
1156;343
1158;343
1160;343
1162;343
1164;343
1166;343
1168;343
1170;343
1172;343
1174;343
1176;343
1178;343
1180;343
1182;343
1184;343
1186;343
1188;343
1190;343
1192;343
1194;343
1196;343
1198;343
1200;343
1202;343
1204;343
1206;343
1208;343
1210;343
1212;343
1214;343
1216;343
1218;343
1220;343
1222;343
1224;343
1226;343
1228;343
1230;343
1232;343
1234;343
1236;343
1238;343
1240;343
1242;343
1244;343
1246;343
1248;343
1250;343
1252;343
1254;343
1256;343
1258;343
1260;343
1262;343
1264;343
1266;343
1268;343
1270;343
1272;343
1274;343
1276;343
1278;343
1280;343
1282;343
1284;343
1286;343
1288;343
1290;343
1292;343
1294;343
1296;343
1298;343
1300;343
1302;343
1304;343
1306;343
1308;343
1310;343
1312;343
1314;343
1316;343
1318;343
1320;343
1322;343
1324;343
1326;343
1328;343
1330;343
1332;343
1334;343
1336;343
1338;343
1340;343
1342;343
1344;343
1346;343
1348;343
1350;343
1352;343
1354;343
1356;343
1358;343
1360;343
1362;343
1364;343
1366;343
1368;343
1370;343
1372;343
1374;343
1376;343
1378;343
1380;343
1382;343
1384;343
1386;343
1388;343
1390;343
1392;343
1394;343
1396;343
1398;343
1400;343
1402;343
1404;343
1406;343
1408;343
1410;343
1412;343
1414;343
1416;343
1418;343
1420;343
1422;343
1424;343
1426;343
1428;343
1430;343
1432;343
1434;343
1436;343
1438;343
1440;343
1442;343
1444;343
1446;343
1448;343
1450;343
1452;343
1454;343
1456;343
1458;343
1460;343
1462;343
1464;343
1466;343
1468;343
1470;343
1472;343
1474;343
1476;343
1478;343
1480;343
1482;343
1484;343
1486;343
1488;343
1490;343
1492;343
1494;343
1496;343
1498;343
1500;343
1502;343
1504;343
1506;343
1508;343
1510;343
1512;343
1514;343
1516;343
1518;343
1520;343
1522;343
1524;343
1526;343
1528;343
1530;343
1532;343
1534;343
1536;343
1538;343
1540;343
1542;343
1544;343
1546;343
1548;343
1550;343
1552;343
1554;343
1556;343
1558;343
1560;343
1562;343
1564;343
1566;343
1568;343
1570;343
1572;343
1574;343
1576;343
1578;343
1580;343
1582;343
1584;343
1586;343
1588;343
1590;343
1592;343
1594;343
1596;343
1598;343
1600;343
1602;343
1604;343
1606;343
1608;343
1610;343
1612;343
1614;343
1616;343
1618;343
1620;343
1622;343
1624;343
1626;343
1628;343
1630;343
1632;343
1634;343
1636;343
1638;343
1640;343
1642;343
1644;343
1646;343
1648;343
1650;343
1652;343
1654;343
1656;343
1658;343
1660;343
1662;343
1664;343
1666;343
1668;343
1670;343
1672;343
1674;343
1676;343
1678;343
1680;343
1682;343
1684;343
1686;343
1688;343
1690;343
1692;343
1694;343
1696;343
1698;343
1700;343
1702;343
1704;343
1706;343
1708;343
1710;343
1712;343
1714;343
1716;343
1718;343
1720;343
1722;343
1724;343
1726;343
1728;343
1730;343
1732;343
1734;343
1736;343
1738;343
1740;343
1742;343
1744;343
1746;343
1748;343
1750;343
1752;343
1754;343
1756;343
1758;343
1760;343
1762;343
1764;343
1766;343
1768;343
1770;343
1772;343
1774;343
1776;343
1778;343
1780;343
1782;343
1784;343
1786;343
1788;343
1790;343
1792;343
1794;343
1796;343
1798;343
1800;260
1802;260
1804;260
1806;260
1808;260
1810;260
1812;260
1814;260
1816;260
1818;260
1820;260
1822;260
1824;260
1826;260
1828;260
1830;260
1832;260
1834;260
1836;260
1838;260
1840;260
1842;260
1844;260
1846;260
1848;260
1850;260
1852;260
1854;260
1856;260
1858;260
1860;260
1862;260
1864;260
1866;260
1868;260
1870;260
1872;260
1874;260
1876;260
1878;260
1880;260
1882;260
1884;260
1886;260
1888;260
1890;260
1892;260
1894;260
1896;260
1898;260
1900;260
1902;260
1904;260
1906;260
1908;260
1910;260
1912;260
1914;260
1916;260
1918;260
1920;260
1922;260
1924;260
1926;260
1928;260
1930;260
1932;260
1934;260
1936;260
1938;260
1940;260
1942;260
1944;260
1946;260
1948;260
1950;260
1952;260
1954;260
1956;260
1958;260
1960;260
1962;260
1964;260
1966;260
1968;260
1970;260
1972;260
1974;260
1976;260
1978;260
1980;260
1982;260
1984;260
1986;260
1988;260
1990;260
1992;260
1994;260
1996;260
1998;260
2000;260
2002;260
2004;260
2006;260
2008;260
2010;260
2012;260
2014;260
2016;260
2018;260
2020;260
2022;260
2024;260
2026;260
2028;260
2030;260
2032;260
2034;260
2036;260
2038;260
2040;260
2042;260
2044;260
2046;260
2048;260
2050;260
2052;260
2054;260
2056;260
2058;260
2060;260
2062;260
2064;260
2066;260
2068;260
2070;260
2072;260
2074;260
2076;260
2078;260
2080;260
2082;260
2084;260
2086;260
2088;260
2090;260
2092;260
2094;260
2096;260
2098;260
2100;260
2102;260
2104;260
2106;260
2108;260
2110;260
2112;260
2114;260
2116;260
2118;260
2120;260
2122;260
2124;260
2126;260
2128;260
2130;260
2132;260
2134;260
2136;260
2138;260
2140;260
2142;260
2144;260
2146;260
2148;260
2150;260
2152;260
2154;260
2156;260
2158;260
2160;260
2162;260
2164;260
2166;260
2168;260
2170;260
2172;260
2174;260
2176;260
2178;260
2180;260
2182;260
2184;260
2186;260
2188;260
2190;260
2192;260
2194;260
2196;260
2198;260
2200;260
2202;260
2204;260
2206;260
2208;260
2210;260
2212;260
2214;260
2216;260
2218;260
2220;260
2222;260
2224;260
2226;260
2228;260
2230;260
2232;260
2234;260
2236;260
2238;260
2240;260
2242;260
2244;260
2246;260
2248;260
2250;260
2252;260
2254;260
2256;260
2258;260
2260;260
2262;260
2264;260
2266;260
2268;260
2270;260
2272;260
2274;260
2276;260
2278;260
2280;260
2282;260
2284;260
2286;260
2288;260
2290;260
2292;260
2294;260
2296;260
2298;260
2300;260
2302;260
2304;260
2306;260
2308;260
2310;260
2312;260
2314;260
2316;260
2318;260
2320;260
2322;260
2324;260
2326;260
2328;260
2330;260
2332;260
2334;260
2336;260
2338;260
2340;260
2342;260
2344;260
2346;260
2348;260
2350;260
2352;260
2354;260
2356;260
2358;260
2360;260
2362;260
2364;260
2366;260
2368;260
2370;260
2372;260
2374;260
2376;260
2378;260
2380;260
2382;260
2384;260
2386;260
2388;260
2390;260
2392;260
2394;260
2396;260
2398;260
2400;260
2402;260
2404;260
2406;260
2408;260
2410;260
2412;260
2414;260
2416;260
2418;260
2420;260
2422;260
2424;260
2426;260
2428;260
2430;260
2432;260
2434;260
2436;260
2438;260
2440;260
2442;260
2444;260
2446;260
2448;260
2450;260
2452;260
2454;260
2456;260
2458;260
2460;260
2462;260
2464;260
2466;260
2468;260
2470;260
2472;260
2474;260
2476;260
2478;260
2480;260
2482;260
2484;260
2486;260
2488;260
2490;260
2492;260
2494;260
2496;260
2498;260
2500;260
2502;260
2504;260
2506;260
2508;260
2510;260
2512;260
2514;260
2516;260
2518;260
2520;260
2522;260
2524;260
2526;260
2528;260
2530;260
2532;260
2534;260
2536;260
2538;260
2540;260
2542;260
2544;260
2546;260
2548;260
2550;260
2552;260
2554;260
2556;260
2558;260
2560;260
2562;260
2564;260
2566;260
2568;260
2570;260
2572;260
2574;260
2576;260
2578;260
2580;260
2582;260
2584;260
2586;260
2588;260
2590;260
2592;260
2594;260
2596;260
2598;260
2600;260
2602;260
2604;260
2606;260
2608;260
2610;260
2612;260
2614;260
2616;260
2618;260
2620;260
2622;260
2624;260
2626;260
2628;260
2630;260
2632;260
2634;260
2636;260
2638;260
2640;260
2642;260
2644;260
2646;260
2648;260
2650;260
2652;260
2654;260
2656;260
2658;260
2660;260
2662;260
2664;260
2666;260
2668;260
2670;260
2672;260
2674;260
2676;260
2678;260
2680;260
2682;260
2684;260
2686;260
2688;260
2690;260
2692;260
2694;260
2696;260
2698;260
2700;271
2702;271
2704;271
2706;271
2708;271
2710;271
2712;271
2714;271
2716;271
2718;271
2720;271
2722;271
2724;271
2726;271
2728;271
2730;271
2732;271
2734;271
2736;271
2738;271
2740;271
2742;271
2744;271
2746;271
2748;271
2750;271
2752;271
2754;271
2756;271
2758;271
2760;271
2762;271
2764;271
2766;271
2768;271
2770;271
2772;271
2774;271
2776;271
2778;271
2780;271
2782;271
2784;271
2786;271
2788;271
2790;271
2792;271
2794;271
2796;271
2798;271
2800;271
2802;271
2804;271
2806;271
2808;271
2810;271
2812;271
2814;271
2816;271
2818;271
2820;271
2822;271
2824;271
2826;271
2828;271
2830;271
2832;271
2834;271
2836;271
2838;271
2840;271
2842;271
2844;271
2846;271
2848;271
2850;271
2852;271
2854;271
2856;271
2858;271
2860;271
2862;271
2864;271
2866;271
2868;271
2870;271
2872;271
2874;271
2876;271
2878;271
2880;271
2882;271
2884;271
2886;271
2888;271
2890;271
2892;271
2894;271
2896;271
2898;271
2900;271
2902;271
2904;271
2906;271
2908;271
2910;271
2912;271
2914;271
2916;271
2918;271
2920;271
2922;271
2924;271
2926;271
2928;271
2930;271
2932;271
2934;271
2936;271
2938;271
2940;271
2942;271
2944;271
2946;271
2948;271
2950;271
2952;271
2954;271
2956;271
2958;271
2960;271
2962;271
2964;271
2966;271
2968;271
2970;271
2972;271
2974;271
2976;271
2978;271
2980;271
2982;271
2984;271
2986;271
2988;271
2990;271
2992;271
2994;271
2996;271
2998;271
3000;271
3002;271
3004;271
3006;271
3008;271
3010;271
3012;271
3014;271
3016;271
3018;271
3020;271
3022;271
3024;271
3026;271
3028;271
3030;271
3032;271
3034;271
3036;271
3038;271
3040;271
3042;271
3044;271
3046;271
3048;271
3050;271
3052;271
3054;271
3056;271
3058;271
3060;271
3062;271
3064;271
3066;271
3068;271
3070;271
3072;271
3074;271
3076;271
3078;271
3080;271
3082;271
3084;271
3086;271
3088;271
3090;271
3092;271
3094;271
3096;271
3098;271
3100;271
3102;271
3104;271
3106;271
3108;271
3110;271
3112;271
3114;271
3116;271
3118;271
3120;271
3122;271
3124;271
3126;271
3128;271
3130;271
3132;271
3134;271
3136;271
3138;271
3140;271
3142;271
3144;271
3146;271
3148;271
3150;271
3152;271
3154;271
3156;271
3158;271
3160;271
3162;271
3164;271
3166;271
3168;271
3170;271
3172;271
3174;271
3176;271
3178;271
3180;271
3182;271
3184;271
3186;271
3188;271
3190;271
3192;271
3194;271
3196;271
3198;271
3200;271
3202;271
3204;271
3206;271
3208;271
3210;271
3212;271
3214;271
3216;271
3218;271
3220;271
3222;271
3224;271
3226;271
3228;271
3230;271
3232;271
3234;271
3236;271
3238;271
3240;271
3242;271
3244;271
3246;271
3248;271
3250;271
3252;271
3254;271
3256;271
3258;271
3260;271
3262;271
3264;271
3266;271
3268;271
3270;271
3272;271
3274;271
3276;271
3278;271
3280;271
3282;271
3284;271
3286;271
3288;271
3290;271
3292;271
3294;271
3296;271
3298;271
3300;271
3302;271
3304;271
3306;271
3308;271
3310;271
3312;271
3314;271
3316;271
3318;271
3320;271
3322;271
3324;271
3326;271
3328;271
3330;271
3332;271
3334;271
3336;271
3338;271
3340;271
3342;271
3344;271
3346;271
3348;271
3350;271
3352;271
3354;271
3356;271
3358;271
3360;271
3362;271
3364;271
3366;271
3368;271
3370;271
3372;271
3374;271
3376;271
3378;271
3380;271
3382;271
3384;271
3386;271
3388;271
3390;271
3392;271
3394;271
3396;271
3398;271
3400;271
3402;271
3404;271
3406;271
3408;271
3410;271
3412;271
3414;271
3416;271
3418;271
3420;271
3422;271
3424;271
3426;271
3428;271
3430;271
3432;271
3434;271
3436;271
3438;271
3440;271
3442;271
3444;271
3446;271
3448;271
3450;271
3452;271
3454;271
3456;271
3458;271
3460;271
3462;271
3464;271
3466;271
3468;271
3470;271
3472;271
3474;271
3476;271
3478;271
3480;271
3482;271
3484;271
3486;271
3488;271
3490;271
3492;271
3494;271
3496;271
3498;271
3500;271
3502;271
3504;271
3506;271
3508;271
3510;271
3512;271
3514;271
3516;271
3518;271
3520;271
3522;271
3524;271
3526;271
3528;271
3530;271
3532;271
3534;271
3536;271
3538;271
3540;271
3542;271
3544;271
3546;271
3548;271
3550;271
3552;271
3554;271
3556;271
3558;271
3560;271
3562;271
3564;271
3566;271
3568;271
3570;271
3572;271
3574;271
3576;271
3578;271
3580;271
3582;271
3584;271
3586;271
3588;271
3590;271
3592;271
3594;271
3596;271
3598;271
3600;126
3602;126
3604;126
3606;126
3608;126
3610;126
3612;126
3614;126
3616;126
3618;126
3620;126
3622;126
3624;126
3626;126
3628;126
3630;126
3632;126
3634;126
3636;126
3638;126
3640;126
3642;126
3644;126
3646;126
3648;126
3650;126
3652;126
3654;126
3656;126
3658;126
3660;126
3662;126
3664;126
3666;126
3668;126
3670;126
3672;126
3674;126
3676;126
3678;126
3680;126
3682;126
3684;126
3686;126
3688;126
3690;126
3692;126
3694;126
3696;126
3698;126
3700;126
3702;126
3704;126
3706;126
3708;126
3710;126
3712;126
3714;126
3716;126
3718;126
3720;126
3722;126
3724;126
3726;126
3728;126
3730;126
3732;126
3734;126
3736;126
3738;126
3740;126
3742;126
3744;126
3746;126
3748;126
3750;126
3752;126
3754;126
3756;126
3758;126
3760;126
3762;126
3764;126
3766;126
3768;126
3770;126
3772;126
3774;126
3776;126
3778;126
3780;126
3782;126
3784;126
3786;126
3788;126
3790;126
3792;126
3794;126
3796;126
3798;126
3800;126
3802;126
3804;126
3806;126
3808;126
3810;126
3812;126
3814;126
3816;126
3818;126
3820;126
3822;126
3824;126
3826;126
3828;126
3830;126
3832;126
3834;126
3836;126
3838;126
3840;126
3842;126
3844;126
3846;126
3848;126
3850;126
3852;126
3854;126
3856;126
3858;126
3860;126
3862;126
3864;126
3866;126
3868;126
3870;126
3872;126
3874;126
3876;126
3878;126
3880;126
3882;126
3884;126
3886;126
3888;126
3890;126
3892;126
3894;126
3896;126
3898;126
3900;126
3902;126
3904;126
3906;126
3908;126
3910;126
3912;126
3914;126
3916;126
3918;126
3920;126
3922;126
3924;126
3926;126
3928;126
3930;126
3932;126
3934;126
3936;126
3938;126
3940;126
3942;126
3944;126
3946;126
3948;126
3950;126
3952;126
3954;126
3956;126
3958;126
3960;126
3962;126
3964;126
3966;126
3968;126
3970;126
3972;126
3974;126
3976;126
3978;126
3980;126
3982;126
3984;126
3986;126
3988;126
3990;126
3992;126
3994;126
3996;126
3998;126
4000;126
4002;126
4004;126
4006;126
4008;126
4010;126
4012;126
4014;126
4016;126
4018;126
4020;126
4022;126
4024;126
4026;126
4028;126
4030;126
4032;126
4034;126
4036;126
4038;126
4040;126
4042;126
4044;126
4046;126
4048;126
4050;126
4052;126
4054;126
4056;126
4058;126
4060;126
4062;126
4064;126
4066;126
4068;126
4070;126
4072;126
4074;126
4076;126
4078;126
4080;126
4082;126
4084;126
4086;126
4088;126
4090;126
4092;126
4094;126
4096;126
4098;126
4100;126
4102;126
4104;126
4106;126
4108;126
4110;126
4112;126
4114;126
4116;126
4118;126
4120;126
4122;126
4124;126
4126;126
4128;126
4130;126
4132;126
4134;126
4136;126
4138;126
4140;126
4142;126
4144;126
4146;126
4148;126
4150;126
4152;126
4154;126
4156;126
4158;126
4160;126
4162;126
4164;126
4166;126
4168;126
4170;126
4172;126
4174;126
4176;126
4178;126
4180;126
4182;126
4184;126
4186;126
4188;126
4190;126
4192;126
4194;126
4196;126
4198;126
4200;126
4202;126
4204;126
4206;126
4208;126
4210;126
4212;126
4214;126
4216;126
4218;126
4220;126
4222;126
4224;126
4226;126
4228;126
4230;126
4232;126
4234;126
4236;126
4238;126
4240;126
4242;126
4244;126
4246;126
4248;126
4250;126
4252;126
4254;126
4256;126
4258;126
4260;126
4262;126
4264;126
4266;126
4268;126
4270;126
4272;126
4274;126
4276;126
4278;126
4280;126
4282;126
4284;126
4286;126
4288;126
4290;126
4292;126
4294;126
4296;126
4298;126
4300;126
4302;126
4304;126
4306;126
4308;126
4310;126
4312;126
4314;126
4316;126
4318;126
4320;126
4322;126
4324;126
4326;126
4328;126
4330;126
4332;126
4334;126
4336;126
4338;126
4340;126
4342;126
4344;126
4346;126
4348;126
4350;126
4352;126
4354;126
4356;126
4358;126
4360;126
4362;126
4364;126
4366;126
4368;126
4370;126
4372;126
4374;126
4376;126
4378;126
4380;126
4382;126
4384;126
4386;126
4388;126
4390;126
4392;126
4394;126
4396;126
4398;126
4400;126
4402;126
4404;126
4406;126
4408;126
4410;126
4412;126
4414;126
4416;126
4418;126
4420;126
4422;126
4424;126
4426;126
4428;126
4430;126
4432;126
4434;126
4436;126
4438;126
4440;126
4442;126
4444;126
4446;126
4448;126
4450;126
4452;126
4454;126
4456;126
4458;126
4460;126
4462;126
4464;126
4466;126
4468;126
4470;126
4472;126
4474;126
4476;126
4478;126
4480;126
4482;126
4484;126
4486;126
4488;126
4490;126
4492;126
4494;126
4496;126
4498;126
4500;37
4502;37
4504;37
4506;37
4508;37
4510;37
4512;37
4514;37
4516;37
4518;37
4520;37
4522;37
4524;37
4526;37
4528;37
4530;37
4532;37
4534;37
4536;37
4538;37
4540;37
4542;37
4544;37
4546;37
4548;37
4550;37
4552;37
4554;37
4556;37
4558;37
4560;37
4562;37
4564;37
4566;37
4568;37
4570;37
4572;37
4574;37
4576;37
4578;37
4580;37
4582;37
4584;37
4586;37
4588;37
4590;37
4592;37
4594;37
4596;37
4598;37
4600;37
4602;37
4604;37
4606;37
4608;37
4610;37
4612;37
4614;37
4616;37
4618;37
4620;37
4622;37
4624;37
4626;37
4628;37
4630;37
4632;37
4634;37
4636;37
4638;37
4640;37
4642;37
4644;37
4646;37
4648;37
4650;37
4652;37
4654;37
4656;37
4658;37
4660;37
4662;37
4664;37
4666;37
4668;37
4670;37
4672;37
4674;37
4676;37
4678;37
4680;37
4682;37
4684;37
4686;37
4688;37
4690;37
4692;37
4694;37
4696;37
4698;37
4700;37
4702;37
4704;37
4706;37
4708;37
4710;37
4712;37
4714;37
4716;37
4718;37
4720;37
4722;37
4724;37
4726;37
4728;37
4730;37
4732;37
4734;37
4736;37
4738;37
4740;37
4742;37
4744;37
4746;37
4748;37
4750;37
4752;37
4754;37
4756;37
4758;37
4760;37
4762;37
4764;37
4766;37
4768;37
4770;37
4772;37
4774;37
4776;37
4778;37
4780;37
4782;37
4784;37
4786;37
4788;37
4790;37
4792;37
4794;37
4796;37
4798;37
4800;37
4802;37
4804;37
4806;37
4808;37
4810;37
4812;37
4814;37
4816;37
4818;37
4820;37
4822;37
4824;37
4826;37
4828;37
4830;37
4832;37
4834;37
4836;37
4838;37
4840;37
4842;37
4844;37
4846;37
4848;37
4850;37
4852;37
4854;37
4856;37
4858;37
4860;37
4862;37
4864;37
4866;37
4868;37
4870;37
4872;37
4874;37
4876;37
4878;37
4880;37
4882;37
4884;37
4886;37
4888;37
4890;37
4892;37
4894;37
4896;37
4898;37
4900;37
4902;37
4904;37
4906;37
4908;37
4910;37
4912;37
4914;37
4916;37
4918;37
4920;37
4922;37
4924;37
4926;37
4928;37
4930;37
4932;37
4934;37
4936;37
4938;37
4940;37
4942;37
4944;37
4946;37
4948;37
4950;37
4952;37
4954;37
4956;37
4958;37
4960;37
4962;37
4964;37
4966;37
4968;37
4970;37
4972;37
4974;37
4976;37
4978;37
4980;37
4982;37
4984;37
4986;37
4988;37
4990;37
4992;37
4994;37
4996;37
4998;37
5000;37
5002;37
5004;37
5006;37
5008;37
5010;37
5012;37
5014;37
5016;37
5018;37
5020;37
5022;37
5024;37
5026;37
5028;37
5030;37
5032;37
5034;37
5036;37
5038;37
5040;37
5042;37
5044;37
5046;37
5048;37
5050;37
5052;37
5054;37
5056;37
5058;37
5060;37
5062;37
5064;37
5066;37
5068;37
5070;37
5072;37
5074;37
5076;37
5078;37
5080;37
5082;37
5084;37
5086;37
5088;37
5090;37
5092;37
5094;37
5096;37
5098;37
5100;37
5102;37
5104;37
5106;37
5108;37
5110;37
5112;37
5114;37
5116;37
5118;37
5120;37
5122;37
5124;37
5126;37
5128;37
5130;37
5132;37
5134;37
5136;37
5138;37
5140;37
5142;37
5144;37
5146;37
5148;37
5150;37
5152;37
5154;37
5156;37
5158;37
5160;37
5162;37
5164;37
5166;37
5168;37
5170;37
5172;37
5174;37
5176;37
5178;37
5180;37
5182;37
5184;37
5186;37
5188;37
5190;37
5192;37
5194;37
5196;37
5198;37
5200;37
5202;37
5204;37
5206;37
5208;37
5210;37
5212;37
5214;37
5216;37
5218;37
5220;37
5222;37
5224;37
5226;37
5228;37
5230;37
5232;37
5234;37
5236;37
5238;37
5240;37
5242;37
5244;37
5246;37
5248;37
5250;37
5252;37
5254;37
5256;37
5258;37
5260;37
5262;37
5264;37
5266;37
5268;37
5270;37
5272;37
5274;37
5276;37
5278;37
5280;37
5282;37
5284;37
5286;37
5288;37
5290;37
5292;37
5294;37
5296;37
5298;37
5300;37
5302;37
5304;37
5306;37
5308;37
5310;37
5312;37
5314;37
5316;37
5318;37
5320;37
5322;37
5324;37
5326;37
5328;37
5330;37
5332;37
5334;37
5336;37
5338;37
5340;37
5342;37
5344;37
5346;37
5348;37
5350;37
5352;37
5354;37
5356;37
5358;37
5360;37
5362;37
5364;37
5366;37
5368;37
5370;37
5372;37
5374;37
5376;37
5378;37
5380;37
5382;37
5384;37
5386;37
5388;37
5390;37
5392;37
5394;37
5396;37
5398;37
5400;105
5402;105
5404;105
5406;105
5408;105
5410;105
5412;105
5414;105
5416;105
5418;105
5420;105
5422;105
5424;105
5426;105
5428;105
5430;105
5432;105
5434;105
5436;105
5438;105
5440;105
5442;105
5444;105
5446;105
5448;105
5450;105
5452;105
5454;105
5456;105
5458;105
5460;105
5462;105
5464;105
5466;105
5468;105
5470;105
5472;105
5474;105
5476;105
5478;105
5480;105
5482;105
5484;105
5486;105
5488;105
5490;105
5492;105
5494;105
5496;105
5498;105
5500;105
5502;105
5504;105
5506;105
5508;105
5510;105
5512;105
5514;105
5516;105
5518;105
5520;105
5522;105
5524;105
5526;105
5528;105
5530;105
5532;105
5534;105
5536;105
5538;105
5540;105
5542;105
5544;105
5546;105
5548;105
5550;105
5552;105
5554;105
5556;105
5558;105
5560;105
5562;105
5564;105
5566;105
5568;105
5570;105
5572;105
5574;105
5576;105
5578;105
5580;105
5582;105
5584;105
5586;105
5588;105
5590;105
5592;105
5594;105
5596;105
5598;105
5600;105
5602;105
5604;105
5606;105
5608;105
5610;105
5612;105
5614;105
5616;105
5618;105
5620;105
5622;105
5624;105
5626;105
5628;105
5630;105
5632;105
5634;105
5636;105
5638;105
5640;105
5642;105
5644;105
5646;105
5648;105
5650;105
5652;105
5654;105
5656;105
5658;105
5660;105
5662;105
5664;105
5666;105
5668;105
5670;105
5672;105
5674;105
5676;105
5678;105
5680;105
5682;105
5684;105
5686;105
5688;105
5690;105
5692;105
5694;105
5696;105
5698;105
5700;105
5702;105
5704;105
5706;105
5708;105
5710;105
5712;105
5714;105
5716;105
5718;105
5720;105
5722;105
5724;105
5726;105
5728;105
5730;105
5732;105
5734;105
5736;105
5738;105
5740;105
5742;105
5744;105
5746;105
5748;105
5750;105
5752;105
5754;105
5756;105
5758;105
5760;105
5762;105
5764;105
5766;105
5768;105
5770;105
5772;105
5774;105
5776;105
5778;105
5780;105
5782;105
5784;105
5786;105
5788;105
5790;105
5792;105
5794;105
5796;105
5798;105
5800;105
5802;105
5804;105
5806;105
5808;105
5810;105
5812;105
5814;105
5816;105
5818;105
5820;105
5822;105
5824;105
5826;105
5828;105
5830;105
5832;105
5834;105
5836;105
5838;105
5840;105
5842;105
5844;105
5846;105
5848;105
5850;105
5852;105
5854;105
5856;105
5858;105
5860;105
5862;105
5864;105
5866;105
5868;105
5870;105
5872;105
5874;105
5876;105
5878;105
5880;105
5882;105
5884;105
5886;105
5888;105
5890;105
5892;105
5894;105
5896;105
5898;105
5900;105
5902;105
5904;105
5906;105
5908;105
5910;105
5912;105
5914;105
5916;105
5918;105
5920;105
5922;105
5924;105
5926;105
5928;105
5930;105
5932;105
5934;105
5936;105
5938;105
5940;105
5942;105
5944;105
5946;105
5948;105
5950;105
5952;105
5954;105
5956;105
5958;105
5960;105
5962;105
5964;105
5966;105
5968;105
5970;105
5972;105
5974;105
5976;105
5978;105
5980;105
5982;105
5984;105
5986;105
5988;105
5990;105
5992;105
5994;105
5996;105
5998;105
6000;105
6002;105
6004;105
6006;105
6008;105
6010;105
6012;105
6014;105
6016;105
6018;105
6020;105
6022;105
6024;105
6026;105
6028;105
6030;105
6032;105
6034;105
6036;105
6038;105
6040;105
6042;105
6044;105
6046;105
6048;105
6050;105
6052;105
6054;105
6056;105
6058;105
6060;105
6062;105
6064;105
6066;105
6068;105
6070;105
6072;105
6074;105
6076;105
6078;105
6080;105
6082;105
6084;105
6086;105
6088;105
6090;105
6092;105
6094;105
6096;105
6098;105
6100;105
6102;105
6104;105
6106;105
6108;105
6110;105
6112;105
6114;105
6116;105
6118;105
6120;105
6122;105
6124;105
6126;105
6128;105
6130;105
6132;105
6134;105
6136;105
6138;105
6140;105
6142;105
6144;105
6146;105
6148;105
6150;105
6152;105
6154;105
6156;105
6158;105
6160;105
6162;105
6164;105
6166;105
6168;105
6170;105
6172;105
6174;105
6176;105
6178;105
6180;105
6182;105
6184;105
6186;105
6188;105
6190;105
6192;105
6194;105
6196;105
6198;105
6200;105
6202;105
6204;105
6206;105
6208;105
6210;105
6212;105
6214;105
6216;105
6218;105
6220;105
6222;105
6224;105
6226;105
6228;105
6230;105
6232;105
6234;105
6236;105
6238;105
6240;105
6242;105
6244;105
6246;105
6248;105
6250;105
6252;105
6254;105
6256;105
6258;105
6260;105
6262;105
6264;105
6266;105
6268;105
6270;105
6272;105
6274;105
6276;105
6278;105
6280;105
6282;105
6284;105
6286;105
6288;105
6290;105
6292;105
6294;105
6296;105
6298;105
6300;104
6302;104
6304;104
6306;104
6308;104
6310;104
6312;104
6314;104
6316;104
6318;104
6320;104
6322;104
6324;104
6326;104
6328;104
6330;104
6332;104
6334;104
6336;104
6338;104
6340;104
6342;104
6344;104
6346;104
6348;104
6350;104
6352;104
6354;104
6356;104
6358;104
6360;104
6362;104
6364;104
6366;104
6368;104
6370;104
6372;104
6374;104
6376;104
6378;104
6380;104
6382;104
6384;104
6386;104
6388;104
6390;104
6392;104
6394;104
6396;104
6398;104
6400;104
6402;104
6404;104
6406;104
6408;104
6410;104
6412;104
6414;104
6416;104
6418;104
6420;104
6422;104
6424;104
6426;104
6428;104
6430;104
6432;104
6434;104
6436;104
6438;104
6440;104
6442;104
6444;104
6446;104
6448;104
6450;104
6452;104
6454;104
6456;104
6458;104
6460;104
6462;104
6464;104
6466;104
6468;104
6470;104
6472;104
6474;104
6476;104
6478;104
6480;104
6482;104
6484;104
6486;104
6488;104
6490;104
6492;104
6494;104
6496;104
6498;104
6500;104
6502;104
6504;104
6506;104
6508;104
6510;104
6512;104
6514;104
6516;104
6518;104
6520;104
6522;104
6524;104
6526;104
6528;104
6530;104
6532;104
6534;104
6536;104
6538;104
6540;104
6542;104
6544;104
6546;104
6548;104
6550;104
6552;104
6554;104
6556;104
6558;104
6560;104
6562;104
6564;104
6566;104
6568;104
6570;104
6572;104
6574;104
6576;104
6578;104
6580;104
6582;104
6584;104
6586;104
6588;104
6590;104
6592;104
6594;104
6596;104
6598;104
6600;104
6602;104
6604;104
6606;104
6608;104
6610;104
6612;104
6614;104
6616;104
6618;104
6620;104
6622;104
6624;104
6626;104
6628;104
6630;104
6632;104
6634;104
6636;104
6638;104
6640;104
6642;104
6644;104
6646;104
6648;104
6650;104
6652;104
6654;104
6656;104
6658;104
6660;104
6662;104
6664;104
6666;104
6668;104
6670;104
6672;104
6674;104
6676;104
6678;104
6680;104
6682;104
6684;104
6686;104
6688;104
6690;104
6692;104
6694;104
6696;104
6698;104
6700;104
6702;104
6704;104
6706;104
6708;104
6710;104
6712;104
6714;104
6716;104
6718;104
6720;104
6722;104
6724;104
6726;104
6728;104
6730;104
6732;104
6734;104
6736;104
6738;104
6740;104
6742;104
6744;104
6746;104
6748;104
6750;104
6752;104
6754;104
6756;104
6758;104
6760;104
6762;104
6764;104
6766;104
6768;104
6770;104
6772;104
6774;104
6776;104
6778;104
6780;104
6782;104
6784;104
6786;104
6788;104
6790;104
6792;104
6794;104
6796;104
6798;104
6800;104
6802;104
6804;104
6806;104
6808;104
6810;104
6812;104
6814;104
6816;104
6818;104
6820;104
6822;104
6824;104
6826;104
6828;104
6830;104
6832;104
6834;104
6836;104
6838;104
6840;104
6842;104
6844;104
6846;104
6848;104
6850;104
6852;104
6854;104
6856;104
6858;104
6860;104
6862;104
6864;104
6866;104
6868;104
6870;104
6872;104
6874;104
6876;104
6878;104
6880;104
6882;104
6884;104
6886;104
6888;104
6890;104
6892;104
6894;104
6896;104
6898;104
6900;104
6902;104
6904;104
6906;104
6908;104
6910;104
6912;104
6914;104
6916;104
6918;104
6920;104
6922;104
6924;104
6926;104
6928;104
6930;104
6932;104
6934;104
6936;104
6938;104
6940;104
6942;104
6944;104
6946;104
6948;104
6950;104
6952;104
6954;104
6956;104
6958;104
6960;104
6962;104
6964;104
6966;104
6968;104
6970;104
6972;104
6974;104
6976;104
6978;104
6980;104
6982;104
6984;104
6986;104
6988;104
6990;104
6992;104
6994;104
6996;104
6998;104
7000;104
7002;104
7004;104
7006;104
7008;104
7010;104
7012;104
7014;104
7016;104
7018;104
7020;104
7022;104
7024;104
7026;104
7028;104
7030;104
7032;104
7034;104
7036;104
7038;104
7040;104
7042;104
7044;104
7046;104
7048;104
7050;104
7052;104
7054;104
7056;104
7058;104
7060;104
7062;104
7064;104
7066;104
7068;104
7070;104
7072;104
7074;104
7076;104
7078;104
7080;104
7082;104
7084;104
7086;104
7088;104
7090;104
7092;104
7094;104
7096;104
7098;104
7100;104
7102;104
7104;104
7106;104
7108;104
7110;104
7112;104
7114;104
7116;104
7118;104
7120;104
7122;104
7124;104
7126;104
7128;104
7130;104
7132;104
7134;104
7136;104
7138;104
7140;104
7142;104
7144;104
7146;104
7148;104
7150;104
7152;104
7154;104
7156;104
7158;104
7160;104
7162;104
7164;104
7166;104
7168;104
7170;104
7172;104
7174;104
7176;104
7178;104
7180;104
7182;104
7184;104
7186;104
7188;104
7190;104
7192;104
7194;104
7196;104
7198;104
7200;39
7202;39
7204;39
7206;39
7208;39
7210;39
7212;39
7214;39
7216;39
7218;39
7220;39
7222;39
7224;39
7226;39
7228;39
7230;39
7232;39
7234;39
7236;39
7238;39
7240;39
7242;39
7244;39
7246;39
7248;39
7250;39
7252;39
7254;39
7256;39
7258;39
7260;39
7262;39
7264;39
7266;39
7268;39
7270;39
7272;39
7274;39
7276;39
7278;39
7280;39
7282;39
7284;39
7286;39
7288;39
7290;39
7292;39
7294;39
7296;39
7298;39
7300;39
7302;39
7304;39
7306;39
7308;39
7310;39
7312;39
7314;39
7316;39
7318;39
7320;39
7322;39
7324;39
7326;39
7328;39
7330;39
7332;39
7334;39
7336;39
7338;39
7340;39
7342;39
7344;39
7346;39
7348;39
7350;39
7352;39
7354;39
7356;39
7358;39
7360;39
7362;39
7364;39
7366;39
7368;39
7370;39
7372;39
7374;39
7376;39
7378;39
7380;39
7382;39
7384;39
7386;39
7388;39
7390;39
7392;39
7394;39
7396;39
7398;39
7400;39
7402;39
7404;39
7406;39
7408;39
7410;39
7412;39
7414;39
7416;39
7418;39
7420;39
7422;39
7424;39
7426;39
7428;39
7430;39
7432;39
7434;39
7436;39
7438;39
7440;39
7442;39
7444;39
7446;39
7448;39
7450;39
7452;39
7454;39
7456;39
7458;39
7460;39
7462;39
7464;39
7466;39
7468;39
7470;39
7472;39
7474;39
7476;39
7478;39
7480;39
7482;39
7484;39
7486;39
7488;39
7490;39
7492;39
7494;39
7496;39
7498;39
7500;39
7502;39
7504;39
7506;39
7508;39
7510;39
7512;39
7514;39
7516;39
7518;39
7520;39
7522;39
7524;39
7526;39
7528;39
7530;39
7532;39
7534;39
7536;39
7538;39
7540;39
7542;39
7544;39
7546;39
7548;39
7550;39
7552;39
7554;39
7556;39
7558;39
7560;39
7562;39
7564;39
7566;39
7568;39
7570;39
7572;39
7574;39
7576;39
7578;39
7580;39
7582;39
7584;39
7586;39
7588;39
7590;39
7592;39
7594;39
7596;39
7598;39
7600;39
7602;39
7604;39
7606;39
7608;39
7610;39
7612;39
7614;39
7616;39
7618;39
7620;39
7622;39
7624;39
7626;39
7628;39
7630;39
7632;39
7634;39
7636;39
7638;39
7640;39
7642;39
7644;39
7646;39
7648;39
7650;39
7652;39
7654;39
7656;39
7658;39
7660;39
7662;39
7664;39
7666;39
7668;39
7670;39
7672;39
7674;39
7676;39
7678;39
7680;39
7682;39
7684;39
7686;39
7688;39
7690;39
7692;39
7694;39
7696;39
7698;39
7700;39
7702;39
7704;39
7706;39
7708;39
7710;39
7712;39
7714;39
7716;39
7718;39
7720;39
7722;39
7724;39
7726;39
7728;39
7730;39
7732;39
7734;39
7736;39
7738;39
7740;39
7742;39
7744;39
7746;39
7748;39
7750;39
7752;39
7754;39
7756;39
7758;39
7760;39
7762;39
7764;39
7766;39
7768;39
7770;39
7772;39
7774;39
7776;39
7778;39
7780;39
7782;39
7784;39
7786;39
7788;39
7790;39
7792;39
7794;39
7796;39
7798;39
7800;39
7802;39
7804;39
7806;39
7808;39
7810;39
7812;39
7814;39
7816;39
7818;39
7820;39
7822;39
7824;39
7826;39
7828;39
7830;39
7832;39
7834;39
7836;39
7838;39
7840;39
7842;39
7844;39
7846;39
7848;39
7850;39
7852;39
7854;39
7856;39
7858;39
7860;39
7862;39
7864;39
7866;39
7868;39
7870;39
7872;39
7874;39
7876;39
7878;39
7880;39
7882;39
7884;39
7886;39
7888;39
7890;39
7892;39
7894;39
7896;39
7898;39
7900;39
7902;39
7904;39
7906;39
7908;39
7910;39
7912;39
7914;39
7916;39
7918;39
7920;39
7922;39
7924;39
7926;39
7928;39
7930;39
7932;39
7934;39
7936;39
7938;39
7940;39
7942;39
7944;39
7946;39
7948;39
7950;39
7952;39
7954;39
7956;39
7958;39
7960;39
7962;39
7964;39
7966;39
7968;39
7970;39
7972;39
7974;39
7976;39
7978;39
7980;39
7982;39
7984;39
7986;39
7988;39
7990;39
7992;39
7994;39
7996;39
7998;39
8000;39
8002;39
8004;39
8006;39
8008;39
8010;39
8012;39
8014;39
8016;39
8018;39
8020;39
8022;39
8024;39
8026;39
8028;39
8030;39
8032;39
8034;39
8036;39
8038;39
8040;39
8042;39
8044;39
8046;39
8048;39
8050;39
8052;39
8054;39
8056;39
8058;39
8060;39
8062;39
8064;39
8066;39
8068;39
8070;39
8072;39
8074;39
8076;39
8078;39
8080;39
8082;39
8084;39
8086;39
8088;39
8090;39
8092;39
8094;39
8096;39
8098;39
8100;39
8102;39
8104;39
8106;39
8108;39
8110;39
8112;39
8114;39
8116;39
8118;39
8120;39
8122;39
8124;39
8126;39
8128;39
8130;39
8132;39
8134;39
8136;39
8138;39
8140;39
8142;39
8144;39
8146;39
8148;39
8150;39
8152;39
8154;39
8156;39
8158;39
8160;39
8162;39
8164;39
8166;39
8168;39
8170;39
8172;39
8174;39
8176;39
8178;39
8180;39
8182;39
8184;39
8186;39
8188;39
8190;39
8192;39
8194;39
8196;39
8198;39
8200;39
8202;39
8204;39
8206;39
8208;39
8210;39
8212;39
8214;39
8216;39
8218;39
8220;39
8222;39
8224;39
8226;39
8228;39
8230;39
8232;39
8234;39
8236;39
8238;39
8240;39
8242;39
8244;39
8246;39
8248;39
8250;39
8252;39
8254;39
8256;39
8258;39
8260;39
8262;39
8264;39
8266;39
8268;39
8270;39
8272;39
8274;39
8276;39
8278;39
8280;39
8282;39
8284;39
8286;39
8288;39
8290;39
8292;39
8294;39
8296;39
8298;39
8300;39
8302;39
8304;39
8306;39
8308;39
8310;39
8312;39
8314;39
8316;39
8318;39
8320;39
8322;39
8324;39
8326;39
8328;39
8330;39
8332;39
8334;39
8336;39
8338;39
8340;39
8342;39
8344;39
8346;39
8348;39
8350;39
8352;39
8354;39
8356;39
8358;39
8360;39
8362;39
8364;39
8366;39
8368;39
8370;39
8372;39
8374;39
8376;39
8378;39
8380;39
8382;39
8384;39
8386;39
8388;39
8390;39
8392;39
8394;39
8396;39
8398;39
8400;39
8402;39
8404;39
8406;39
8408;39
8410;39
8412;39
8414;39
8416;39
8418;39
8420;39
8422;39
8424;39
8426;39
8428;39
8430;39
8432;39
8434;39
8436;39
8438;39
8440;39
8442;39
8444;39
8446;39
8448;39
8450;39
8452;39
8454;39
8456;39
8458;39
8460;39
8462;39
8464;39
8466;39
8468;39
8470;39
8472;39
8474;39
8476;39
8478;39
8480;39
8482;39
8484;39
8486;39
8488;39
8490;39
8492;39
8494;39
8496;39
8498;39
8500;39
8502;39
8504;39
8506;39
8508;39
8510;39
8512;39
8514;39
8516;39
8518;39
8520;39
8522;39
8524;39
8526;39
8528;39
8530;39
8532;39
8534;39
8536;39
8538;39
8540;39
8542;39
8544;39
8546;39
8548;39
8550;39
8552;39
8554;39
8556;39
8558;39
8560;39
8562;39
8564;39
8566;39
8568;39
8570;39
8572;39
8574;39
8576;39
8578;39
8580;39
8582;39
8584;39
8586;39
8588;39
8590;39
8592;39
8594;39
8596;39
8598;39
8600;39
8602;39
8604;39
8606;39
8608;39
8610;39
8612;39
8614;39
8616;39
8618;39
8620;39
8622;39
8624;39
8626;39
8628;39
8630;39
8632;39
8634;39
8636;39
8638;39
8640;39
8642;39
8644;39
8646;39
8648;39
8650;39
8652;39
8654;39
8656;39
8658;39
8660;39
8662;39
8664;39
8666;39
8668;39
8670;39
8672;39
8674;39
8676;39
8678;39
8680;39
8682;39
8684;39
8686;39
8688;39
8690;39
8692;39
8694;39
8696;39
8698;39
8700;39
8702;39
8704;39
8706;39
8708;39
8710;39
8712;39
8714;39
8716;39
8718;39
8720;39
8722;39
8724;39
8726;39
8728;39
8730;39
8732;39
8734;39
8736;39
8738;39
8740;39
8742;39
8744;39
8746;39
8748;39
8750;39
8752;39
8754;39
8756;39
8758;39
8760;39
8762;39
8764;39
8766;39
8768;39
8770;39
8772;39
8774;39
8776;39
8778;39
8780;39
8782;39
8784;39
8786;39
8788;39
8790;39
8792;39
8794;39
8796;39
8798;39
8800;39
8802;39
8804;39
8806;39
8808;39
8810;39
8812;39
8814;39
8816;39
8818;39
8820;39
8822;39
8824;39
8826;39
8828;39
8830;39
8832;39
8834;39
8836;39
8838;39
8840;39
8842;39
8844;39
8846;39
8848;39
8850;39
8852;39
8854;39
8856;39
8858;39
8860;39
8862;39
8864;39
8866;39
8868;39
8870;39
8872;39
8874;39
8876;39
8878;39
8880;39
8882;39
8884;39
8886;39
8888;39
8890;39
8892;39
8894;39
8896;39
8898;39
8900;39
8902;39
8904;39
8906;39
8908;39
8910;39
8912;39
8914;39
8916;39
8918;39
8920;39
8922;39
8924;39
8926;39
8928;39
8930;39
8932;39
8934;39
8936;39
8938;39
8940;39
8942;39
8944;39
8946;39
8948;39
8950;39
8952;39
8954;39
8956;39
8958;39
8960;39
8962;39
8964;39
8966;39
8968;39
8970;39
8972;39
8974;39
8976;39
8978;39
8980;39
8982;39
8984;39
8986;39
8988;39
8990;39
8992;39
8994;39
8996;39
8998;39
9000;39
9002;39
9004;39
9006;39
9008;39
9010;39
9012;39
9014;39
9016;39
9018;39
9020;39
9022;39
9024;39
9026;39
9028;39
9030;39
9032;39
9034;39
9036;39
9038;39
9040;39
9042;39
9044;39
9046;39
9048;39
9050;39
9052;39
9054;39
9056;39
9058;39
9060;39
9062;39
9064;39
9066;39
9068;39
9070;39
9072;39
9074;39
9076;39
9078;39
9080;39
9082;39
9084;39
9086;39
9088;39
9090;39
9092;39
9094;39
9096;39
9098;39
9100;39
9102;39
9104;39
9106;39
9108;39
9110;39
9112;39
9114;39
9116;39
9118;39
9120;39
9122;39
9124;39
9126;39
9128;39
9130;39
9132;39
9134;39
9136;39
9138;39
9140;39
9142;39
9144;39
9146;39
9148;39
9150;39
9152;39
9154;39
9156;39
9158;39
9160;39
9162;39
9164;39
9166;39
9168;39
9170;39
9172;39
9174;39
9176;39
9178;39
9180;39
9182;39
9184;39
9186;39
9188;39
9190;39
9192;39
9194;39
9196;39
9198;39
9200;39
9202;39
9204;39
9206;39
9208;39
9210;39
9212;39
9214;39
9216;39
9218;39
9220;39
9222;39
9224;39
9226;39
9228;39
9230;39
9232;39
9234;39
9236;39
9238;39
9240;39
9242;39
9244;39
9246;39
9248;39
9250;39
9252;39
9254;39
9256;39
9258;39
9260;39
9262;39
9264;39
9266;39
9268;39
9270;39
9272;39
9274;39
9276;39
9278;39
9280;39
9282;39
9284;39
9286;39
9288;39
9290;39
9292;39
9294;39
9296;39
9298;39
9300;39
9302;39
9304;39
9306;39
9308;39
9310;39
9312;39
9314;39
9316;39
9318;39
9320;39
9322;39
9324;39
9326;39
9328;39
9330;39
9332;39
9334;39
9336;39
9338;39
9340;39
9342;39
9344;39
9346;39
9348;39
9350;39
9352;39
9354;39
9356;39
9358;39
9360;39
9362;39
9364;39
9366;39
9368;39
9370;39
9372;39
9374;39
9376;39
9378;39
9380;39
9382;39
9384;39
9386;39
9388;39
9390;39
9392;39
9394;39
9396;39
9398;39
9400;39
9402;39
9404;39
9406;39
9408;39
9410;39
9412;39
9414;39
9416;39
9418;39
9420;39
9422;39
9424;39
9426;39
9428;39
9430;39
9432;39
9434;39
9436;39
9438;39
9440;39
9442;39
9444;39
9446;39
9448;39
9450;39
9452;39
9454;39
9456;39
9458;39
9460;39
9462;39
9464;39
9466;39
9468;39
9470;39
9472;39
9474;39
9476;39
9478;39
9480;39
9482;39
9484;39
9486;39
9488;39
9490;39
9492;39
9494;39
9496;39
9498;39
9500;39
9502;39
9504;39
9506;39
9508;39
9510;39
9512;39
9514;39
9516;39
9518;39
9520;39
9522;39
9524;39
9526;39
9528;39
9530;39
9532;39
9534;39
9536;39
9538;39
9540;39
9542;39
9544;39
9546;39
9548;39
9550;39
9552;39
9554;39
9556;39
9558;39
9560;39
9562;39
9564;39
9566;39
9568;39
9570;39
9572;39
9574;39
9576;39
9578;39
9580;39
9582;39
9584;39
9586;39
9588;39
9590;39
9592;39
9594;39
9596;39
9598;39
9600;39
9602;39
9604;39
9606;39
9608;39
9610;39
9612;39
9614;39
9616;39
9618;39
9620;39
9622;39
9624;39
9626;39
9628;39
9630;39
9632;39
9634;39
9636;39
9638;39
9640;39
9642;39
9644;39
9646;39
9648;39
9650;39
9652;39
9654;39
9656;39
9658;39
9660;39
9662;39
9664;39
9666;39
9668;39
9670;39
9672;39
9674;39
9676;39
9678;39
9680;39
9682;39
9684;39
9686;39
9688;39
9690;39
9692;39
9694;39
9696;39
9698;39
9700;39
9702;39
9704;39
9706;39
9708;39
9710;39
9712;39
9714;39
9716;39
9718;39
9720;39
9722;39
9724;39
9726;39
9728;39
9730;39
9732;39
9734;39
9736;39
9738;39
9740;39
9742;39
9744;39
9746;39
9748;39
9750;39
9752;39
9754;39
9756;39
9758;39
9760;39
9762;39
9764;39
9766;39
9768;39
9770;39
9772;39
9774;39
9776;39
9778;39
9780;39
9782;39
9784;39
9786;39
9788;39
9790;39
9792;39
9794;39
9796;39
9798;39
9800;39
9802;39
9804;39
9806;39
9808;39
9810;39
9812;39
9814;39
9816;39
9818;39
9820;39
9822;39
9824;39
9826;39
9828;39
9830;39
9832;39
9834;39
9836;39
9838;39
9840;39
9842;39
9844;39
9846;39
9848;39
9850;39
9852;39
9854;39
9856;39
9858;39
9860;39
9862;39
9864;39
9866;39
9868;39
9870;39
9872;39
9874;39
9876;39
9878;39
9880;39
9882;39
9884;39
9886;39
9888;39
9890;39
9892;39
9894;39
9896;39
9898;39
9900;105
9902;105
9904;105
9906;105
9908;105
9910;105
9912;105
9914;105
9916;105
9918;105
9920;105
9922;105
9924;105
9926;105
9928;105
9930;105
9932;105
9934;105
9936;105
9938;105
9940;105
9942;105
9944;105
9946;105
9948;105
9950;105
9952;105
9954;105
9956;105
9958;105
9960;105
9962;105
9964;105
9966;105
9968;105
9970;105
9972;105
9974;105
9976;105
9978;105
9980;105
9982;105
9984;105
9986;105
9988;105
9990;105
9992;105
9994;105
9996;105
9998;105
10000;105
10002;105
10004;105
10006;105
10008;105
10010;105
10012;105
10014;105
10016;105
10018;105
10020;105
10022;105
10024;105
10026;105
10028;105
10030;105
10032;105
10034;105
10036;105
10038;105
10040;105
10042;105
10044;105
10046;105
10048;105
10050;105
10052;105
10054;105
10056;105
10058;105
10060;105
10062;105
10064;105
10066;105
10068;105
10070;105
10072;105
10074;105
10076;105
10078;105
10080;105
10082;105
10084;105
10086;105
10088;105
10090;105
10092;105
10094;105
10096;105
10098;105
10100;105
10102;105
10104;105
10106;105
10108;105
10110;105
10112;105
10114;105
10116;105
10118;105
10120;105
10122;105
10124;105
10126;105
10128;105
10130;105
10132;105
10134;105
10136;105
10138;105
10140;105
10142;105
10144;105
10146;105
10148;105
10150;105
10152;105
10154;105
10156;105
10158;105
10160;105
10162;105
10164;105
10166;105
10168;105
10170;105
10172;105
10174;105
10176;105
10178;105
10180;105
10182;105
10184;105
10186;105
10188;105
10190;105
10192;105
10194;105
10196;105
10198;105
10200;105
10202;105
10204;105
10206;105
10208;105
10210;105
10212;105
10214;105
10216;105
10218;105
10220;105
10222;105
10224;105
10226;105
10228;105
10230;105
10232;105
10234;105
10236;105
10238;105
10240;105
10242;105
10244;105
10246;105
10248;105
10250;105
10252;105
10254;105
10256;105
10258;105
10260;105
10262;105
10264;105
10266;105
10268;105
10270;105
10272;105
10274;105
10276;105
10278;105
10280;105
10282;105
10284;105
10286;105
10288;105
10290;105
10292;105
10294;105
10296;105
10298;105
10300;105
10302;105
10304;105
10306;105
10308;105
10310;105
10312;105
10314;105
10316;105
10318;105
10320;105
10322;105
10324;105
10326;105
10328;105
10330;105
10332;105
10334;105
10336;105
10338;105
10340;105
10342;105
10344;105
10346;105
10348;105
10350;105
10352;105
10354;105
10356;105
10358;105
10360;105
10362;105
10364;105
10366;105
10368;105
10370;105
10372;105
10374;105
10376;105
10378;105
10380;105
10382;105
10384;105
10386;105
10388;105
10390;105
10392;105
10394;105
10396;105
10398;105
10400;105
10402;105
10404;105
10406;105
10408;105
10410;105
10412;105
10414;105
10416;105
10418;105
10420;105
10422;105
10424;105
10426;105
10428;105
10430;105
10432;105
10434;105
10436;105
10438;105
10440;105
10442;105
10444;105
10446;105
10448;105
10450;105
10452;105
10454;105
10456;105
10458;105
10460;105
10462;105
10464;105
10466;105
10468;105
10470;105
10472;105
10474;105
10476;105
10478;105
10480;105
10482;105
10484;105
10486;105
10488;105
10490;105
10492;105
10494;105
10496;105
10498;105
10500;105
10502;105
10504;105
10506;105
10508;105
10510;105
10512;105
10514;105
10516;105
10518;105
10520;105
10522;105
10524;105
10526;105
10528;105
10530;105
10532;105
10534;105
10536;105
10538;105
10540;105
10542;105
10544;105
10546;105
10548;105
10550;105
10552;105
10554;105
10556;105
10558;105
10560;105
10562;105
10564;105
10566;105
10568;105
10570;105
10572;105
10574;105
10576;105
10578;105
10580;105
10582;105
10584;105
10586;105
10588;105
10590;105
10592;105
10594;105
10596;105
10598;105
10600;105
10602;105
10604;105
10606;105
10608;105
10610;105
10612;105
10614;105
10616;105
10618;105
10620;105
10622;105
10624;105
10626;105
10628;105
10630;105
10632;105
10634;105
10636;105
10638;105
10640;105
10642;105
10644;105
10646;105
10648;105
10650;105
10652;105
10654;105
10656;105
10658;105
10660;105
10662;105
10664;105
10666;105
10668;105
10670;105
10672;105
10674;105
10676;105
10678;105
10680;105
10682;105
10684;105
10686;105
10688;105
10690;105
10692;105
10694;105
10696;105
10698;105
10700;105
10702;105
10704;105
10706;105
10708;105
10710;105
10712;105
10714;105
10716;105
10718;105
10720;105
10722;105
10724;105
10726;105
10728;105
10730;105
10732;105
10734;105
10736;105
10738;105
10740;105
10742;105
10744;105
10746;105
10748;105
10750;105
10752;105
10754;105
10756;105
10758;105
10760;105
10762;105
10764;105
10766;105
10768;105
10770;105
10772;105
10774;105
10776;105
10778;105
10780;105
10782;105
10784;105
10786;105
10788;105
10790;105
10792;105
10794;105
10796;105
10798;105
10800;107
10802;107
10804;107
10806;107
10808;107
10810;107
10812;107
10814;107
10816;107
10818;107
10820;107
10822;107
10824;107
10826;107
10828;107
10830;107
10832;107
10834;107
10836;107
10838;107
10840;107
10842;107
10844;107
10846;107
10848;107
10850;107
10852;107
10854;107
10856;107
10858;107
10860;107
10862;107
10864;107
10866;107
10868;107
10870;107
10872;107
10874;107
10876;107
10878;107
10880;107
10882;107
10884;107
10886;107
10888;107
10890;107
10892;107
10894;107
10896;107
10898;107
10900;107
10902;107
10904;107
10906;107
10908;107
10910;107
10912;107
10914;107
10916;107
10918;107
10920;107
10922;107
10924;107
10926;107
10928;107
10930;107
10932;107
10934;107
10936;107
10938;107
10940;107
10942;107
10944;107
10946;107
10948;107
10950;107
10952;107
10954;107
10956;107
10958;107
10960;107
10962;107
10964;107
10966;107
10968;107
10970;107
10972;107
10974;107
10976;107
10978;107
10980;107
10982;107
10984;107
10986;107
10988;107
10990;107
10992;107
10994;107
10996;107
10998;107
11000;107
11002;107
11004;107
11006;107
11008;107
11010;107
11012;107
11014;107
11016;107
11018;107
11020;107
11022;107
11024;107
11026;107
11028;107
11030;107
11032;107
11034;107
11036;107
11038;107
11040;107
11042;107
11044;107
11046;107
11048;107
11050;107
11052;107
11054;107
11056;107
11058;107
11060;107
11062;107
11064;107
11066;107
11068;107
11070;107
11072;107
11074;107
11076;107
11078;107
11080;107
11082;107
11084;107
11086;107
11088;107
11090;107
11092;107
11094;107
11096;107
11098;107
11100;107
11102;107
11104;107
11106;107
11108;107
11110;107
11112;107
11114;107
11116;107
11118;107
11120;107
11122;107
11124;107
11126;107
11128;107
11130;107
11132;107
11134;107
11136;107
11138;107
11140;107
11142;107
11144;107
11146;107
11148;107
11150;107
11152;107
11154;107
11156;107
11158;107
11160;107
11162;107
11164;107
11166;107
11168;107
11170;107
11172;107
11174;107
11176;107
11178;107
11180;107
11182;107
11184;107
11186;107
11188;107
11190;107
11192;107
11194;107
11196;107
11198;107
11200;107
11202;107
11204;107
11206;107
11208;107
11210;107
11212;107
11214;107
11216;107
11218;107
11220;107
11222;107
11224;107
11226;107
11228;107
11230;107
11232;107
11234;107
11236;107
11238;107
11240;107
11242;107
11244;107
11246;107
11248;107
11250;107
11252;107
11254;107
11256;107
11258;107
11260;107
11262;107
11264;107
11266;107
11268;107
11270;107
11272;107
11274;107
11276;107
11278;107
11280;107
11282;107
11284;107
11286;107
11288;107
11290;107
11292;107
11294;107
11296;107
11298;107
11300;107
11302;107
11304;107
11306;107
11308;107
11310;107
11312;107
11314;107
11316;107
11318;107
11320;107
11322;107
11324;107
11326;107
11328;107
11330;107
11332;107
11334;107
11336;107
11338;107
11340;107
11342;107
11344;107
11346;107
11348;107
11350;107
11352;107
11354;107
11356;107
11358;107
11360;107
11362;107
11364;107
11366;107
11368;107
11370;107
11372;107
11374;107
11376;107
11378;107
11380;107
11382;107
11384;107
11386;107
11388;107
11390;107
11392;107
11394;107
11396;107
11398;107
11400;107
11402;107
11404;107
11406;107
11408;107
11410;107
11412;107
11414;107
11416;107
11418;107
11420;107
11422;107
11424;107
11426;107
11428;107
11430;107
11432;107
11434;107
11436;107
11438;107
11440;107
11442;107
11444;107
11446;107
11448;107
11450;107
11452;107
11454;107
11456;107
11458;107
11460;107
11462;107
11464;107
11466;107
11468;107
11470;107
11472;107
11474;107
11476;107
11478;107
11480;107
11482;107
11484;107
11486;107
11488;107
11490;107
11492;107
11494;107
11496;107
11498;107
11500;107
11502;107
11504;107
11506;107
11508;107
11510;107
11512;107
11514;107
11516;107
11518;107
11520;107
11522;107
11524;107
11526;107
11528;107
11530;107
11532;107
11534;107
11536;107
11538;107
11540;107
11542;107
11544;107
11546;107
11548;107
11550;107
11552;107
11554;107
11556;107
11558;107
11560;107
11562;107
11564;107
11566;107
11568;107
11570;107
11572;107
11574;107
11576;107
11578;107
11580;107
11582;107
11584;107
11586;107
11588;107
11590;107
11592;107
11594;107
11596;107
11598;107
11600;107
11602;107
11604;107
11606;107
11608;107
11610;107
11612;107
11614;107
11616;107
11618;107
11620;107
11622;107
11624;107
11626;107
11628;107
11630;107
11632;107
11634;107
11636;107
11638;107
11640;107
11642;107
11644;107
11646;107
11648;107
11650;107
11652;107
11654;107
11656;107
11658;107
11660;107
11662;107
11664;107
11666;107
11668;107
11670;107
11672;107
11674;107
11676;107
11678;107
11680;107
11682;107
11684;107
11686;107
11688;107
11690;107
11692;107
11694;107
11696;107
11698;107
11700;38
11702;38
11704;38
11706;38
11708;38
11710;38
11712;38
11714;38
11716;38
11718;38
11720;38
11722;38
11724;38
11726;38
11728;38
11730;38
11732;38
11734;38
11736;38
11738;38
11740;38
11742;38
11744;38
11746;38
11748;38
11750;38
11752;38
11754;38
11756;38
11758;38
11760;38
11762;38
11764;38
11766;38
11768;38
11770;38
11772;38
11774;38
11776;38
11778;38
11780;38
11782;38
11784;38
11786;38
11788;38
11790;38
11792;38
11794;38
11796;38
11798;38
11800;38
11802;38
11804;38
11806;38
11808;38
11810;38
11812;38
11814;38
11816;38
11818;38
11820;38
11822;38
11824;38
11826;38
11828;38
11830;38
11832;38
11834;38
11836;38
11838;38
11840;38
11842;38
11844;38
11846;38
11848;38
11850;38
11852;38
11854;38
11856;38
11858;38
11860;38
11862;38
11864;38
11866;38
11868;38
11870;38
11872;38
11874;38
11876;38
11878;38
11880;38
11882;38
11884;38
11886;38
11888;38
11890;38
11892;38
11894;38
11896;38
11898;38
11900;38
11902;38
11904;38
11906;38
11908;38
11910;38
11912;38
11914;38
11916;38
11918;38
11920;38
11922;38
11924;38
11926;38
11928;38
11930;38
11932;38
11934;38
11936;38
11938;38
11940;38
11942;38
11944;38
11946;38
11948;38
11950;38
11952;38
11954;38
11956;38
11958;38
11960;38
11962;38
11964;38
11966;38
11968;38
11970;38
11972;38
11974;38
11976;38
11978;38
11980;38
11982;38
11984;38
11986;38
11988;38
11990;38
11992;38
11994;38
11996;38
11998;38
12000;38
12002;38
12004;38
12006;38
12008;38
12010;38
12012;38
12014;38
12016;38
12018;38
12020;38
12022;38
12024;38
12026;38
12028;38
12030;38
12032;38
12034;38
12036;38
12038;38
12040;38
12042;38
12044;38
12046;38
12048;38
12050;38
12052;38
12054;38
12056;38
12058;38
12060;38
12062;38
12064;38
12066;38
12068;38
12070;38
12072;38
12074;38
12076;38
12078;38
12080;38
12082;38
12084;38
12086;38
12088;38
12090;38
12092;38
12094;38
12096;38
12098;38
12100;38
12102;38
12104;38
12106;38
12108;38
12110;38
12112;38
12114;38
12116;38
12118;38
12120;38
12122;38
12124;38
12126;38
12128;38
12130;38
12132;38
12134;38
12136;38
12138;38
12140;38
12142;38
12144;38
12146;38
12148;38
12150;38
12152;38
12154;38
12156;38
12158;38
12160;38
12162;38
12164;38
12166;38
12168;38
12170;38
12172;38
12174;38
12176;38
12178;38
12180;38
12182;38
12184;38
12186;38
12188;38
12190;38
12192;38
12194;38
12196;38
12198;38
12200;38
12202;38
12204;38
12206;38
12208;38
12210;38
12212;38
12214;38
12216;38
12218;38
12220;38
12222;38
12224;38
12226;38
12228;38
12230;38
12232;38
12234;38
12236;38
12238;38
12240;38
12242;38
12244;38
12246;38
12248;38
12250;38
12252;38
12254;38
12256;38
12258;38
12260;38
12262;38
12264;38
12266;38
12268;38
12270;38
12272;38
12274;38
12276;38
12278;38
12280;38
12282;38
12284;38
12286;38
12288;38
12290;38
12292;38
12294;38
12296;38
12298;38
12300;38
12302;38
12304;38
12306;38
12308;38
12310;38
12312;38
12314;38
12316;38
12318;38
12320;38
12322;38
12324;38
12326;38
12328;38
12330;38
12332;38
12334;38
12336;38
12338;38
12340;38
12342;38
12344;38
12346;38
12348;38
12350;38
12352;38
12354;38
12356;38
12358;38
12360;38
12362;38
12364;38
12366;38
12368;38
12370;38
12372;38
12374;38
12376;38
12378;38
12380;38
12382;38
12384;38
12386;38
12388;38
12390;38
12392;38
12394;38
12396;38
12398;38
12400;38
12402;38
12404;38
12406;38
12408;38
12410;38
12412;38
12414;38
12416;38
12418;38
12420;38
12422;38
12424;38
12426;38
12428;38
12430;38
12432;38
12434;38
12436;38
12438;38
12440;38
12442;38
12444;38
12446;38
12448;38
12450;38
12452;38
12454;38
12456;38
12458;38
12460;38
12462;38
12464;38
12466;38
12468;38
12470;38
12472;38
12474;38
12476;38
12478;38
12480;38
12482;38
12484;38
12486;38
12488;38
12490;38
12492;38
12494;38
12496;38
12498;38
12500;38
12502;38
12504;38
12506;38
12508;38
12510;38
12512;38
12514;38
12516;38
12518;38
12520;38
12522;38
12524;38
12526;38
12528;38
12530;38
12532;38
12534;38
12536;38
12538;38
12540;38
12542;38
12544;38
12546;38
12548;38
12550;38
12552;38
12554;38
12556;38
12558;38
12560;38
12562;38
12564;38
12566;38
12568;38
12570;38
12572;38
12574;38
12576;38
12578;38
12580;38
12582;38
12584;38
12586;38
12588;38
12590;38
12592;38
12594;38
12596;38
12598;38
12600;38
12602;38
12604;38
12606;38
12608;38
12610;38
12612;38
12614;38
12616;38
12618;38
12620;38
12622;38
12624;38
12626;38
12628;38
12630;38
12632;38
12634;38
12636;38
12638;38
12640;38
12642;38
12644;38
12646;38
12648;38
12650;38
12652;38
12654;38
12656;38
12658;38
12660;38
12662;38
12664;38
12666;38
12668;38
12670;38
12672;38
12674;38
12676;38
12678;38
12680;38
12682;38
12684;38
12686;38
12688;38
12690;38
12692;38
12694;38
12696;38
12698;38
12700;38
12702;38
12704;38
12706;38
12708;38
12710;38
12712;38
12714;38
12716;38
12718;38
12720;38
12722;38
12724;38
12726;38
12728;38
12730;38
12732;38
12734;38
12736;38
12738;38
12740;38
12742;38
12744;38
12746;38
12748;38
12750;38
12752;38
12754;38
12756;38
12758;38
12760;38
12762;38
12764;38
12766;38
12768;38
12770;38
12772;38
12774;38
12776;38
12778;38
12780;38
12782;38
12784;38
12786;38
12788;38
12790;38
12792;38
12794;38
12796;38
12798;38
12800;38
12802;38
12804;38
12806;38
12808;38
12810;38
12812;38
12814;38
12816;38
12818;38
12820;38
12822;38
12824;38
12826;38
12828;38
12830;38
12832;38
12834;38
12836;38
12838;38
12840;38
12842;38
12844;38
12846;38
12848;38
12850;38
12852;38
12854;38
12856;38
12858;38
12860;38
12862;38
12864;38
12866;38
12868;38
12870;38
12872;38
12874;38
12876;38
12878;38
12880;38
12882;38
12884;38
12886;38
12888;38
12890;38
12892;38
12894;38
12896;38
12898;38
12900;38
12902;38
12904;38
12906;38
12908;38
12910;38
12912;38
12914;38
12916;38
12918;38
12920;38
12922;38
12924;38
12926;38
12928;38
12930;38
12932;38
12934;38
12936;38
12938;38
12940;38
12942;38
12944;38
12946;38
12948;38
12950;38
12952;38
12954;38
12956;38
12958;38
12960;38
12962;38
12964;38
12966;38
12968;38
12970;38
12972;38
12974;38
12976;38
12978;38
12980;38
12982;38
12984;38
12986;38
12988;38
12990;38
12992;38
12994;38
12996;38
12998;38
13000;38
13002;38
13004;38
13006;38
13008;38
13010;38
13012;38
13014;38
13016;38
13018;38
13020;38
13022;38
13024;38
13026;38
13028;38
13030;38
13032;38
13034;38
13036;38
13038;38
13040;38
13042;38
13044;38
13046;38
13048;38
13050;38
13052;38
13054;38
13056;38
13058;38
13060;38
13062;38
13064;38
13066;38
13068;38
13070;38
13072;38
13074;38
13076;38
13078;38
13080;38
13082;38
13084;38
13086;38
13088;38
13090;38
13092;38
13094;38
13096;38
13098;38
13100;38
13102;38
13104;38
13106;38
13108;38
13110;38
13112;38
13114;38
13116;38
13118;38
13120;38
13122;38
13124;38
13126;38
13128;38
13130;38
13132;38
13134;38
13136;38
13138;38
13140;38
13142;38
13144;38
13146;38
13148;38
13150;38
13152;38
13154;38
13156;38
13158;38
13160;38
13162;38
13164;38
13166;38
13168;38
13170;38
13172;38
13174;38
13176;38
13178;38
13180;38
13182;38
13184;38
13186;38
13188;38
13190;38
13192;38
13194;38
13196;38
13198;38
13200;38
13202;38
13204;38
13206;38
13208;38
13210;38
13212;38
13214;38
13216;38
13218;38
13220;38
13222;38
13224;38
13226;38
13228;38
13230;38
13232;38
13234;38
13236;38
13238;38
13240;38
13242;38
13244;38
13246;38
13248;38
13250;38
13252;38
13254;38
13256;38
13258;38
13260;38
13262;38
13264;38
13266;38
13268;38
13270;38
13272;38
13274;38
13276;38
13278;38
13280;38
13282;38
13284;38
13286;38
13288;38
13290;38
13292;38
13294;38
13296;38
13298;38
13300;38
13302;38
13304;38
13306;38
13308;38
13310;38
13312;38
13314;38
13316;38
13318;38
13320;38
13322;38
13324;38
13326;38
13328;38
13330;38
13332;38
13334;38
13336;38
13338;38
13340;38
13342;38
13344;38
13346;38
13348;38
13350;38
13352;38
13354;38
13356;38
13358;38
13360;38
13362;38
13364;38
13366;38
13368;38
13370;38
13372;38
13374;38
13376;38
13378;38
13380;38
13382;38
13384;38
13386;38
13388;38
13390;38
13392;38
13394;38
13396;38
13398;38
13400;38
13402;38
13404;38
13406;38
13408;38
13410;38
13412;38
13414;38
13416;38
13418;38
13420;38
13422;38
13424;38
13426;38
13428;38
13430;38
13432;38
13434;38
13436;38
13438;38
13440;38
13442;38
13444;38
13446;38
13448;38
13450;38
13452;38
13454;38
13456;38
13458;38
13460;38
13462;38
13464;38
13466;38
13468;38
13470;38
13472;38
13474;38
13476;38
13478;38
13480;38
13482;38
13484;38
13486;38
13488;38
13490;38
13492;38
13494;38
13496;38
13498;38
13500;37
13502;37
13504;37
13506;37
13508;37
13510;37
13512;37
13514;37
13516;37
13518;37
13520;37
13522;37
13524;37
13526;37
13528;37
13530;37
13532;37
13534;37
13536;37
13538;37
13540;37
13542;37
13544;37
13546;37
13548;37
13550;37
13552;37
13554;37
13556;37
13558;37
13560;37
13562;37
13564;37
13566;37
13568;37
13570;37
13572;37
13574;37
13576;37
13578;37
13580;37
13582;37
13584;37
13586;37
13588;37
13590;37
13592;37
13594;37
13596;37
13598;37
13600;37
13602;37
13604;37
13606;37
13608;37
13610;37
13612;37
13614;37
13616;37
13618;37
13620;37
13622;37
13624;37
13626;37
13628;37
13630;37
13632;37
13634;37
13636;37
13638;37
13640;37
13642;37
13644;37
13646;37
13648;37
13650;37
13652;37
13654;37
13656;37
13658;37
13660;37
13662;37
13664;37
13666;37
13668;37
13670;37
13672;37
13674;37
13676;37
13678;37
13680;37
13682;37
13684;37
13686;37
13688;37
13690;37
13692;37
13694;37
13696;37
13698;37
13700;37
13702;37
13704;37
13706;37
13708;37
13710;37
13712;37
13714;37
13716;37
13718;37
13720;37
13722;37
13724;37
13726;37
13728;37
13730;37
13732;37
13734;37
13736;37
13738;37
13740;37
13742;37
13744;37
13746;37
13748;37
13750;37
13752;37
13754;37
13756;37
13758;37
13760;37
13762;37
13764;37
13766;37
13768;37
13770;37
13772;37
13774;37
13776;37
13778;37
13780;37
13782;37
13784;37
13786;37
13788;37
13790;37
13792;37
13794;37
13796;37
13798;37
13800;37
13802;37
13804;37
13806;37
13808;37
13810;37
13812;37
13814;37
13816;37
13818;37
13820;37
13822;37
13824;37
13826;37
13828;37
13830;37
13832;37
13834;37
13836;37
13838;37
13840;37
13842;37
13844;37
13846;37
13848;37
13850;37
13852;37
13854;37
13856;37
13858;37
13860;37
13862;37
13864;37
13866;37
13868;37
13870;37
13872;37
13874;37
13876;37
13878;37
13880;37
13882;37
13884;37
13886;37
13888;37
13890;37
13892;37
13894;37
13896;37
13898;37
13900;37
13902;37
13904;37
13906;37
13908;37
13910;37
13912;37
13914;37
13916;37
13918;37
13920;37
13922;37
13924;37
13926;37
13928;37
13930;37
13932;37
13934;37
13936;37
13938;37
13940;37
13942;37
13944;37
13946;37
13948;37
13950;37
13952;37
13954;37
13956;37
13958;37
13960;37
13962;37
13964;37
13966;37
13968;37
13970;37
13972;37
13974;37
13976;37
13978;37
13980;37
13982;37
13984;37
13986;37
13988;37
13990;37
13992;37
13994;37
13996;37
13998;37
14000;37
14002;37
14004;37
14006;37
14008;37
14010;37
14012;37
14014;37
14016;37
14018;37
14020;37
14022;37
14024;37
14026;37
14028;37
14030;37
14032;37
14034;37
14036;37
14038;37
14040;37
14042;37
14044;37
14046;37
14048;37
14050;37
14052;37
14054;37
14056;37
14058;37
14060;37
14062;37
14064;37
14066;37
14068;37
14070;37
14072;37
14074;37
14076;37
14078;37
14080;37
14082;37
14084;37
14086;37
14088;37
14090;37
14092;37
14094;37
14096;37
14098;37
14100;37
14102;37
14104;37
14106;37
14108;37
14110;37
14112;37
14114;37
14116;37
14118;37
14120;37
14122;37
14124;37
14126;37
14128;37
14130;37
14132;37
14134;37
14136;37
14138;37
14140;37
14142;37
14144;37
14146;37
14148;37
14150;37
14152;37
14154;37
14156;37
14158;37
14160;37
14162;37
14164;37
14166;37
14168;37
14170;37
14172;37
14174;37
14176;37
14178;37
14180;37
14182;37
14184;37
14186;37
14188;37
14190;37
14192;37
14194;37
14196;37
14198;37
14200;37
14202;37
14204;37
14206;37
14208;37
14210;37
14212;37
14214;37
14216;37
14218;37
14220;37
14222;37
14224;37
14226;37
14228;37
14230;37
14232;37
14234;37
14236;37
14238;37
14240;37
14242;37
14244;37
14246;37
14248;37
14250;37
14252;37
14254;37
14256;37
14258;37
14260;37
14262;37
14264;37
14266;37
14268;37
14270;37
14272;37
14274;37
14276;37
14278;37
14280;37
14282;37
14284;37
14286;37
14288;37
14290;37
14292;37
14294;37
14296;37
14298;37
14300;37
14302;37
14304;37
14306;37
14308;37
14310;37
14312;37
14314;37
14316;37
14318;37
14320;37
14322;37
14324;37
14326;37
14328;37
14330;37
14332;37
14334;37
14336;37
14338;37
14340;37
14342;37
14344;37
14346;37
14348;37
14350;37
14352;37
14354;37
14356;37
14358;37
14360;37
14362;37
14364;37
14366;37
14368;37
14370;37
14372;37
14374;37
14376;37
14378;37
14380;37
14382;37
14384;37
14386;37
14388;37
14390;37
14392;37
14394;37
14396;37
14398;37
14400;106
14402;106
14404;106
14406;106
14408;106
14410;106
14412;106
14414;106
14416;106
14418;106
14420;106
14422;106
14424;106
14426;106
14428;106
14430;106
14432;106
14434;106
14436;106
14438;106
14440;106
14442;106
14444;106
14446;106
14448;106
14450;106
14452;106
14454;106
14456;106
14458;106
14460;106
14462;106
14464;106
14466;106
14468;106
14470;106
14472;106
14474;106
14476;106
14478;106
14480;106
14482;106
14484;106
14486;106
14488;106
14490;106
14492;106
14494;106
14496;106
14498;106
14500;106
14502;106
14504;106
14506;106
14508;106
14510;106
14512;106
14514;106
14516;106
14518;106
14520;106
14522;106
14524;106
14526;106
14528;106
14530;106
14532;106
14534;106
14536;106
14538;106
14540;106
14542;106
14544;106
14546;106
14548;106
14550;106
14552;106
14554;106
14556;106
14558;106
14560;106
14562;106
14564;106
14566;106
14568;106
14570;106
14572;106
14574;106
14576;106
14578;106
14580;106
14582;106
14584;106
14586;106
14588;106
14590;106
14592;106
14594;106
14596;106
14598;106
14600;106
14602;106
14604;106
14606;106
14608;106
14610;106
14612;106
14614;106
14616;106
14618;106
14620;106
14622;106
14624;106
14626;106
14628;106
14630;106
14632;106
14634;106
14636;106
14638;106
14640;106
14642;106
14644;106
14646;106
14648;106
14650;106
14652;106
14654;106
14656;106
14658;106
14660;106
14662;106
14664;106
14666;106
14668;106
14670;106
14672;106
14674;106
14676;106
14678;106
14680;106
14682;106
14684;106
14686;106
14688;106
14690;106
14692;106
14694;106
14696;106
14698;106
14700;106
14702;106
14704;106
14706;106
14708;106
14710;106
14712;106
14714;106
14716;106
14718;106
14720;106
14722;106
14724;106
14726;106
14728;106
14730;106
14732;106
14734;106
14736;106
14738;106
14740;106
14742;106
14744;106
14746;106
14748;106
14750;106
14752;106
14754;106
14756;106
14758;106
14760;106
14762;106
14764;106
14766;106
14768;106
14770;106
14772;106
14774;106
14776;106
14778;106
14780;106
14782;106
14784;106
14786;106
14788;106
14790;106
14792;106
14794;106
14796;106
14798;106
14800;106
14802;106
14804;106
14806;106
14808;106
14810;106
14812;106
14814;106
14816;106
14818;106
14820;106
14822;106
14824;106
14826;106
14828;106
14830;106
14832;106
14834;106
14836;106
14838;106
14840;106
14842;106
14844;106
14846;106
14848;106
14850;106
14852;106
14854;106
14856;106
14858;106
14860;106
14862;106
14864;106
14866;106
14868;106
14870;106
14872;106
14874;106
14876;106
14878;106
14880;106
14882;106
14884;106
14886;106
14888;106
14890;106
14892;106
14894;106
14896;106
14898;106
14900;106
14902;106
14904;106
14906;106
14908;106
14910;106
14912;106
14914;106
14916;106
14918;106
14920;106
14922;106
14924;106
14926;106
14928;106
14930;106
14932;106
14934;106
14936;106
14938;106
14940;106
14942;106
14944;106
14946;106
14948;106
14950;106
14952;106
14954;106
14956;106
14958;106
14960;106
14962;106
14964;106
14966;106
14968;106
14970;106
14972;106
14974;106
14976;106
14978;106
14980;106
14982;106
14984;106
14986;106
14988;106
14990;106
14992;106
14994;106
14996;106
14998;106
15000;106
15002;106
15004;106
15006;106
15008;106
15010;106
15012;106
15014;106
15016;106
15018;106
15020;106
15022;106
15024;106
15026;106
15028;106
15030;106
15032;106
15034;106
15036;106
15038;106
15040;106
15042;106
15044;106
15046;106
15048;106
15050;106
15052;106
15054;106
15056;106
15058;106
15060;106
15062;106
15064;106
15066;106
15068;106
15070;106
15072;106
15074;106
15076;106
15078;106
15080;106
15082;106
15084;106
15086;106
15088;106
15090;106
15092;106
15094;106
15096;106
15098;106
15100;106
15102;106
15104;106
15106;106
15108;106
15110;106
15112;106
15114;106
15116;106
15118;106
15120;106
15122;106
15124;106
15126;106
15128;106
15130;106
15132;106
15134;106
15136;106
15138;106
15140;106
15142;106
15144;106
15146;106
15148;106
15150;106
15152;106
15154;106
15156;106
15158;106
15160;106
15162;106
15164;106
15166;106
15168;106
15170;106
15172;106
15174;106
15176;106
15178;106
15180;106
15182;106
15184;106
15186;106
15188;106
15190;106
15192;106
15194;106
15196;106
15198;106
15200;106
15202;106
15204;106
15206;106
15208;106
15210;106
15212;106
15214;106
15216;106
15218;106
15220;106
15222;106
15224;106
15226;106
15228;106
15230;106
15232;106
15234;106
15236;106
15238;106
15240;106
15242;106
15244;106
15246;106
15248;106
15250;106
15252;106
15254;106
15256;106
15258;106
15260;106
15262;106
15264;106
15266;106
15268;106
15270;106
15272;106
15274;106
15276;106
15278;106
15280;106
15282;106
15284;106
15286;106
15288;106
15290;106
15292;106
15294;106
15296;106
15298;106
15300;106
15302;106
15304;106
15306;106
15308;106
15310;106
15312;106
15314;106
15316;106
15318;106
15320;106
15322;106
15324;106
15326;106
15328;106
15330;106
15332;106
15334;106
15336;106
15338;106
15340;106
15342;106
15344;106
15346;106
15348;106
15350;106
15352;106
15354;106
15356;106
15358;106
15360;106
15362;106
15364;106
15366;106
15368;106
15370;106
15372;106
15374;106
15376;106
15378;106
15380;106
15382;106
15384;106
15386;106
15388;106
15390;106
15392;106
15394;106
15396;106
15398;106
15400;106
15402;106
15404;106
15406;106
15408;106
15410;106
15412;106
15414;106
15416;106
15418;106
15420;106
15422;106
15424;106
15426;106
15428;106
15430;106
15432;106
15434;106
15436;106
15438;106
15440;106
15442;106
15444;106
15446;106
15448;106
15450;106
15452;106
15454;106
15456;106
15458;106
15460;106
15462;106
15464;106
15466;106
15468;106
15470;106
15472;106
15474;106
15476;106
15478;106
15480;106
15482;106
15484;106
15486;106
15488;106
15490;106
15492;106
15494;106
15496;106
15498;106
15500;106
15502;106
15504;106
15506;106
15508;106
15510;106
15512;106
15514;106
15516;106
15518;106
15520;106
15522;106
15524;106
15526;106
15528;106
15530;106
15532;106
15534;106
15536;106
15538;106
15540;106
15542;106
15544;106
15546;106
15548;106
15550;106
15552;106
15554;106
15556;106
15558;106
15560;106
15562;106
15564;106
15566;106
15568;106
15570;106
15572;106
15574;106
15576;106
15578;106
15580;106
15582;106
15584;106
15586;106
15588;106
15590;106
15592;106
15594;106
15596;106
15598;106
15600;106
15602;106
15604;106
15606;106
15608;106
15610;106
15612;106
15614;106
15616;106
15618;106
15620;106
15622;106
15624;106
15626;106
15628;106
15630;106
15632;106
15634;106
15636;106
15638;106
15640;106
15642;106
15644;106
15646;106
15648;106
15650;106
15652;106
15654;106
15656;106
15658;106
15660;106
15662;106
15664;106
15666;106
15668;106
15670;106
15672;106
15674;106
15676;106
15678;106
15680;106
15682;106
15684;106
15686;106
15688;106
15690;106
15692;106
15694;106
15696;106
15698;106
15700;106
15702;106
15704;106
15706;106
15708;106
15710;106
15712;106
15714;106
15716;106
15718;106
15720;106
15722;106
15724;106
15726;106
15728;106
15730;106
15732;106
15734;106
15736;106
15738;106
15740;106
15742;106
15744;106
15746;106
15748;106
15750;106
15752;106
15754;106
15756;106
15758;106
15760;106
15762;106
15764;106
15766;106
15768;106
15770;106
15772;106
15774;106
15776;106
15778;106
15780;106
15782;106
15784;106
15786;106
15788;106
15790;106
15792;106
15794;106
15796;106
15798;106
15800;106
15802;106
15804;106
15806;106
15808;106
15810;106
15812;106
15814;106
15816;106
15818;106
15820;106
15822;106
15824;106
15826;106
15828;106
15830;106
15832;106
15834;106
15836;106
15838;106
15840;106
15842;106
15844;106
15846;106
15848;106
15850;106
15852;106
15854;106
15856;106
15858;106
15860;106
15862;106
15864;106
15866;106
15868;106
15870;106
15872;106
15874;106
15876;106
15878;106
15880;106
15882;106
15884;106
15886;106
15888;106
15890;106
15892;106
15894;106
15896;106
15898;106
15900;106
15902;106
15904;106
15906;106
15908;106
15910;106
15912;106
15914;106
15916;106
15918;106
15920;106
15922;106
15924;106
15926;106
15928;106
15930;106
15932;106
15934;106
15936;106
15938;106
15940;106
15942;106
15944;106
15946;106
15948;106
15950;106
15952;106
15954;106
15956;106
15958;106
15960;106
15962;106
15964;106
15966;106
15968;106
15970;106
15972;106
15974;106
15976;106
15978;106
15980;106
15982;106
15984;106
15986;106
15988;106
15990;106
15992;106
15994;106
15996;106
15998;106
16000;106
16002;106
16004;106
16006;106
16008;106
16010;106
16012;106
16014;106
16016;106
16018;106
16020;106
16022;106
16024;106
16026;106
16028;106
16030;106
16032;106
16034;106
16036;106
16038;106
16040;106
16042;106
16044;106
16046;106
16048;106
16050;106
16052;106
16054;106
16056;106
16058;106
16060;106
16062;106
16064;106
16066;106
16068;106
16070;106
16072;106
16074;106
16076;106
16078;106
16080;106
16082;106
16084;106
16086;106
16088;106
16090;106
16092;106
16094;106
16096;106
16098;106
16100;106
16102;106
16104;106
16106;106
16108;106
16110;106
16112;106
16114;106
16116;106
16118;106
16120;106
16122;106
16124;106
16126;106
16128;106
16130;106
16132;106
16134;106
16136;106
16138;106
16140;106
16142;106
16144;106
16146;106
16148;106
16150;106
16152;106
16154;106
16156;106
16158;106
16160;106
16162;106
16164;106
16166;106
16168;106
16170;106
16172;106
16174;106
16176;106
16178;106
16180;106
16182;106
16184;106
16186;106
16188;106
16190;106
16192;106
16194;106
16196;106
16198;106
16200;37
16202;37
16204;37
16206;37
16208;37
16210;37
16212;37
16214;37
16216;37
16218;37
16220;37
16222;37
16224;37
16226;37
16228;37
16230;37
16232;37
16234;37
16236;37
16238;37
16240;37
16242;37
16244;37
16246;37
16248;37
16250;37
16252;37
16254;37
16256;37
16258;37
16260;37
16262;37
16264;37
16266;37
16268;37
16270;37
16272;37
16274;37
16276;37
16278;37
16280;37
16282;37
16284;37
16286;37
16288;37
16290;37
16292;37
16294;37
16296;37
16298;37
16300;37
16302;37
16304;37
16306;37
16308;37
16310;37
16312;37
16314;37
16316;37
16318;37
16320;37
16322;37
16324;37
16326;37
16328;37
16330;37
16332;37
16334;37
16336;37
16338;37
16340;37
16342;37
16344;37
16346;37
16348;37
16350;37
16352;37
16354;37
16356;37
16358;37
16360;37
16362;37
16364;37
16366;37
16368;37
16370;37
16372;37
16374;37
16376;37
16378;37
16380;37
16382;37
16384;37
16386;37
16388;37
16390;37
16392;37
16394;37
16396;37
16398;37
16400;37
16402;37
16404;37
16406;37
16408;37
16410;37
16412;37
16414;37
16416;37
16418;37
16420;37
16422;37
16424;37
16426;37
16428;37
16430;37
16432;37
16434;37
16436;37
16438;37
16440;37
16442;37
16444;37
16446;37
16448;37
16450;37
16452;37
16454;37
16456;37
16458;37
16460;37
16462;37
16464;37
16466;37
16468;37
16470;37
16472;37
16474;37
16476;37
16478;37
16480;37
16482;37
16484;37
16486;37
16488;37
16490;37
16492;37
16494;37
16496;37
16498;37
16500;37
16502;37
16504;37
16506;37
16508;37
16510;37
16512;37
16514;37
16516;37
16518;37
16520;37
16522;37
16524;37
16526;37
16528;37
16530;37
16532;37
16534;37
16536;37
16538;37
16540;37
16542;37
16544;37
16546;37
16548;37
16550;37
16552;37
16554;37
16556;37
16558;37
16560;37
16562;37
16564;37
16566;37
16568;37
16570;37
16572;37
16574;37
16576;37
16578;37
16580;37
16582;37
16584;37
16586;37
16588;37
16590;37
16592;37
16594;37
16596;37
16598;37
16600;37
16602;37
16604;37
16606;37
16608;37
16610;37
16612;37
16614;37
16616;37
16618;37
16620;37
16622;37
16624;37
16626;37
16628;37
16630;37
16632;37
16634;37
16636;37
16638;37
16640;37
16642;37
16644;37
16646;37
16648;37
16650;37
16652;37
16654;37
16656;37
16658;37
16660;37
16662;37
16664;37
16666;37
16668;37
16670;37
16672;37
16674;37
16676;37
16678;37
16680;37
16682;37
16684;37
16686;37
16688;37
16690;37
16692;37
16694;37
16696;37
16698;37
16700;37
16702;37
16704;37
16706;37
16708;37
16710;37
16712;37
16714;37
16716;37
16718;37
16720;37
16722;37
16724;37
16726;37
16728;37
16730;37
16732;37
16734;37
16736;37
16738;37
16740;37
16742;37
16744;37
16746;37
16748;37
16750;37
16752;37
16754;37
16756;37
16758;37
16760;37
16762;37
16764;37
16766;37
16768;37
16770;37
16772;37
16774;37
16776;37
16778;37
16780;37
16782;37
16784;37
16786;37
16788;37
16790;37
16792;37
16794;37
16796;37
16798;37
16800;37
16802;37
16804;37
16806;37
16808;37
16810;37
16812;37
16814;37
16816;37
16818;37
16820;37
16822;37
16824;37
16826;37
16828;37
16830;37
16832;37
16834;37
16836;37
16838;37
16840;37
16842;37
16844;37
16846;37
16848;37
16850;37
16852;37
16854;37
16856;37
16858;37
16860;37
16862;37
16864;37
16866;37
16868;37
16870;37
16872;37
16874;37
16876;37
16878;37
16880;37
16882;37
16884;37
16886;37
16888;37
16890;37
16892;37
16894;37
16896;37
16898;37
16900;37
16902;37
16904;37
16906;37
16908;37
16910;37
16912;37
16914;37
16916;37
16918;37
16920;37
16922;37
16924;37
16926;37
16928;37
16930;37
16932;37
16934;37
16936;37
16938;37
16940;37
16942;37
16944;37
16946;37
16948;37
16950;37
16952;37
16954;37
16956;37
16958;37
16960;37
16962;37
16964;37
16966;37
16968;37
16970;37
16972;37
16974;37
16976;37
16978;37
16980;37
16982;37
16984;37
16986;37
16988;37
16990;37
16992;37
16994;37
16996;37
16998;37
17000;37
17002;37
17004;37
17006;37
17008;37
17010;37
17012;37
17014;37
17016;37
17018;37
17020;37
17022;37
17024;37
17026;37
17028;37
17030;37
17032;37
17034;37
17036;37
17038;37
17040;37
17042;37
17044;37
17046;37
17048;37
17050;37
17052;37
17054;37
17056;37
17058;37
17060;37
17062;37
17064;37
17066;37
17068;37
17070;37
17072;37
17074;37
17076;37
17078;37
17080;37
17082;37
17084;37
17086;37
17088;37
17090;37
17092;37
17094;37
17096;37
17098;37
17100;40
17102;40
17104;40
17106;40
17108;40
17110;40
17112;40
17114;40
17116;40
17118;40
17120;40
17122;40
17124;40
17126;40
17128;40
17130;40
17132;40
17134;40
17136;40
17138;40
17140;40
17142;40
17144;40
17146;40
17148;40
17150;40
17152;40
17154;40
17156;40
17158;40
17160;40
17162;40
17164;40
17166;40
17168;40
17170;40
17172;40
17174;40
17176;40
17178;40
17180;40
17182;40
17184;40
17186;40
17188;40
17190;40
17192;40
17194;40
17196;40
17198;40
17200;40
17202;40
17204;40
17206;40
17208;40
17210;40
17212;40
17214;40
17216;40
17218;40
17220;40
17222;40
17224;40
17226;40
17228;40
17230;40
17232;40
17234;40
17236;40
17238;40
17240;40
17242;40
17244;40
17246;40
17248;40
17250;40
17252;40
17254;40
17256;40
17258;40
17260;40
17262;40
17264;40
17266;40
17268;40
17270;40
17272;40
17274;40
17276;40
17278;40
17280;40
17282;40
17284;40
17286;40
17288;40
17290;40
17292;40
17294;40
17296;40
17298;40
17300;40
17302;40
17304;40
17306;40
17308;40
17310;40
17312;40
17314;40
17316;40
17318;40
17320;40
17322;40
17324;40
17326;40
17328;40
17330;40
17332;40
17334;40
17336;40
17338;40
17340;40
17342;40
17344;40
17346;40
17348;40
17350;40
17352;40
17354;40
17356;40
17358;40
17360;40
17362;40
17364;40
17366;40
17368;40
17370;40
17372;40
17374;40
17376;40
17378;40
17380;40
17382;40
17384;40
17386;40
17388;40
17390;40
17392;40
17394;40
17396;40
17398;40
17400;40
17402;40
17404;40
17406;40
17408;40
17410;40
17412;40
17414;40
17416;40
17418;40
17420;40
17422;40
17424;40
17426;40
17428;40
17430;40
17432;40
17434;40
17436;40
17438;40
17440;40
17442;40
17444;40
17446;40
17448;40
17450;40
17452;40
17454;40
17456;40
17458;40
17460;40
17462;40
17464;40
17466;40
17468;40
17470;40
17472;40
17474;40
17476;40
17478;40
17480;40
17482;40
17484;40
17486;40
17488;40
17490;40
17492;40
17494;40
17496;40
17498;40
17500;40
17502;40
17504;40
17506;40
17508;40
17510;40
17512;40
17514;40
17516;40
17518;40
17520;40
17522;40
17524;40
17526;40
17528;40
17530;40
17532;40
17534;40
17536;40
17538;40
17540;40
17542;40
17544;40
17546;40
17548;40
17550;40
17552;40
17554;40
17556;40
17558;40
17560;40
17562;40
17564;40
17566;40
17568;40
17570;40
17572;40
17574;40
17576;40
17578;40
17580;40
17582;40
17584;40
17586;40
17588;40
17590;40
17592;40
17594;40
17596;40
17598;40
17600;40
17602;40
17604;40
17606;40
17608;40
17610;40
17612;40
17614;40
17616;40
17618;40
17620;40
17622;40
17624;40
17626;40
17628;40
17630;40
17632;40
17634;40
17636;40
17638;40
17640;40
17642;40
17644;40
17646;40
17648;40
17650;40
17652;40
17654;40
17656;40
17658;40
17660;40
17662;40
17664;40
17666;40
17668;40
17670;40
17672;40
17674;40
17676;40
17678;40
17680;40
17682;40
17684;40
17686;40
17688;40
17690;40
17692;40
17694;40
17696;40
17698;40
17700;40
17702;40
17704;40
17706;40
17708;40
17710;40
17712;40
17714;40
17716;40
17718;40
17720;40
17722;40
17724;40
17726;40
17728;40
17730;40
17732;40
17734;40
17736;40
17738;40
17740;40
17742;40
17744;40
17746;40
17748;40
17750;40
17752;40
17754;40
17756;40
17758;40
17760;40
17762;40
17764;40
17766;40
17768;40
17770;40
17772;40
17774;40
17776;40
17778;40
17780;40
17782;40
17784;40
17786;40
17788;40
17790;40
17792;40
17794;40
17796;40
17798;40
17800;40
17802;40
17804;40
17806;40
17808;40
17810;40
17812;40
17814;40
17816;40
17818;40
17820;40
17822;40
17824;40
17826;40
17828;40
17830;40
17832;40
17834;40
17836;40
17838;40
17840;40
17842;40
17844;40
17846;40
17848;40
17850;40
17852;40
17854;40
17856;40
17858;40
17860;40
17862;40
17864;40
17866;40
17868;40
17870;40
17872;40
17874;40
17876;40
17878;40
17880;40
17882;40
17884;40
17886;40
17888;40
17890;40
17892;40
17894;40
17896;40
17898;40
17900;40
17902;40
17904;40
17906;40
17908;40
17910;40
17912;40
17914;40
17916;40
17918;40
17920;40
17922;40
17924;40
17926;40
17928;40
17930;40
17932;40
17934;40
17936;40
17938;40
17940;40
17942;40
17944;40
17946;40
17948;40
17950;40
17952;40
17954;40
17956;40
17958;40
17960;40
17962;40
17964;40
17966;40
17968;40
17970;40
17972;40
17974;40
17976;40
17978;40
17980;40
17982;40
17984;40
17986;40
17988;40
17990;40
17992;40
17994;40
17996;40
