#	X	Y
0;199
2;199
4;199
6;199
8;199
10;199
12;199
14;199
16;199
18;199
20;199
22;199
24;199
26;199
28;199
30;199
32;199
34;199
36;199
38;199
40;199
42;199
44;199
46;199
48;199
50;199
52;199
54;199
56;199
58;199
60;199
62;199
64;199
66;199
68;199
70;199
72;199
74;199
76;199
78;199
80;199
82;199
84;199
86;199
88;199
90;199
92;199
94;199
96;199
98;199
100;199
102;199
104;199
106;199
108;199
110;199
112;199
114;199
116;199
118;199
120;199
122;199
124;199
126;199
128;199
130;199
132;199
134;199
136;199
138;199
140;199
142;199
144;199
146;199
148;199
150;199
152;199
154;199
156;199
158;199
160;199
162;199
164;199
166;199
168;199
170;199
172;199
174;199
176;199
178;199
180;199
182;199
184;199
186;199
188;199
190;199
192;199
194;199
196;199
198;199
200;199
202;199
204;199
206;199
208;199
210;199
212;199
214;199
216;199
218;199
220;199
222;199
224;199
226;199
228;199
230;199
232;199
234;199
236;199
238;199
240;199
242;199
244;199
246;199
248;199
250;199
252;199
254;199
256;199
258;199
260;199
262;199
264;199
266;199
268;199
270;199
272;199
274;199
276;199
278;199
280;199
282;199
284;199
286;199
288;199
290;199
292;199
294;199
296;199
298;199
300;199
302;199
304;199
306;199
308;199
310;199
312;199
314;199
316;199
318;199
320;199
322;199
324;199
326;199
328;199
330;199
332;199
334;199
336;199
338;199
340;199
342;199
344;199
346;199
348;199
350;199
352;199
354;199
356;199
358;199
360;199
362;199
364;199
366;199
368;199
370;199
372;199
374;199
376;199
378;199
380;199
382;199
384;199
386;199
388;199
390;199
392;199
394;199
396;199
398;199
400;199
402;199
404;199
406;199
408;199
410;199
412;199
414;199
416;199
418;199
420;199
422;199
424;199
426;199
428;199
430;199
432;199
434;199
436;199
438;199
440;199
442;199
444;199
446;199
448;199
450;199
452;199
454;199
456;199
458;199
460;199
462;199
464;199
466;199
468;199
470;199
472;199
474;199
476;199
478;199
480;199
482;199
484;199
486;199
488;199
490;199
492;199
494;199
496;199
498;199
500;199
502;199
504;199
506;199
508;199
510;199
512;199
514;199
516;199
518;199
520;199
522;199
524;199
526;199
528;199
530;199
532;199
534;199
536;199
538;199
540;199
542;199
544;199
546;199
548;199
550;199
552;199
554;199
556;199
558;199
560;199
562;199
564;199
566;199
568;199
570;199
572;199
574;199
576;199
578;199
580;199
582;199
584;199
586;199
588;199
590;199
592;199
594;199
596;199
598;199
600;199
602;199
604;199
606;199
608;199
610;199
612;199
614;199
616;199
618;199
620;199
622;199
624;199
626;199
628;199
630;199
632;199
634;199
636;199
638;199
640;199
642;199
644;199
646;199
648;199
650;199
652;199
654;199
656;199
658;199
660;199
662;199
664;199
666;199
668;199
670;199
672;199
674;199
676;199
678;199
680;199
682;199
684;199
686;199
688;199
690;199
692;199
694;199
696;199
698;199
700;199
702;199
704;199
706;199
708;199
710;199
712;199
714;199
716;199
718;199
720;199
722;199
724;199
726;199
728;199
730;199
732;199
734;199
736;199
738;199
740;199
742;199
744;199
746;199
748;199
750;199
752;199
754;199
756;199
758;199
760;199
762;199
764;199
766;199
768;199
770;199
772;199
774;199
776;199
778;199
780;199
782;199
784;199
786;199
788;199
790;199
792;199
794;199
796;199
798;199
800;199
802;199
804;199
806;199
808;199
810;199
812;199
814;199
816;199
818;199
820;199
822;199
824;199
826;199
828;199
830;199
832;199
834;199
836;199
838;199
840;199
842;199
844;199
846;199
848;199
850;199
852;199
854;199
856;199
858;199
860;199
862;199
864;199
866;199
868;199
870;199
872;199
874;199
876;199
878;199
880;199
882;199
884;199
886;199
888;199
890;199
892;199
894;199
896;199
898;199
900;198
902;198
904;198
906;198
908;198
910;198
912;198
914;198
916;198
918;198
920;198
922;198
924;198
926;198
928;198
930;198
932;198
934;198
936;198
938;198
940;198
942;198
944;198
946;198
948;198
950;198
952;198
954;198
956;198
958;198
960;198
962;198
964;198
966;198
968;198
970;198
972;198
974;198
976;198
978;198
980;198
982;198
984;198
986;198
988;198
990;198
992;198
994;198
996;198
998;198
1000;198
1002;198
1004;198
1006;198
1008;198
1010;198
1012;198
1014;198
1016;198
1018;198
1020;198
1022;198
1024;198
1026;198
1028;198
1030;198
1032;198
1034;198
1036;198
1038;198
1040;198
1042;198
1044;198
1046;198
1048;198
1050;198
1052;198
1054;198
1056;198
1058;198
1060;198
1062;198
1064;198
1066;198
1068;198
1070;198
1072;198
1074;198
1076;198
1078;198
1080;198
1082;198
1084;198
1086;198
1088;198
1090;198
1092;198
1094;198
1096;198
1098;198
1100;198
1102;198
1104;198
1106;198
1108;198
1110;198
1112;198
1114;198
1116;198
1118;198
1120;198
1122;198
1124;198
1126;198
1128;198
1130;198
1132;198
1134;198
1136;198
1138;198
1140;198
1142;198
1144;198
1146;198
1148;198
1150;198
1152;198
1154;198
1156;198
1158;198
1160;198
1162;198
1164;198
1166;198
1168;198
1170;198
1172;198
1174;198
1176;198
1178;198
1180;198
1182;198
1184;198
1186;198
1188;198
1190;198
1192;198
1194;198
1196;198
1198;198
1200;198
1202;198
1204;198
1206;198
1208;198
1210;198
1212;198
1214;198
1216;198
1218;198
1220;198
1222;198
1224;198
1226;198
1228;198
1230;198
1232;198
1234;198
1236;198
1238;198
1240;198
1242;198
1244;198
1246;198
1248;198
1250;198
1252;198
1254;198
1256;198
1258;198
1260;198
1262;198
1264;198
1266;198
1268;198
1270;198
1272;198
1274;198
1276;198
1278;198
1280;198
1282;198
1284;198
1286;198
1288;198
1290;198
1292;198
1294;198
1296;198
1298;198
1300;198
1302;198
1304;198
1306;198
1308;198
1310;198
1312;198
1314;198
1316;198
1318;198
1320;198
1322;198
1324;198
1326;198
1328;198
1330;198
1332;198
1334;198
1336;198
1338;198
1340;198
1342;198
1344;198
1346;198
1348;198
1350;198
1352;198
1354;198
1356;198
1358;198
1360;198
1362;198
1364;198
1366;198
1368;198
1370;198
1372;198
1374;198
1376;198
1378;198
1380;198
1382;198
1384;198
1386;198
1388;198
1390;198
1392;198
1394;198
1396;198
1398;198
1400;198
1402;198
1404;198
1406;198
1408;198
1410;198
1412;198
1414;198
1416;198
1418;198
1420;198
1422;198
1424;198
1426;198
1428;198
1430;198
1432;198
1434;198
1436;198
1438;198
1440;198
1442;198
1444;198
1446;198
1448;198
1450;198
1452;198
1454;198
1456;198
1458;198
1460;198
1462;198
1464;198
1466;198
1468;198
1470;198
1472;198
1474;198
1476;198
1478;198
1480;198
1482;198
1484;198
1486;198
1488;198
1490;198
1492;198
1494;198
1496;198
1498;198
1500;198
1502;198
1504;198
1506;198
1508;198
1510;198
1512;198
1514;198
1516;198
1518;198
1520;198
1522;198
1524;198
1526;198
1528;198
1530;198
1532;198
1534;198
1536;198
1538;198
1540;198
1542;198
1544;198
1546;198
1548;198
1550;198
1552;198
1554;198
1556;198
1558;198
1560;198
1562;198
1564;198
1566;198
1568;198
1570;198
1572;198
1574;198
1576;198
1578;198
1580;198
1582;198
1584;198
1586;198
1588;198
1590;198
1592;198
1594;198
1596;198
1598;198
1600;198
1602;198
1604;198
1606;198
1608;198
1610;198
1612;198
1614;198
1616;198
1618;198
1620;198
1622;198
1624;198
1626;198
1628;198
1630;198
1632;198
1634;198
1636;198
1638;198
1640;198
1642;198
1644;198
1646;198
1648;198
1650;198
1652;198
1654;198
1656;198
1658;198
1660;198
1662;198
1664;198
1666;198
1668;198
1670;198
1672;198
1674;198
1676;198
1678;198
1680;198
1682;198
1684;198
1686;198
1688;198
1690;198
1692;198
1694;198
1696;198
1698;198
1700;198
1702;198
1704;198
1706;198
1708;198
1710;198
1712;198
1714;198
1716;198
1718;198
1720;198
1722;198
1724;198
1726;198
1728;198
1730;198
1732;198
1734;198
1736;198
1738;198
1740;198
1742;198
1744;198
1746;198
1748;198
1750;198
1752;198
1754;198
1756;198
1758;198
1760;198
1762;198
1764;198
1766;198
1768;198
1770;198
1772;198
1774;198
1776;198
1778;198
1780;198
1782;198
1784;198
1786;198
1788;198
1790;198
1792;198
1794;198
1796;198
1798;198
1800;112
1802;112
1804;112
1806;112
1808;112
1810;112
1812;112
1814;112
1816;112
1818;112
1820;112
1822;112
1824;112
1826;112
1828;112
1830;112
1832;112
1834;112
1836;112
1838;112
1840;112
1842;112
1844;112
1846;112
1848;112
1850;112
1852;112
1854;112
1856;112
1858;112
1860;112
1862;112
1864;112
1866;112
1868;112
1870;112
1872;112
1874;112
1876;112
1878;112
1880;112
1882;112
1884;112
1886;112
1888;112
1890;112
1892;112
1894;112
1896;112
1898;112
1900;112
1902;112
1904;112
1906;112
1908;112
1910;112
1912;112
1914;112
1916;112
1918;112
1920;112
1922;112
1924;112
1926;112
1928;112
1930;112
1932;112
1934;112
1936;112
1938;112
1940;112
1942;112
1944;112
1946;112
1948;112
1950;112
1952;112
1954;112
1956;112
1958;112
1960;112
1962;112
1964;112
1966;112
1968;112
1970;112
1972;112
1974;112
1976;112
1978;112
1980;112
1982;112
1984;112
1986;112
1988;112
1990;112
1992;112
1994;112
1996;112
1998;112
2000;112
2002;112
2004;112
2006;112
2008;112
2010;112
2012;112
2014;112
2016;112
2018;112
2020;112
2022;112
2024;112
2026;112
2028;112
2030;112
2032;112
2034;112
2036;112
2038;112
2040;112
2042;112
2044;112
2046;112
2048;112
2050;112
2052;112
2054;112
2056;112
2058;112
2060;112
2062;112
2064;112
2066;112
2068;112
2070;112
2072;112
2074;112
2076;112
2078;112
2080;112
2082;112
2084;112
2086;112
2088;112
2090;112
2092;112
2094;112
2096;112
2098;112
2100;112
2102;112
2104;112
2106;112
2108;112
2110;112
2112;112
2114;112
2116;112
2118;112
2120;112
2122;112
2124;112
2126;112
2128;112
2130;112
2132;112
2134;112
2136;112
2138;112
2140;112
2142;112
2144;112
2146;112
2148;112
2150;112
2152;112
2154;112
2156;112
2158;112
2160;112
2162;112
2164;112
2166;112
2168;112
2170;112
2172;112
2174;112
2176;112
2178;112
2180;112
2182;112
2184;112
2186;112
2188;112
2190;112
2192;112
2194;112
2196;112
2198;112
2200;112
2202;112
2204;112
2206;112
2208;112
2210;112
2212;112
2214;112
2216;112
2218;112
2220;112
2222;112
2224;112
2226;112
2228;112
2230;112
2232;112
2234;112
2236;112
2238;112
2240;112
2242;112
2244;112
2246;112
2248;112
2250;112
2252;112
2254;112
2256;112
2258;112
2260;112
2262;112
2264;112
2266;112
2268;112
2270;112
2272;112
2274;112
2276;112
2278;112
2280;112
2282;112
2284;112
2286;112
2288;112
2290;112
2292;112
2294;112
2296;112
2298;112
2300;112
2302;112
2304;112
2306;112
2308;112
2310;112
2312;112
2314;112
2316;112
2318;112
2320;112
2322;112
2324;112
2326;112
2328;112
2330;112
2332;112
2334;112
2336;112
2338;112
2340;112
2342;112
2344;112
2346;112
2348;112
2350;112
2352;112
2354;112
2356;112
2358;112
2360;112
2362;112
2364;112
2366;112
2368;112
2370;112
2372;112
2374;112
2376;112
2378;112
2380;112
2382;112
2384;112
2386;112
2388;112
2390;112
2392;112
2394;112
2396;112
2398;112
2400;112
2402;112
2404;112
2406;112
2408;112
2410;112
2412;112
2414;112
2416;112
2418;112
2420;112
2422;112
2424;112
2426;112
2428;112
2430;112
2432;112
2434;112
2436;112
2438;112
2440;112
2442;112
2444;112
2446;112
2448;112
2450;112
2452;112
2454;112
2456;112
2458;112
2460;112
2462;112
2464;112
2466;112
2468;112
2470;112
2472;112
2474;112
2476;112
2478;112
2480;112
2482;112
2484;112
2486;112
2488;112
2490;112
2492;112
2494;112
2496;112
2498;112
2500;112
2502;112
2504;112
2506;112
2508;112
2510;112
2512;112
2514;112
2516;112
2518;112
2520;112
2522;112
2524;112
2526;112
2528;112
2530;112
2532;112
2534;112
2536;112
2538;112
2540;112
2542;112
2544;112
2546;112
2548;112
2550;112
2552;112
2554;112
2556;112
2558;112
2560;112
2562;112
2564;112
2566;112
2568;112
2570;112
2572;112
2574;112
2576;112
2578;112
2580;112
2582;112
2584;112
2586;112
2588;112
2590;112
2592;112
2594;112
2596;112
2598;112
2600;112
2602;112
2604;112
2606;112
2608;112
2610;112
2612;112
2614;112
2616;112
2618;112
2620;112
2622;112
2624;112
2626;112
2628;112
2630;112
2632;112
2634;112
2636;112
2638;112
2640;112
2642;112
2644;112
2646;112
2648;112
2650;112
2652;112
2654;112
2656;112
2658;112
2660;112
2662;112
2664;112
2666;112
2668;112
2670;112
2672;112
2674;112
2676;112
2678;112
2680;112
2682;112
2684;112
2686;112
2688;112
2690;112
2692;112
2694;112
2696;112
2698;112
2700;111
2702;111
2704;111
2706;111
2708;111
2710;111
2712;111
2714;111
2716;111
2718;111
2720;111
2722;111
2724;111
2726;111
2728;111
2730;111
2732;111
2734;111
2736;111
2738;111
2740;111
2742;111
2744;111
2746;111
2748;111
2750;111
2752;111
2754;111
2756;111
2758;111
2760;111
2762;111
2764;111
2766;111
2768;111
2770;111
2772;111
2774;111
2776;111
2778;111
2780;111
2782;111
2784;111
2786;111
2788;111
2790;111
2792;111
2794;111
2796;111
2798;111
2800;111
2802;111
2804;111
2806;111
2808;111
2810;111
2812;111
2814;111
2816;111
2818;111
2820;111
2822;111
2824;111
2826;111
2828;111
2830;111
2832;111
2834;111
2836;111
2838;111
2840;111
2842;111
2844;111
2846;111
2848;111
2850;111
2852;111
2854;111
2856;111
2858;111
2860;111
2862;111
2864;111
2866;111
2868;111
2870;111
2872;111
2874;111
2876;111
2878;111
2880;111
2882;111
2884;111
2886;111
2888;111
2890;111
2892;111
2894;111
2896;111
2898;111
2900;111
2902;111
2904;111
2906;111
2908;111
2910;111
2912;111
2914;111
2916;111
2918;111
2920;111
2922;111
2924;111
2926;111
2928;111
2930;111
2932;111
2934;111
2936;111
2938;111
2940;111
2942;111
2944;111
2946;111
2948;111
2950;111
2952;111
2954;111
2956;111
2958;111
2960;111
2962;111
2964;111
2966;111
2968;111
2970;111
2972;111
2974;111
2976;111
2978;111
2980;111
2982;111
2984;111
2986;111
2988;111
2990;111
2992;111
2994;111
2996;111
2998;111
3000;111
3002;111
3004;111
3006;111
3008;111
3010;111
3012;111
3014;111
3016;111
3018;111
3020;111
3022;111
3024;111
3026;111
3028;111
3030;111
3032;111
3034;111
3036;111
3038;111
3040;111
3042;111
3044;111
3046;111
3048;111
3050;111
3052;111
3054;111
3056;111
3058;111
3060;111
3062;111
3064;111
3066;111
3068;111
3070;111
3072;111
3074;111
3076;111
3078;111
3080;111
3082;111
3084;111
3086;111
3088;111
3090;111
3092;111
3094;111
3096;111
3098;111
3100;111
3102;111
3104;111
3106;111
3108;111
3110;111
3112;111
3114;111
3116;111
3118;111
3120;111
3122;111
3124;111
3126;111
3128;111
3130;111
3132;111
3134;111
3136;111
3138;111
3140;111
3142;111
3144;111
3146;111
3148;111
3150;111
3152;111
3154;111
3156;111
3158;111
3160;111
3162;111
3164;111
3166;111
3168;111
3170;111
3172;111
3174;111
3176;111
3178;111
3180;111
3182;111
3184;111
3186;111
3188;111
3190;111
3192;111
3194;111
3196;111
3198;111
3200;111
3202;111
3204;111
3206;111
3208;111
3210;111
3212;111
3214;111
3216;111
3218;111
3220;111
3222;111
3224;111
3226;111
3228;111
3230;111
3232;111
3234;111
3236;111
3238;111
3240;111
3242;111
3244;111
3246;111
3248;111
3250;111
3252;111
3254;111
3256;111
3258;111
3260;111
3262;111
3264;111
3266;111
3268;111
3270;111
3272;111
3274;111
3276;111
3278;111
3280;111
3282;111
3284;111
3286;111
3288;111
3290;111
3292;111
3294;111
3296;111
3298;111
3300;111
3302;111
3304;111
3306;111
3308;111
3310;111
3312;111
3314;111
3316;111
3318;111
3320;111
3322;111
3324;111
3326;111
3328;111
3330;111
3332;111
3334;111
3336;111
3338;111
3340;111
3342;111
3344;111
3346;111
3348;111
3350;111
3352;111
3354;111
3356;111
3358;111
3360;111
3362;111
3364;111
3366;111
3368;111
3370;111
3372;111
3374;111
3376;111
3378;111
3380;111
3382;111
3384;111
3386;111
3388;111
3390;111
3392;111
3394;111
3396;111
3398;111
3400;111
3402;111
3404;111
3406;111
3408;111
3410;111
3412;111
3414;111
3416;111
3418;111
3420;111
3422;111
3424;111
3426;111
3428;111
3430;111
3432;111
3434;111
3436;111
3438;111
3440;111
3442;111
3444;111
3446;111
3448;111
3450;111
3452;111
3454;111
3456;111
3458;111
3460;111
3462;111
3464;111
3466;111
3468;111
3470;111
3472;111
3474;111
3476;111
3478;111
3480;111
3482;111
3484;111
3486;111
3488;111
3490;111
3492;111
3494;111
3496;111
3498;111
3500;111
3502;111
3504;111
3506;111
3508;111
3510;111
3512;111
3514;111
3516;111
3518;111
3520;111
3522;111
3524;111
3526;111
3528;111
3530;111
3532;111
3534;111
3536;111
3538;111
3540;111
3542;111
3544;111
3546;111
3548;111
3550;111
3552;111
3554;111
3556;111
3558;111
3560;111
3562;111
3564;111
3566;111
3568;111
3570;111
3572;111
3574;111
3576;111
3578;111
3580;111
3582;111
3584;111
3586;111
3588;111
3590;111
3592;111
3594;111
3596;111
3598;111
3600;111
3602;111
3604;111
3606;111
3608;111
3610;111
3612;111
3614;111
3616;111
3618;111
3620;111
3622;111
3624;111
3626;111
3628;111
3630;111
3632;111
3634;111
3636;111
3638;111
3640;111
3642;111
3644;111
3646;111
3648;111
3650;111
3652;111
3654;111
3656;111
3658;111
3660;111
3662;111
3664;111
3666;111
3668;111
3670;111
3672;111
3674;111
3676;111
3678;111
3680;111
3682;111
3684;111
3686;111
3688;111
3690;111
3692;111
3694;111
3696;111
3698;111
3700;111
3702;111
3704;111
3706;111
3708;111
3710;111
3712;111
3714;111
3716;111
3718;111
3720;111
3722;111
3724;111
3726;111
3728;111
3730;111
3732;111
3734;111
3736;111
3738;111
3740;111
3742;111
3744;111
3746;111
3748;111
3750;111
3752;111
3754;111
3756;111
3758;111
3760;111
3762;111
3764;111
3766;111
3768;111
3770;111
3772;111
3774;111
3776;111
3778;111
3780;111
3782;111
3784;111
3786;111
3788;111
3790;111
3792;111
3794;111
3796;111
3798;111
3800;111
3802;111
3804;111
3806;111
3808;111
3810;111
3812;111
3814;111
3816;111
3818;111
3820;111
3822;111
3824;111
3826;111
3828;111
3830;111
3832;111
3834;111
3836;111
3838;111
3840;111
3842;111
3844;111
3846;111
3848;111
3850;111
3852;111
3854;111
3856;111
3858;111
3860;111
3862;111
3864;111
3866;111
3868;111
3870;111
3872;111
3874;111
3876;111
3878;111
3880;111
3882;111
3884;111
3886;111
3888;111
3890;111
3892;111
3894;111
3896;111
3898;111
3900;111
3902;111
3904;111
3906;111
3908;111
3910;111
3912;111
3914;111
3916;111
3918;111
3920;111
3922;111
3924;111
3926;111
3928;111
3930;111
3932;111
3934;111
3936;111
3938;111
3940;111
3942;111
3944;111
3946;111
3948;111
3950;111
3952;111
3954;111
3956;111
3958;111
3960;111
3962;111
3964;111
3966;111
3968;111
3970;111
3972;111
3974;111
3976;111
3978;111
3980;111
3982;111
3984;111
3986;111
3988;111
3990;111
3992;111
3994;111
3996;111
3998;111
4000;111
4002;111
4004;111
4006;111
4008;111
4010;111
4012;111
4014;111
4016;111
4018;111
4020;111
4022;111
4024;111
4026;111
4028;111
4030;111
4032;111
4034;111
4036;111
4038;111
4040;111
4042;111
4044;111
4046;111
4048;111
4050;111
4052;111
4054;111
4056;111
4058;111
4060;111
4062;111
4064;111
4066;111
4068;111
4070;111
4072;111
4074;111
4076;111
4078;111
4080;111
4082;111
4084;111
4086;111
4088;111
4090;111
4092;111
4094;111
4096;111
4098;111
4100;111
4102;111
4104;111
4106;111
4108;111
4110;111
4112;111
4114;111
4116;111
4118;111
4120;111
4122;111
4124;111
4126;111
4128;111
4130;111
4132;111
4134;111
4136;111
4138;111
4140;111
4142;111
4144;111
4146;111
4148;111
4150;111
4152;111
4154;111
4156;111
4158;111
4160;111
4162;111
4164;111
4166;111
4168;111
4170;111
4172;111
4174;111
4176;111
4178;111
4180;111
4182;111
4184;111
4186;111
4188;111
4190;111
4192;111
4194;111
4196;111
4198;111
4200;111
4202;111
4204;111
4206;111
4208;111
4210;111
4212;111
4214;111
4216;111
4218;111
4220;111
4222;111
4224;111
4226;111
4228;111
4230;111
4232;111
4234;111
4236;111
4238;111
4240;111
4242;111
4244;111
4246;111
4248;111
4250;111
4252;111
4254;111
4256;111
4258;111
4260;111
4262;111
4264;111
4266;111
4268;111
4270;111
4272;111
4274;111
4276;111
4278;111
4280;111
4282;111
4284;111
4286;111
4288;111
4290;111
4292;111
4294;111
4296;111
4298;111
4300;111
4302;111
4304;111
4306;111
4308;111
4310;111
4312;111
4314;111
4316;111
4318;111
4320;111
4322;111
4324;111
4326;111
4328;111
4330;111
4332;111
4334;111
4336;111
4338;111
4340;111
4342;111
4344;111
4346;111
4348;111
4350;111
4352;111
4354;111
4356;111
4358;111
4360;111
4362;111
4364;111
4366;111
4368;111
4370;111
4372;111
4374;111
4376;111
4378;111
4380;111
4382;111
4384;111
4386;111
4388;111
4390;111
4392;111
4394;111
4396;111
4398;111
4400;111
4402;111
4404;111
4406;111
4408;111
4410;111
4412;111
4414;111
4416;111
4418;111
4420;111
4422;111
4424;111
4426;111
4428;111
4430;111
4432;111
4434;111
4436;111
4438;111
4440;111
4442;111
4444;111
4446;111
4448;111
4450;111
4452;111
4454;111
4456;111
4458;111
4460;111
4462;111
4464;111
4466;111
4468;111
4470;111
4472;111
4474;111
4476;111
4478;111
4480;111
4482;111
4484;111
4486;111
4488;111
4490;111
4492;111
4494;111
4496;111
4498;111
4500;378
4502;378
4504;378
4506;378
4508;378
4510;378
4512;378
4514;378
4516;378
4518;378
4520;378
4522;378
4524;378
4526;378
4528;378
4530;378
4532;378
4534;378
4536;378
4538;378
4540;378
4542;378
4544;378
4546;378
4548;378
4550;378
4552;378
4554;378
4556;378
4558;378
4560;378
4562;378
4564;378
4566;378
4568;378
4570;378
4572;378
4574;378
4576;378
4578;378
4580;378
4582;378
4584;378
4586;378
4588;378
4590;378
4592;378
4594;378
4596;378
4598;378
4600;378
4602;378
4604;378
4606;378
4608;378
4610;378
4612;378
4614;378
4616;378
4618;378
4620;378
4622;378
4624;378
4626;378
4628;378
4630;378
4632;378
4634;378
4636;378
4638;378
4640;378
4642;378
4644;378
4646;378
4648;378
4650;378
4652;378
4654;378
4656;378
4658;378
4660;378
4662;378
4664;378
4666;378
4668;378
4670;378
4672;378
4674;378
4676;378
4678;378
4680;378
4682;378
4684;378
4686;378
4688;378
4690;378
4692;378
4694;378
4696;378
4698;378
4700;378
4702;378
4704;378
4706;378
4708;378
4710;378
4712;378
4714;378
4716;378
4718;378
4720;378
4722;378
4724;378
4726;378
4728;378
4730;378
4732;378
4734;378
4736;378
4738;378
4740;378
4742;378
4744;378
4746;378
4748;378
4750;378
4752;378
4754;378
4756;378
4758;378
4760;378
4762;378
4764;378
4766;378
4768;378
4770;378
4772;378
4774;378
4776;378
4778;378
4780;378
4782;378
4784;378
4786;378
4788;378
4790;378
4792;378
4794;378
4796;378
4798;378
4800;378
4802;378
4804;378
4806;378
4808;378
4810;378
4812;378
4814;378
4816;378
4818;378
4820;378
4822;378
4824;378
4826;378
4828;378
4830;378
4832;378
4834;378
4836;378
4838;378
4840;378
4842;378
4844;378
4846;378
4848;378
4850;378
4852;378
4854;378
4856;378
4858;378
4860;378
4862;378
4864;378
4866;378
4868;378
4870;378
4872;378
4874;378
4876;378
4878;378
4880;378
4882;378
4884;378
4886;378
4888;378
4890;378
4892;378
4894;378
4896;378
4898;378
4900;378
4902;378
4904;378
4906;378
4908;378
4910;378
4912;378
4914;378
4916;378
4918;378
4920;378
4922;378
4924;378
4926;378
4928;378
4930;378
4932;378
4934;378
4936;378
4938;378
4940;378
4942;378
4944;378
4946;378
4948;378
4950;378
4952;378
4954;378
4956;378
4958;378
4960;378
4962;378
4964;378
4966;378
4968;378
4970;378
4972;378
4974;378
4976;378
4978;378
4980;378
4982;378
4984;378
4986;378
4988;378
4990;378
4992;378
4994;378
4996;378
4998;378
5000;378
5002;378
5004;378
5006;378
5008;378
5010;378
5012;378
5014;378
5016;378
5018;378
5020;378
5022;378
5024;378
5026;378
5028;378
5030;378
5032;378
5034;378
5036;378
5038;378
5040;378
5042;378
5044;378
5046;378
5048;378
5050;378
5052;378
5054;378
5056;378
5058;378
5060;378
5062;378
5064;378
5066;378
5068;378
5070;378
5072;378
5074;378
5076;378
5078;378
5080;378
5082;378
5084;378
5086;378
5088;378
5090;378
5092;378
5094;378
5096;378
5098;378
5100;378
5102;378
5104;378
5106;378
5108;378
5110;378
5112;378
5114;378
5116;378
5118;378
5120;378
5122;378
5124;378
5126;378
5128;378
5130;378
5132;378
5134;378
5136;378
5138;378
5140;378
5142;378
5144;378
5146;378
5148;378
5150;378
5152;378
5154;378
5156;378
5158;378
5160;378
5162;378
5164;378
5166;378
5168;378
5170;378
5172;378
5174;378
5176;378
5178;378
5180;378
5182;378
5184;378
5186;378
5188;378
5190;378
5192;378
5194;378
5196;378
5198;378
5200;378
5202;378
5204;378
5206;378
5208;378
5210;378
5212;378
5214;378
5216;378
5218;378
5220;378
5222;378
5224;378
5226;378
5228;378
5230;378
5232;378
5234;378
5236;378
5238;378
5240;378
5242;378
5244;378
5246;378
5248;378
5250;378
5252;378
5254;378
5256;378
5258;378
5260;378
5262;378
5264;378
5266;378
5268;378
5270;378
5272;378
5274;378
5276;378
5278;378
5280;378
5282;378
5284;378
5286;378
5288;378
5290;378
5292;378
5294;378
5296;378
5298;378
5300;378
5302;378
5304;378
5306;378
5308;378
5310;378
5312;378
5314;378
5316;378
5318;378
5320;378
5322;378
5324;378
5326;378
5328;378
5330;378
5332;378
5334;378
5336;378
5338;378
5340;378
5342;378
5344;378
5346;378
5348;378
5350;378
5352;378
5354;378
5356;378
5358;378
5360;378
5362;378
5364;378
5366;378
5368;378
5370;378
5372;378
5374;378
5376;378
5378;378
5380;378
5382;378
5384;378
5386;378
5388;378
5390;378
5392;378
5394;378
5396;378
5398;378
5400;382
5402;382
5404;382
5406;382
5408;382
5410;382
5412;382
5414;382
5416;382
5418;382
5420;382
5422;382
5424;382
5426;382
5428;382
5430;382
5432;382
5434;382
5436;382
5438;382
5440;382
5442;382
5444;382
5446;382
5448;382
5450;382
5452;382
5454;382
5456;382
5458;382
5460;382
5462;382
5464;382
5466;382
5468;382
5470;382
5472;382
5474;382
5476;382
5478;382
5480;382
5482;382
5484;382
5486;382
5488;382
5490;382
5492;382
5494;382
5496;382
5498;382
5500;382
5502;382
5504;382
5506;382
5508;382
5510;382
5512;382
5514;382
5516;382
5518;382
5520;382
5522;382
5524;382
5526;382
5528;382
5530;382
5532;382
5534;382
5536;382
5538;382
5540;382
5542;382
5544;382
5546;382
5548;382
5550;382
5552;382
5554;382
5556;382
5558;382
5560;382
5562;382
5564;382
5566;382
5568;382
5570;382
5572;382
5574;382
5576;382
5578;382
5580;382
5582;382
5584;382
5586;382
5588;382
5590;382
5592;382
5594;382
5596;382
5598;382
5600;382
5602;382
5604;382
5606;382
5608;382
5610;382
5612;382
5614;382
5616;382
5618;382
5620;382
5622;382
5624;382
5626;382
5628;382
5630;382
5632;382
5634;382
5636;382
5638;382
5640;382
5642;382
5644;382
5646;382
5648;382
5650;382
5652;382
5654;382
5656;382
5658;382
5660;382
5662;382
5664;382
5666;382
5668;382
5670;382
5672;382
5674;382
5676;382
5678;382
5680;382
5682;382
5684;382
5686;382
5688;382
5690;382
5692;382
5694;382
5696;382
5698;382
5700;382
5702;382
5704;382
5706;382
5708;382
5710;382
5712;382
5714;382
5716;382
5718;382
5720;382
5722;382
5724;382
5726;382
5728;382
5730;382
5732;382
5734;382
5736;382
5738;382
5740;382
5742;382
5744;382
5746;382
5748;382
5750;382
5752;382
5754;382
5756;382
5758;382
5760;382
5762;382
5764;382
5766;382
5768;382
5770;382
5772;382
5774;382
5776;382
5778;382
5780;382
5782;382
5784;382
5786;382
5788;382
5790;382
5792;382
5794;382
5796;382
5798;382
5800;382
5802;382
5804;382
5806;382
5808;382
5810;382
5812;382
5814;382
5816;382
5818;382
5820;382
5822;382
5824;382
5826;382
5828;382
5830;382
5832;382
5834;382
5836;382
5838;382
5840;382
5842;382
5844;382
5846;382
5848;382
5850;382
5852;382
5854;382
5856;382
5858;382
5860;382
5862;382
5864;382
5866;382
5868;382
5870;382
5872;382
5874;382
5876;382
5878;382
5880;382
5882;382
5884;382
5886;382
5888;382
5890;382
5892;382
5894;382
5896;382
5898;382
5900;382
5902;382
5904;382
5906;382
5908;382
5910;382
5912;382
5914;382
5916;382
5918;382
5920;382
5922;382
5924;382
5926;382
5928;382
5930;382
5932;382
5934;382
5936;382
5938;382
5940;382
5942;382
5944;382
5946;382
5948;382
5950;382
5952;382
5954;382
5956;382
5958;382
5960;382
5962;382
5964;382
5966;382
5968;382
5970;382
5972;382
5974;382
5976;382
5978;382
5980;382
5982;382
5984;382
5986;382
5988;382
5990;382
5992;382
5994;382
5996;382
5998;382
6000;382
6002;382
6004;382
6006;382
6008;382
6010;382
6012;382
6014;382
6016;382
6018;382
6020;382
6022;382
6024;382
6026;382
6028;382
6030;382
6032;382
6034;382
6036;382
6038;382
6040;382
6042;382
6044;382
6046;382
6048;382
6050;382
6052;382
6054;382
6056;382
6058;382
6060;382
6062;382
6064;382
6066;382
6068;382
6070;382
6072;382
6074;382
6076;382
6078;382
6080;382
6082;382
6084;382
6086;382
6088;382
6090;382
6092;382
6094;382
6096;382
6098;382
6100;382
6102;382
6104;382
6106;382
6108;382
6110;382
6112;382
6114;382
6116;382
6118;382
6120;382
6122;382
6124;382
6126;382
6128;382
6130;382
6132;382
6134;382
6136;382
6138;382
6140;382
6142;382
6144;382
6146;382
6148;382
6150;382
6152;382
6154;382
6156;382
6158;382
6160;382
6162;382
6164;382
6166;382
6168;382
6170;382
6172;382
6174;382
6176;382
6178;382
6180;382
6182;382
6184;382
6186;382
6188;382
6190;382
6192;382
6194;382
6196;382
6198;382
6200;382
6202;382
6204;382
6206;382
6208;382
6210;382
6212;382
6214;382
6216;382
6218;382
6220;382
6222;382
6224;382
6226;382
6228;382
6230;382
6232;382
6234;382
6236;382
6238;382
6240;382
6242;382
6244;382
6246;382
6248;382
6250;382
6252;382
6254;382
6256;382
6258;382
6260;382
6262;382
6264;382
6266;382
6268;382
6270;382
6272;382
6274;382
6276;382
6278;382
6280;382
6282;382
6284;382
6286;382
6288;382
6290;382
6292;382
6294;382
6296;382
6298;382
6300;254
6302;254
6304;254
6306;254
6308;254
6310;254
6312;254
6314;254
6316;254
6318;254
6320;254
6322;254
6324;254
6326;254
6328;254
6330;254
6332;254
6334;254
6336;254
6338;254
6340;254
6342;254
6344;254
6346;254
6348;254
6350;254
6352;254
6354;254
6356;254
6358;254
6360;254
6362;254
6364;254
6366;254
6368;254
6370;254
6372;254
6374;254
6376;254
6378;254
6380;254
6382;254
6384;254
6386;254
6388;254
6390;254
6392;254
6394;254
6396;254
6398;254
6400;254
6402;254
6404;254
6406;254
6408;254
6410;254
6412;254
6414;254
6416;254
6418;254
6420;254
6422;254
6424;254
6426;254
6428;254
6430;254
6432;254
6434;254
6436;254
6438;254
6440;254
6442;254
6444;254
6446;254
6448;254
6450;254
6452;254
6454;254
6456;254
6458;254
6460;254
6462;254
6464;254
6466;254
6468;254
6470;254
6472;254
6474;254
6476;254
6478;254
6480;254
6482;254
6484;254
6486;254
6488;254
6490;254
6492;254
6494;254
6496;254
6498;254
6500;254
6502;254
6504;254
6506;254
6508;254
6510;254
6512;254
6514;254
6516;254
6518;254
6520;254
6522;254
6524;254
6526;254
6528;254
6530;254
6532;254
6534;254
6536;254
6538;254
6540;254
6542;254
6544;254
6546;254
6548;254
6550;254
6552;254
6554;254
6556;254
6558;254
6560;254
6562;254
6564;254
6566;254
6568;254
6570;254
6572;254
6574;254
6576;254
6578;254
6580;254
6582;254
6584;254
6586;254
6588;254
6590;254
6592;254
6594;254
6596;254
6598;254
6600;254
6602;254
6604;254
6606;254
6608;254
6610;254
6612;254
6614;254
6616;254
6618;254
6620;254
6622;254
6624;254
6626;254
6628;254
6630;254
6632;254
6634;254
6636;254
6638;254
6640;254
6642;254
6644;254
6646;254
6648;254
6650;254
6652;254
6654;254
6656;254
6658;254
6660;254
6662;254
6664;254
6666;254
6668;254
6670;254
6672;254
6674;254
6676;254
6678;254
6680;254
6682;254
6684;254
6686;254
6688;254
6690;254
6692;254
6694;254
6696;254
6698;254
6700;254
6702;254
6704;254
6706;254
6708;254
6710;254
6712;254
6714;254
6716;254
6718;254
6720;254
6722;254
6724;254
6726;254
6728;254
6730;254
6732;254
6734;254
6736;254
6738;254
6740;254
6742;254
6744;254
6746;254
6748;254
6750;254
6752;254
6754;254
6756;254
6758;254
6760;254
6762;254
6764;254
6766;254
6768;254
6770;254
6772;254
6774;254
6776;254
6778;254
6780;254
6782;254
6784;254
6786;254
6788;254
6790;254
6792;254
6794;254
6796;254
6798;254
6800;254
6802;254
6804;254
6806;254
6808;254
6810;254
6812;254
6814;254
6816;254
6818;254
6820;254
6822;254
6824;254
6826;254
6828;254
6830;254
6832;254
6834;254
6836;254
6838;254
6840;254
6842;254
6844;254
6846;254
6848;254
6850;254
6852;254
6854;254
6856;254
6858;254
6860;254
6862;254
6864;254
6866;254
6868;254
6870;254
6872;254
6874;254
6876;254
6878;254
6880;254
6882;254
6884;254
6886;254
6888;254
6890;254
6892;254
6894;254
6896;254
6898;254
6900;254
6902;254
6904;254
6906;254
6908;254
6910;254
6912;254
6914;254
6916;254
6918;254
6920;254
6922;254
6924;254
6926;254
6928;254
6930;254
6932;254
6934;254
6936;254
6938;254
6940;254
6942;254
6944;254
6946;254
6948;254
6950;254
6952;254
6954;254
6956;254
6958;254
6960;254
6962;254
6964;254
6966;254
6968;254
6970;254
6972;254
6974;254
6976;254
6978;254
6980;254
6982;254
6984;254
6986;254
6988;254
6990;254
6992;254
6994;254
6996;254
6998;254
7000;254
7002;254
7004;254
7006;254
7008;254
7010;254
7012;254
7014;254
7016;254
7018;254
7020;254
7022;254
7024;254
7026;254
7028;254
7030;254
7032;254
7034;254
7036;254
7038;254
7040;254
7042;254
7044;254
7046;254
7048;254
7050;254
7052;254
7054;254
7056;254
7058;254
7060;254
7062;254
7064;254
7066;254
7068;254
7070;254
7072;254
7074;254
7076;254
7078;254
7080;254
7082;254
7084;254
7086;254
7088;254
7090;254
7092;254
7094;254
7096;254
7098;254
7100;254
7102;254
7104;254
7106;254
7108;254
7110;254
7112;254
7114;254
7116;254
7118;254
7120;254
7122;254
7124;254
7126;254
7128;254
7130;254
7132;254
7134;254
7136;254
7138;254
7140;254
7142;254
7144;254
7146;254
7148;254
7150;254
7152;254
7154;254
7156;254
7158;254
7160;254
7162;254
7164;254
7166;254
7168;254
7170;254
7172;254
7174;254
7176;254
7178;254
7180;254
7182;254
7184;254
7186;254
7188;254
7190;254
7192;254
7194;254
7196;254
7198;254
7200;35
7202;35
7204;35
7206;35
7208;35
7210;35
7212;35
7214;35
7216;35
7218;35
7220;35
7222;35
7224;35
7226;35
7228;35
7230;35
7232;35
7234;35
7236;35
7238;35
7240;35
7242;35
7244;35
7246;35
7248;35
7250;35
7252;35
7254;35
7256;35
7258;35
7260;35
7262;35
7264;35
7266;35
7268;35
7270;35
7272;35
7274;35
7276;35
7278;35
7280;35
7282;35
7284;35
7286;35
7288;35
7290;35
7292;35
7294;35
7296;35
7298;35
7300;35
7302;35
7304;35
7306;35
7308;35
7310;35
7312;35
7314;35
7316;35
7318;35
7320;35
7322;35
7324;35
7326;35
7328;35
7330;35
7332;35
7334;35
7336;35
7338;35
7340;35
7342;35
7344;35
7346;35
7348;35
7350;35
7352;35
7354;35
7356;35
7358;35
7360;35
7362;35
7364;35
7366;35
7368;35
7370;35
7372;35
7374;35
7376;35
7378;35
7380;35
7382;35
7384;35
7386;35
7388;35
7390;35
7392;35
7394;35
7396;35
7398;35
7400;35
7402;35
7404;35
7406;35
7408;35
7410;35
7412;35
7414;35
7416;35
7418;35
7420;35
7422;35
7424;35
7426;35
7428;35
7430;35
7432;35
7434;35
7436;35
7438;35
7440;35
7442;35
7444;35
7446;35
7448;35
7450;35
7452;35
7454;35
7456;35
7458;35
7460;35
7462;35
7464;35
7466;35
7468;35
7470;35
7472;35
7474;35
7476;35
7478;35
7480;35
7482;35
7484;35
7486;35
7488;35
7490;35
7492;35
7494;35
7496;35
7498;35
7500;35
7502;35
7504;35
7506;35
7508;35
7510;35
7512;35
7514;35
7516;35
7518;35
7520;35
7522;35
7524;35
7526;35
7528;35
7530;35
7532;35
7534;35
7536;35
7538;35
7540;35
7542;35
7544;35
7546;35
7548;35
7550;35
7552;35
7554;35
7556;35
7558;35
7560;35
7562;35
7564;35
7566;35
7568;35
7570;35
7572;35
7574;35
7576;35
7578;35
7580;35
7582;35
7584;35
7586;35
7588;35
7590;35
7592;35
7594;35
7596;35
7598;35
7600;35
7602;35
7604;35
7606;35
7608;35
7610;35
7612;35
7614;35
7616;35
7618;35
7620;35
7622;35
7624;35
7626;35
7628;35
7630;35
7632;35
7634;35
7636;35
7638;35
7640;35
7642;35
7644;35
7646;35
7648;35
7650;35
7652;35
7654;35
7656;35
7658;35
7660;35
7662;35
7664;35
7666;35
7668;35
7670;35
7672;35
7674;35
7676;35
7678;35
7680;35
7682;35
7684;35
7686;35
7688;35
7690;35
7692;35
7694;35
7696;35
7698;35
7700;35
7702;35
7704;35
7706;35
7708;35
7710;35
7712;35
7714;35
7716;35
7718;35
7720;35
7722;35
7724;35
7726;35
7728;35
7730;35
7732;35
7734;35
7736;35
7738;35
7740;35
7742;35
7744;35
7746;35
7748;35
7750;35
7752;35
7754;35
7756;35
7758;35
7760;35
7762;35
7764;35
7766;35
7768;35
7770;35
7772;35
7774;35
7776;35
7778;35
7780;35
7782;35
7784;35
7786;35
7788;35
7790;35
7792;35
7794;35
7796;35
7798;35
7800;35
7802;35
7804;35
7806;35
7808;35
7810;35
7812;35
7814;35
7816;35
7818;35
7820;35
7822;35
7824;35
7826;35
7828;35
7830;35
7832;35
7834;35
7836;35
7838;35
7840;35
7842;35
7844;35
7846;35
7848;35
7850;35
7852;35
7854;35
7856;35
7858;35
7860;35
7862;35
7864;35
7866;35
7868;35
7870;35
7872;35
7874;35
7876;35
7878;35
7880;35
7882;35
7884;35
7886;35
7888;35
7890;35
7892;35
7894;35
7896;35
7898;35
7900;35
7902;35
7904;35
7906;35
7908;35
7910;35
7912;35
7914;35
7916;35
7918;35
7920;35
7922;35
7924;35
7926;35
7928;35
7930;35
7932;35
7934;35
7936;35
7938;35
7940;35
7942;35
7944;35
7946;35
7948;35
7950;35
7952;35
7954;35
7956;35
7958;35
7960;35
7962;35
7964;35
7966;35
7968;35
7970;35
7972;35
7974;35
7976;35
7978;35
7980;35
7982;35
7984;35
7986;35
7988;35
7990;35
7992;35
7994;35
7996;35
7998;35
8000;35
8002;35
8004;35
8006;35
8008;35
8010;35
8012;35
8014;35
8016;35
8018;35
8020;35
8022;35
8024;35
8026;35
8028;35
8030;35
8032;35
8034;35
8036;35
8038;35
8040;35
8042;35
8044;35
8046;35
8048;35
8050;35
8052;35
8054;35
8056;35
8058;35
8060;35
8062;35
8064;35
8066;35
8068;35
8070;35
8072;35
8074;35
8076;35
8078;35
8080;35
8082;35
8084;35
8086;35
8088;35
8090;35
8092;35
8094;35
8096;35
8098;35
8100;34
8102;34
8104;34
8106;34
8108;34
8110;34
8112;34
8114;34
8116;34
8118;34
8120;34
8122;34
8124;34
8126;34
8128;34
8130;34
8132;34
8134;34
8136;34
8138;34
8140;34
8142;34
8144;34
8146;34
8148;34
8150;34
8152;34
8154;34
8156;34
8158;34
8160;34
8162;34
8164;34
8166;34
8168;34
8170;34
8172;34
8174;34
8176;34
8178;34
8180;34
8182;34
8184;34
8186;34
8188;34
8190;34
8192;34
8194;34
8196;34
8198;34
8200;34
8202;34
8204;34
8206;34
8208;34
8210;34
8212;34
8214;34
8216;34
8218;34
8220;34
8222;34
8224;34
8226;34
8228;34
8230;34
8232;34
8234;34
8236;34
8238;34
8240;34
8242;34
8244;34
8246;34
8248;34
8250;34
8252;34
8254;34
8256;34
8258;34
8260;34
8262;34
8264;34
8266;34
8268;34
8270;34
8272;34
8274;34
8276;34
8278;34
8280;34
8282;34
8284;34
8286;34
8288;34
8290;34
8292;34
8294;34
8296;34
8298;34
8300;34
8302;34
8304;34
8306;34
8308;34
8310;34
8312;34
8314;34
8316;34
8318;34
8320;34
8322;34
8324;34
8326;34
8328;34
8330;34
8332;34
8334;34
8336;34
8338;34
8340;34
8342;34
8344;34
8346;34
8348;34
8350;34
8352;34
8354;34
8356;34
8358;34
8360;34
8362;34
8364;34
8366;34
8368;34
8370;34
8372;34
8374;34
8376;34
8378;34
8380;34
8382;34
8384;34
8386;34
8388;34
8390;34
8392;34
8394;34
8396;34
8398;34
8400;34
8402;34
8404;34
8406;34
8408;34
8410;34
8412;34
8414;34
8416;34
8418;34
8420;34
8422;34
8424;34
8426;34
8428;34
8430;34
8432;34
8434;34
8436;34
8438;34
8440;34
8442;34
8444;34
8446;34
8448;34
8450;34
8452;34
8454;34
8456;34
8458;34
8460;34
8462;34
8464;34
8466;34
8468;34
8470;34
8472;34
8474;34
8476;34
8478;34
8480;34
8482;34
8484;34
8486;34
8488;34
8490;34
8492;34
8494;34
8496;34
8498;34
8500;34
8502;34
8504;34
8506;34
8508;34
8510;34
8512;34
8514;34
8516;34
8518;34
8520;34
8522;34
8524;34
8526;34
8528;34
8530;34
8532;34
8534;34
8536;34
8538;34
8540;34
8542;34
8544;34
8546;34
8548;34
8550;34
8552;34
8554;34
8556;34
8558;34
8560;34
8562;34
8564;34
8566;34
8568;34
8570;34
8572;34
8574;34
8576;34
8578;34
8580;34
8582;34
8584;34
8586;34
8588;34
8590;34
8592;34
8594;34
8596;34
8598;34
8600;34
8602;34
8604;34
8606;34
8608;34
8610;34
8612;34
8614;34
8616;34
8618;34
8620;34
8622;34
8624;34
8626;34
8628;34
8630;34
8632;34
8634;34
8636;34
8638;34
8640;34
8642;34
8644;34
8646;34
8648;34
8650;34
8652;34
8654;34
8656;34
8658;34
8660;34
8662;34
8664;34
8666;34
8668;34
8670;34
8672;34
8674;34
8676;34
8678;34
8680;34
8682;34
8684;34
8686;34
8688;34
8690;34
8692;34
8694;34
8696;34
8698;34
8700;34
8702;34
8704;34
8706;34
8708;34
8710;34
8712;34
8714;34
8716;34
8718;34
8720;34
8722;34
8724;34
8726;34
8728;34
8730;34
8732;34
8734;34
8736;34
8738;34
8740;34
8742;34
8744;34
8746;34
8748;34
8750;34
8752;34
8754;34
8756;34
8758;34
8760;34
8762;34
8764;34
8766;34
8768;34
8770;34
8772;34
8774;34
8776;34
8778;34
8780;34
8782;34
8784;34
8786;34
8788;34
8790;34
8792;34
8794;34
8796;34
8798;34
8800;34
8802;34
8804;34
8806;34
8808;34
8810;34
8812;34
8814;34
8816;34
8818;34
8820;34
8822;34
8824;34
8826;34
8828;34
8830;34
8832;34
8834;34
8836;34
8838;34
8840;34
8842;34
8844;34
8846;34
8848;34
8850;34
8852;34
8854;34
8856;34
8858;34
8860;34
8862;34
8864;34
8866;34
8868;34
8870;34
8872;34
8874;34
8876;34
8878;34
8880;34
8882;34
8884;34
8886;34
8888;34
8890;34
8892;34
8894;34
8896;34
8898;34
8900;34
8902;34
8904;34
8906;34
8908;34
8910;34
8912;34
8914;34
8916;34
8918;34
8920;34
8922;34
8924;34
8926;34
8928;34
8930;34
8932;34
8934;34
8936;34
8938;34
8940;34
8942;34
8944;34
8946;34
8948;34
8950;34
8952;34
8954;34
8956;34
8958;34
8960;34
8962;34
8964;34
8966;34
8968;34
8970;34
8972;34
8974;34
8976;34
8978;34
8980;34
8982;34
8984;34
8986;34
8988;34
8990;34
8992;34
8994;34
8996;34
8998;34
9000;120
9002;120
9004;120
9006;120
9008;120
9010;120
9012;120
9014;120
9016;120
9018;120
9020;120
9022;120
9024;120
9026;120
9028;120
9030;120
9032;120
9034;120
9036;120
9038;120
9040;120
9042;120
9044;120
9046;120
9048;120
9050;120
9052;120
9054;120
9056;120
9058;120
9060;120
9062;120
9064;120
9066;120
9068;120
9070;120
9072;120
9074;120
9076;120
9078;120
9080;120
9082;120
9084;120
9086;120
9088;120
9090;120
9092;120
9094;120
9096;120
9098;120
9100;120
9102;120
9104;120
9106;120
9108;120
9110;120
9112;120
9114;120
9116;120
9118;120
9120;120
9122;120
9124;120
9126;120
9128;120
9130;120
9132;120
9134;120
9136;120
9138;120
9140;120
9142;120
9144;120
9146;120
9148;120
9150;120
9152;120
9154;120
9156;120
9158;120
9160;120
9162;120
9164;120
9166;120
9168;120
9170;120
9172;120
9174;120
9176;120
9178;120
9180;120
9182;120
9184;120
9186;120
9188;120
9190;120
9192;120
9194;120
9196;120
9198;120
9200;120
9202;120
9204;120
9206;120
9208;120
9210;120
9212;120
9214;120
9216;120
9218;120
9220;120
9222;120
9224;120
9226;120
9228;120
9230;120
9232;120
9234;120
9236;120
9238;120
9240;120
9242;120
9244;120
9246;120
9248;120
9250;120
9252;120
9254;120
9256;120
9258;120
9260;120
9262;120
9264;120
9266;120
9268;120
9270;120
9272;120
9274;120
9276;120
9278;120
9280;120
9282;120
9284;120
9286;120
9288;120
9290;120
9292;120
9294;120
9296;120
9298;120
9300;120
9302;120
9304;120
9306;120
9308;120
9310;120
9312;120
9314;120
9316;120
9318;120
9320;120
9322;120
9324;120
9326;120
9328;120
9330;120
9332;120
9334;120
9336;120
9338;120
9340;120
9342;120
9344;120
9346;120
9348;120
9350;120
9352;120
9354;120
9356;120
9358;120
9360;120
9362;120
9364;120
9366;120
9368;120
9370;120
9372;120
9374;120
9376;120
9378;120
9380;120
9382;120
9384;120
9386;120
9388;120
9390;120
9392;120
9394;120
9396;120
9398;120
9400;120
9402;120
9404;120
9406;120
9408;120
9410;120
9412;120
9414;120
9416;120
9418;120
9420;120
9422;120
9424;120
9426;120
9428;120
9430;120
9432;120
9434;120
9436;120
9438;120
9440;120
9442;120
9444;120
9446;120
9448;120
9450;120
9452;120
9454;120
9456;120
9458;120
9460;120
9462;120
9464;120
9466;120
9468;120
9470;120
9472;120
9474;120
9476;120
9478;120
9480;120
9482;120
9484;120
9486;120
9488;120
9490;120
9492;120
9494;120
9496;120
9498;120
9500;120
9502;120
9504;120
9506;120
9508;120
9510;120
9512;120
9514;120
9516;120
9518;120
9520;120
9522;120
9524;120
9526;120
9528;120
9530;120
9532;120
9534;120
9536;120
9538;120
9540;120
9542;120
9544;120
9546;120
9548;120
9550;120
9552;120
9554;120
9556;120
9558;120
9560;120
9562;120
9564;120
9566;120
9568;120
9570;120
9572;120
9574;120
9576;120
9578;120
9580;120
9582;120
9584;120
9586;120
9588;120
9590;120
9592;120
9594;120
9596;120
9598;120
9600;120
9602;120
9604;120
9606;120
9608;120
9610;120
9612;120
9614;120
9616;120
9618;120
9620;120
9622;120
9624;120
9626;120
9628;120
9630;120
9632;120
9634;120
9636;120
9638;120
9640;120
9642;120
9644;120
9646;120
9648;120
9650;120
9652;120
9654;120
9656;120
9658;120
9660;120
9662;120
9664;120
9666;120
9668;120
9670;120
9672;120
9674;120
9676;120
9678;120
9680;120
9682;120
9684;120
9686;120
9688;120
9690;120
9692;120
9694;120
9696;120
9698;120
9700;120
9702;120
9704;120
9706;120
9708;120
9710;120
9712;120
9714;120
9716;120
9718;120
9720;120
9722;120
9724;120
9726;120
9728;120
9730;120
9732;120
9734;120
9736;120
9738;120
9740;120
9742;120
9744;120
9746;120
9748;120
9750;120
9752;120
9754;120
9756;120
9758;120
9760;120
9762;120
9764;120
9766;120
9768;120
9770;120
9772;120
9774;120
9776;120
9778;120
9780;120
9782;120
9784;120
9786;120
9788;120
9790;120
9792;120
9794;120
9796;120
9798;120
9800;120
9802;120
9804;120
9806;120
9808;120
9810;120
9812;120
9814;120
9816;120
9818;120
9820;120
9822;120
9824;120
9826;120
9828;120
9830;120
9832;120
9834;120
9836;120
9838;120
9840;120
9842;120
9844;120
9846;120
9848;120
9850;120
9852;120
9854;120
9856;120
9858;120
9860;120
9862;120
9864;120
9866;120
9868;120
9870;120
9872;120
9874;120
9876;120
9878;120
9880;120
9882;120
9884;120
9886;120
9888;120
9890;120
9892;120
9894;120
9896;120
9898;120
9900;122
9902;122
9904;122
9906;122
9908;122
9910;122
9912;122
9914;122
9916;122
9918;122
9920;122
9922;122
9924;122
9926;122
9928;122
9930;122
9932;122
9934;122
9936;122
9938;122
9940;122
9942;122
9944;122
9946;122
9948;122
9950;122
9952;122
9954;122
9956;122
9958;122
9960;122
9962;122
9964;122
9966;122
9968;122
9970;122
9972;122
9974;122
9976;122
9978;122
9980;122
9982;122
9984;122
9986;122
9988;122
9990;122
9992;122
9994;122
9996;122
9998;122
10000;122
10002;122
10004;122
10006;122
10008;122
10010;122
10012;122
10014;122
10016;122
10018;122
10020;122
10022;122
10024;122
10026;122
10028;122
10030;122
10032;122
10034;122
10036;122
10038;122
10040;122
10042;122
10044;122
10046;122
10048;122
10050;122
10052;122
10054;122
10056;122
10058;122
10060;122
10062;122
10064;122
10066;122
10068;122
10070;122
10072;122
10074;122
10076;122
10078;122
10080;122
10082;122
10084;122
10086;122
10088;122
10090;122
10092;122
10094;122
10096;122
10098;122
10100;122
10102;122
10104;122
10106;122
10108;122
10110;122
10112;122
10114;122
10116;122
10118;122
10120;122
10122;122
10124;122
10126;122
10128;122
10130;122
10132;122
10134;122
10136;122
10138;122
10140;122
10142;122
10144;122
10146;122
10148;122
10150;122
10152;122
10154;122
10156;122
10158;122
10160;122
10162;122
10164;122
10166;122
10168;122
10170;122
10172;122
10174;122
10176;122
10178;122
10180;122
10182;122
10184;122
10186;122
10188;122
10190;122
10192;122
10194;122
10196;122
10198;122
10200;122
10202;122
10204;122
10206;122
10208;122
10210;122
10212;122
10214;122
10216;122
10218;122
10220;122
10222;122
10224;122
10226;122
10228;122
10230;122
10232;122
10234;122
10236;122
10238;122
10240;122
10242;122
10244;122
10246;122
10248;122
10250;122
10252;122
10254;122
10256;122
10258;122
10260;122
10262;122
10264;122
10266;122
10268;122
10270;122
10272;122
10274;122
10276;122
10278;122
10280;122
10282;122
10284;122
10286;122
10288;122
10290;122
10292;122
10294;122
10296;122
10298;122
10300;122
10302;122
10304;122
10306;122
10308;122
10310;122
10312;122
10314;122
10316;122
10318;122
10320;122
10322;122
10324;122
10326;122
10328;122
10330;122
10332;122
10334;122
10336;122
10338;122
10340;122
10342;122
10344;122
10346;122
10348;122
10350;122
10352;122
10354;122
10356;122
10358;122
10360;122
10362;122
10364;122
10366;122
10368;122
10370;122
10372;122
10374;122
10376;122
10378;122
10380;122
10382;122
10384;122
10386;122
10388;122
10390;122
10392;122
10394;122
10396;122
10398;122
10400;122
10402;122
10404;122
10406;122
10408;122
10410;122
10412;122
10414;122
10416;122
10418;122
10420;122
10422;122
10424;122
10426;122
10428;122
10430;122
10432;122
10434;122
10436;122
10438;122
10440;122
10442;122
10444;122
10446;122
10448;122
10450;122
10452;122
10454;122
10456;122
10458;122
10460;122
10462;122
10464;122
10466;122
10468;122
10470;122
10472;122
10474;122
10476;122
10478;122
10480;122
10482;122
10484;122
10486;122
10488;122
10490;122
10492;122
10494;122
10496;122
10498;122
10500;122
10502;122
10504;122
10506;122
10508;122
10510;122
10512;122
10514;122
10516;122
10518;122
10520;122
10522;122
10524;122
10526;122
10528;122
10530;122
10532;122
10534;122
10536;122
10538;122
10540;122
10542;122
10544;122
10546;122
10548;122
10550;122
10552;122
10554;122
10556;122
10558;122
10560;122
10562;122
10564;122
10566;122
10568;122
10570;122
10572;122
10574;122
10576;122
10578;122
10580;122
10582;122
10584;122
10586;122
10588;122
10590;122
10592;122
10594;122
10596;122
10598;122
10600;122
10602;122
10604;122
10606;122
10608;122
10610;122
10612;122
10614;122
10616;122
10618;122
10620;122
10622;122
10624;122
10626;122
10628;122
10630;122
10632;122
10634;122
10636;122
10638;122
10640;122
10642;122
10644;122
10646;122
10648;122
10650;122
10652;122
10654;122
10656;122
10658;122
10660;122
10662;122
10664;122
10666;122
10668;122
10670;122
10672;122
10674;122
10676;122
10678;122
10680;122
10682;122
10684;122
10686;122
10688;122
10690;122
10692;122
10694;122
10696;122
10698;122
10700;122
10702;122
10704;122
10706;122
10708;122
10710;122
10712;122
10714;122
10716;122
10718;122
10720;122
10722;122
10724;122
10726;122
10728;122
10730;122
10732;122
10734;122
10736;122
10738;122
10740;122
10742;122
10744;122
10746;122
10748;122
10750;122
10752;122
10754;122
10756;122
10758;122
10760;122
10762;122
10764;122
10766;122
10768;122
10770;122
10772;122
10774;122
10776;122
10778;122
10780;122
10782;122
10784;122
10786;122
10788;122
10790;122
10792;122
10794;122
10796;122
10798;122
10800;33
10802;33
10804;33
10806;33
10808;33
10810;33
10812;33
10814;33
10816;33
10818;33
10820;33
10822;33
10824;33
10826;33
10828;33
10830;33
10832;33
10834;33
10836;33
10838;33
10840;33
10842;33
10844;33
10846;33
10848;33
10850;33
10852;33
10854;33
10856;33
10858;33
10860;33
10862;33
10864;33
10866;33
10868;33
10870;33
10872;33
10874;33
10876;33
10878;33
10880;33
10882;33
10884;33
10886;33
10888;33
10890;33
10892;33
10894;33
10896;33
10898;33
10900;33
10902;33
10904;33
10906;33
10908;33
10910;33
10912;33
10914;33
10916;33
10918;33
10920;33
10922;33
10924;33
10926;33
10928;33
10930;33
10932;33
10934;33
10936;33
10938;33
10940;33
10942;33
10944;33
10946;33
10948;33
10950;33
10952;33
10954;33
10956;33
10958;33
10960;33
10962;33
10964;33
10966;33
10968;33
10970;33
10972;33
10974;33
10976;33
10978;33
10980;33
10982;33
10984;33
10986;33
10988;33
10990;33
10992;33
10994;33
10996;33
10998;33
11000;33
11002;33
11004;33
11006;33
11008;33
11010;33
11012;33
11014;33
11016;33
11018;33
11020;33
11022;33
11024;33
11026;33
11028;33
11030;33
11032;33
11034;33
11036;33
11038;33
11040;33
11042;33
11044;33
11046;33
11048;33
11050;33
11052;33
11054;33
11056;33
11058;33
11060;33
11062;33
11064;33
11066;33
11068;33
11070;33
11072;33
11074;33
11076;33
11078;33
11080;33
11082;33
11084;33
11086;33
11088;33
11090;33
11092;33
11094;33
11096;33
11098;33
11100;33
11102;33
11104;33
11106;33
11108;33
11110;33
11112;33
11114;33
11116;33
11118;33
11120;33
11122;33
11124;33
11126;33
11128;33
11130;33
11132;33
11134;33
11136;33
11138;33
11140;33
11142;33
11144;33
11146;33
11148;33
11150;33
11152;33
11154;33
11156;33
11158;33
11160;33
11162;33
11164;33
11166;33
11168;33
11170;33
11172;33
11174;33
11176;33
11178;33
11180;33
11182;33
11184;33
11186;33
11188;33
11190;33
11192;33
11194;33
11196;33
11198;33
11200;33
11202;33
11204;33
11206;33
11208;33
11210;33
11212;33
11214;33
11216;33
11218;33
11220;33
11222;33
11224;33
11226;33
11228;33
11230;33
11232;33
11234;33
11236;33
11238;33
11240;33
11242;33
11244;33
11246;33
11248;33
11250;33
11252;33
11254;33
11256;33
11258;33
11260;33
11262;33
11264;33
11266;33
11268;33
11270;33
11272;33
11274;33
11276;33
11278;33
11280;33
11282;33
11284;33
11286;33
11288;33
11290;33
11292;33
11294;33
11296;33
11298;33
11300;33
11302;33
11304;33
11306;33
11308;33
11310;33
11312;33
11314;33
11316;33
11318;33
11320;33
11322;33
11324;33
11326;33
11328;33
11330;33
11332;33
11334;33
11336;33
11338;33
11340;33
11342;33
11344;33
11346;33
11348;33
11350;33
11352;33
11354;33
11356;33
11358;33
11360;33
11362;33
11364;33
11366;33
11368;33
11370;33
11372;33
11374;33
11376;33
11378;33
11380;33
11382;33
11384;33
11386;33
11388;33
11390;33
11392;33
11394;33
11396;33
11398;33
11400;33
11402;33
11404;33
11406;33
11408;33
11410;33
11412;33
11414;33
11416;33
11418;33
11420;33
11422;33
11424;33
11426;33
11428;33
11430;33
11432;33
11434;33
11436;33
11438;33
11440;33
11442;33
11444;33
11446;33
11448;33
11450;33
11452;33
11454;33
11456;33
11458;33
11460;33
11462;33
11464;33
11466;33
11468;33
11470;33
11472;33
11474;33
11476;33
11478;33
11480;33
11482;33
11484;33
11486;33
11488;33
11490;33
11492;33
11494;33
11496;33
11498;33
11500;33
11502;33
11504;33
11506;33
11508;33
11510;33
11512;33
11514;33
11516;33
11518;33
11520;33
11522;33
11524;33
11526;33
11528;33
11530;33
11532;33
11534;33
11536;33
11538;33
11540;33
11542;33
11544;33
11546;33
11548;33
11550;33
11552;33
11554;33
11556;33
11558;33
11560;33
11562;33
11564;33
11566;33
11568;33
11570;33
11572;33
11574;33
11576;33
11578;33
11580;33
11582;33
11584;33
11586;33
11588;33
11590;33
11592;33
11594;33
11596;33
11598;33
11600;33
11602;33
11604;33
11606;33
11608;33
11610;33
11612;33
11614;33
11616;33
11618;33
11620;33
11622;33
11624;33
11626;33
11628;33
11630;33
11632;33
11634;33
11636;33
11638;33
11640;33
11642;33
11644;33
11646;33
11648;33
11650;33
11652;33
11654;33
11656;33
11658;33
11660;33
11662;33
11664;33
11666;33
11668;33
11670;33
11672;33
11674;33
11676;33
11678;33
11680;33
11682;33
11684;33
11686;33
11688;33
11690;33
11692;33
11694;33
11696;33
11698;33
11700;33
11702;33
11704;33
11706;33
11708;33
11710;33
11712;33
11714;33
11716;33
11718;33
11720;33
11722;33
11724;33
11726;33
11728;33
11730;33
11732;33
11734;33
11736;33
11738;33
11740;33
11742;33
11744;33
11746;33
11748;33
11750;33
11752;33
11754;33
11756;33
11758;33
11760;33
11762;33
11764;33
11766;33
11768;33
11770;33
11772;33
11774;33
11776;33
11778;33
11780;33
11782;33
11784;33
11786;33
11788;33
11790;33
11792;33
11794;33
11796;33
11798;33
11800;33
11802;33
11804;33
11806;33
11808;33
11810;33
11812;33
11814;33
11816;33
11818;33
11820;33
11822;33
11824;33
11826;33
11828;33
11830;33
11832;33
11834;33
11836;33
11838;33
11840;33
11842;33
11844;33
11846;33
11848;33
11850;33
11852;33
11854;33
11856;33
11858;33
11860;33
11862;33
11864;33
11866;33
11868;33
11870;33
11872;33
11874;33
11876;33
11878;33
11880;33
11882;33
11884;33
11886;33
11888;33
11890;33
11892;33
11894;33
11896;33
11898;33
11900;33
11902;33
11904;33
11906;33
11908;33
11910;33
11912;33
11914;33
11916;33
11918;33
11920;33
11922;33
11924;33
11926;33
11928;33
11930;33
11932;33
11934;33
11936;33
11938;33
11940;33
11942;33
11944;33
11946;33
11948;33
11950;33
11952;33
11954;33
11956;33
11958;33
11960;33
11962;33
11964;33
11966;33
11968;33
11970;33
11972;33
11974;33
11976;33
11978;33
11980;33
11982;33
11984;33
11986;33
11988;33
11990;33
11992;33
11994;33
11996;33
11998;33
12000;33
12002;33
12004;33
12006;33
12008;33
12010;33
12012;33
12014;33
12016;33
12018;33
12020;33
12022;33
12024;33
12026;33
12028;33
12030;33
12032;33
12034;33
12036;33
12038;33
12040;33
12042;33
12044;33
12046;33
12048;33
12050;33
12052;33
12054;33
12056;33
12058;33
12060;33
12062;33
12064;33
12066;33
12068;33
12070;33
12072;33
12074;33
12076;33
12078;33
12080;33
12082;33
12084;33
12086;33
12088;33
12090;33
12092;33
12094;33
12096;33
12098;33
12100;33
12102;33
12104;33
12106;33
12108;33
12110;33
12112;33
12114;33
12116;33
12118;33
12120;33
12122;33
12124;33
12126;33
12128;33
12130;33
12132;33
12134;33
12136;33
12138;33
12140;33
12142;33
12144;33
12146;33
12148;33
12150;33
12152;33
12154;33
12156;33
12158;33
12160;33
12162;33
12164;33
12166;33
12168;33
12170;33
12172;33
12174;33
12176;33
12178;33
12180;33
12182;33
12184;33
12186;33
12188;33
12190;33
12192;33
12194;33
12196;33
12198;33
12200;33
12202;33
12204;33
12206;33
12208;33
12210;33
12212;33
12214;33
12216;33
12218;33
12220;33
12222;33
12224;33
12226;33
12228;33
12230;33
12232;33
12234;33
12236;33
12238;33
12240;33
12242;33
12244;33
12246;33
12248;33
12250;33
12252;33
12254;33
12256;33
12258;33
12260;33
12262;33
12264;33
12266;33
12268;33
12270;33
12272;33
12274;33
12276;33
12278;33
12280;33
12282;33
12284;33
12286;33
12288;33
12290;33
12292;33
12294;33
12296;33
12298;33
12300;33
12302;33
12304;33
12306;33
12308;33
12310;33
12312;33
12314;33
12316;33
12318;33
12320;33
12322;33
12324;33
12326;33
12328;33
12330;33
12332;33
12334;33
12336;33
12338;33
12340;33
12342;33
12344;33
12346;33
12348;33
12350;33
12352;33
12354;33
12356;33
12358;33
12360;33
12362;33
12364;33
12366;33
12368;33
12370;33
12372;33
12374;33
12376;33
12378;33
12380;33
12382;33
12384;33
12386;33
12388;33
12390;33
12392;33
12394;33
12396;33
12398;33
12400;33
12402;33
12404;33
12406;33
12408;33
12410;33
12412;33
12414;33
12416;33
12418;33
12420;33
12422;33
12424;33
12426;33
12428;33
12430;33
12432;33
12434;33
12436;33
12438;33
12440;33
12442;33
12444;33
12446;33
12448;33
12450;33
12452;33
12454;33
12456;33
12458;33
12460;33
12462;33
12464;33
12466;33
12468;33
12470;33
12472;33
12474;33
12476;33
12478;33
12480;33
12482;33
12484;33
12486;33
12488;33
12490;33
12492;33
12494;33
12496;33
12498;33
12500;33
12502;33
12504;33
12506;33
12508;33
12510;33
12512;33
12514;33
12516;33
12518;33
12520;33
12522;33
12524;33
12526;33
12528;33
12530;33
12532;33
12534;33
12536;33
12538;33
12540;33
12542;33
12544;33
12546;33
12548;33
12550;33
12552;33
12554;33
12556;33
12558;33
12560;33
12562;33
12564;33
12566;33
12568;33
12570;33
12572;33
12574;33
12576;33
12578;33
12580;33
12582;33
12584;33
12586;33
12588;33
12590;33
12592;33
12594;33
12596;33
12598;33
12600;34
12602;34
12604;34
12606;34
12608;34
12610;34
12612;34
12614;34
12616;34
12618;34
12620;34
12622;34
12624;34
12626;34
12628;34
12630;34
12632;34
12634;34
12636;34
12638;34
12640;34
12642;34
12644;34
12646;34
12648;34
12650;34
12652;34
12654;34
12656;34
12658;34
12660;34
12662;34
12664;34
12666;34
12668;34
12670;34
12672;34
12674;34
12676;34
12678;34
12680;34
12682;34
12684;34
12686;34
12688;34
12690;34
12692;34
12694;34
12696;34
12698;34
12700;34
12702;34
12704;34
12706;34
12708;34
12710;34
12712;34
12714;34
12716;34
12718;34
12720;34
12722;34
12724;34
12726;34
12728;34
12730;34
12732;34
12734;34
12736;34
12738;34
12740;34
12742;34
12744;34
12746;34
12748;34
12750;34
12752;34
12754;34
12756;34
12758;34
12760;34
12762;34
12764;34
12766;34
12768;34
12770;34
12772;34
12774;34
12776;34
12778;34
12780;34
12782;34
12784;34
12786;34
12788;34
12790;34
12792;34
12794;34
12796;34
12798;34
12800;34
12802;34
12804;34
12806;34
12808;34
12810;34
12812;34
12814;34
12816;34
12818;34
12820;34
12822;34
12824;34
12826;34
12828;34
12830;34
12832;34
12834;34
12836;34
12838;34
12840;34
12842;34
12844;34
12846;34
12848;34
12850;34
12852;34
12854;34
12856;34
12858;34
12860;34
12862;34
12864;34
12866;34
12868;34
12870;34
12872;34
12874;34
12876;34
12878;34
12880;34
12882;34
12884;34
12886;34
12888;34
12890;34
12892;34
12894;34
12896;34
12898;34
12900;34
12902;34
12904;34
12906;34
12908;34
12910;34
12912;34
12914;34
12916;34
12918;34
12920;34
12922;34
12924;34
12926;34
12928;34
12930;34
12932;34
12934;34
12936;34
12938;34
12940;34
12942;34
12944;34
12946;34
12948;34
12950;34
12952;34
12954;34
12956;34
12958;34
12960;34
12962;34
12964;34
12966;34
12968;34
12970;34
12972;34
12974;34
12976;34
12978;34
12980;34
12982;34
12984;34
12986;34
12988;34
12990;34
12992;34
12994;34
12996;34
12998;34
13000;34
13002;34
13004;34
13006;34
13008;34
13010;34
13012;34
13014;34
13016;34
13018;34
13020;34
13022;34
13024;34
13026;34
13028;34
13030;34
13032;34
13034;34
13036;34
13038;34
13040;34
13042;34
13044;34
13046;34
13048;34
13050;34
13052;34
13054;34
13056;34
13058;34
13060;34
13062;34
13064;34
13066;34
13068;34
13070;34
13072;34
13074;34
13076;34
13078;34
13080;34
13082;34
13084;34
13086;34
13088;34
13090;34
13092;34
13094;34
13096;34
13098;34
13100;34
13102;34
13104;34
13106;34
13108;34
13110;34
13112;34
13114;34
13116;34
13118;34
13120;34
13122;34
13124;34
13126;34
13128;34
13130;34
13132;34
13134;34
13136;34
13138;34
13140;34
13142;34
13144;34
13146;34
13148;34
13150;34
13152;34
13154;34
13156;34
13158;34
13160;34
13162;34
13164;34
13166;34
13168;34
13170;34
13172;34
13174;34
13176;34
13178;34
13180;34
13182;34
13184;34
13186;34
13188;34
13190;34
13192;34
13194;34
13196;34
13198;34
13200;34
13202;34
13204;34
13206;34
13208;34
13210;34
13212;34
13214;34
13216;34
13218;34
13220;34
13222;34
13224;34
13226;34
13228;34
13230;34
13232;34
13234;34
13236;34
13238;34
13240;34
13242;34
13244;34
13246;34
13248;34
13250;34
13252;34
13254;34
13256;34
13258;34
13260;34
13262;34
13264;34
13266;34
13268;34
13270;34
13272;34
13274;34
13276;34
13278;34
13280;34
13282;34
13284;34
13286;34
13288;34
13290;34
13292;34
13294;34
13296;34
13298;34
13300;34
13302;34
13304;34
13306;34
13308;34
13310;34
13312;34
13314;34
13316;34
13318;34
13320;34
13322;34
13324;34
13326;34
13328;34
13330;34
13332;34
13334;34
13336;34
13338;34
13340;34
13342;34
13344;34
13346;34
13348;34
13350;34
13352;34
13354;34
13356;34
13358;34
13360;34
13362;34
13364;34
13366;34
13368;34
13370;34
13372;34
13374;34
13376;34
13378;34
13380;34
13382;34
13384;34
13386;34
13388;34
13390;34
13392;34
13394;34
13396;34
13398;34
13400;34
13402;34
13404;34
13406;34
13408;34
13410;34
13412;34
13414;34
13416;34
13418;34
13420;34
13422;34
13424;34
13426;34
13428;34
13430;34
13432;34
13434;34
13436;34
13438;34
13440;34
13442;34
13444;34
13446;34
13448;34
13450;34
13452;34
13454;34
13456;34
13458;34
13460;34
13462;34
13464;34
13466;34
13468;34
13470;34
13472;34
13474;34
13476;34
13478;34
13480;34
13482;34
13484;34
13486;34
13488;34
13490;34
13492;34
13494;34
13496;34
13498;34
13500;122
13502;122
13504;122
13506;122
13508;122
13510;122
13512;122
13514;122
13516;122
13518;122
13520;122
13522;122
13524;122
13526;122
13528;122
13530;122
13532;122
13534;122
13536;122
13538;122
13540;122
13542;122
13544;122
13546;122
13548;122
13550;122
13552;122
13554;122
13556;122
13558;122
13560;122
13562;122
13564;122
13566;122
13568;122
13570;122
13572;122
13574;122
13576;122
13578;122
13580;122
13582;122
13584;122
13586;122
13588;122
13590;122
13592;122
13594;122
13596;122
13598;122
13600;122
13602;122
13604;122
13606;122
13608;122
13610;122
13612;122
13614;122
13616;122
13618;122
13620;122
13622;122
13624;122
13626;122
13628;122
13630;122
13632;122
13634;122
13636;122
13638;122
13640;122
13642;122
13644;122
13646;122
13648;122
13650;122
13652;122
13654;122
13656;122
13658;122
13660;122
13662;122
13664;122
13666;122
13668;122
13670;122
13672;122
13674;122
13676;122
13678;122
13680;122
13682;122
13684;122
13686;122
13688;122
13690;122
13692;122
13694;122
13696;122
13698;122
13700;122
13702;122
13704;122
13706;122
13708;122
13710;122
13712;122
13714;122
13716;122
13718;122
13720;122
13722;122
13724;122
13726;122
13728;122
13730;122
13732;122
13734;122
13736;122
13738;122
13740;122
13742;122
13744;122
13746;122
13748;122
13750;122
13752;122
13754;122
13756;122
13758;122
13760;122
13762;122
13764;122
13766;122
13768;122
13770;122
13772;122
13774;122
13776;122
13778;122
13780;122
13782;122
13784;122
13786;122
13788;122
13790;122
13792;122
13794;122
13796;122
13798;122
13800;122
13802;122
13804;122
13806;122
13808;122
13810;122
13812;122
13814;122
13816;122
13818;122
13820;122
13822;122
13824;122
13826;122
13828;122
13830;122
13832;122
13834;122
13836;122
13838;122
13840;122
13842;122
13844;122
13846;122
13848;122
13850;122
13852;122
13854;122
13856;122
13858;122
13860;122
13862;122
13864;122
13866;122
13868;122
13870;122
13872;122
13874;122
13876;122
13878;122
13880;122
13882;122
13884;122
13886;122
13888;122
13890;122
13892;122
13894;122
13896;122
13898;122
13900;122
13902;122
13904;122
13906;122
13908;122
13910;122
13912;122
13914;122
13916;122
13918;122
13920;122
13922;122
13924;122
13926;122
13928;122
13930;122
13932;122
13934;122
13936;122
13938;122
13940;122
13942;122
13944;122
13946;122
13948;122
13950;122
13952;122
13954;122
13956;122
13958;122
13960;122
13962;122
13964;122
13966;122
13968;122
13970;122
13972;122
13974;122
13976;122
13978;122
13980;122
13982;122
13984;122
13986;122
13988;122
13990;122
13992;122
13994;122
13996;122
13998;122
14000;122
14002;122
14004;122
14006;122
14008;122
14010;122
14012;122
14014;122
14016;122
14018;122
14020;122
14022;122
14024;122
14026;122
14028;122
14030;122
14032;122
14034;122
14036;122
14038;122
14040;122
14042;122
14044;122
14046;122
14048;122
14050;122
14052;122
14054;122
14056;122
14058;122
14060;122
14062;122
14064;122
14066;122
14068;122
14070;122
14072;122
14074;122
14076;122
14078;122
14080;122
14082;122
14084;122
14086;122
14088;122
14090;122
14092;122
14094;122
14096;122
14098;122
14100;122
14102;122
14104;122
14106;122
14108;122
14110;122
14112;122
14114;122
14116;122
14118;122
14120;122
14122;122
14124;122
14126;122
14128;122
14130;122
14132;122
14134;122
14136;122
14138;122
14140;122
14142;122
14144;122
14146;122
14148;122
14150;122
14152;122
14154;122
14156;122
14158;122
14160;122
14162;122
14164;122
14166;122
14168;122
14170;122
14172;122
14174;122
14176;122
14178;122
14180;122
14182;122
14184;122
14186;122
14188;122
14190;122
14192;122
14194;122
14196;122
14198;122
14200;122
14202;122
14204;122
14206;122
14208;122
14210;122
14212;122
14214;122
14216;122
14218;122
14220;122
14222;122
14224;122
14226;122
14228;122
14230;122
14232;122
14234;122
14236;122
14238;122
14240;122
14242;122
14244;122
14246;122
14248;122
14250;122
14252;122
14254;122
14256;122
14258;122
14260;122
14262;122
14264;122
14266;122
14268;122
14270;122
14272;122
14274;122
14276;122
14278;122
14280;122
14282;122
14284;122
14286;122
14288;122
14290;122
14292;122
14294;122
14296;122
14298;122
14300;122
14302;122
14304;122
14306;122
14308;122
14310;122
14312;122
14314;122
14316;122
14318;122
14320;122
14322;122
14324;122
14326;122
14328;122
14330;122
14332;122
14334;122
14336;122
14338;122
14340;122
14342;122
14344;122
14346;122
14348;122
14350;122
14352;122
14354;122
14356;122
14358;122
14360;122
14362;122
14364;122
14366;122
14368;122
14370;122
14372;122
14374;122
14376;122
14378;122
14380;122
14382;122
14384;122
14386;122
14388;122
14390;122
14392;122
14394;122
14396;122
14398;122
14400;124
14402;124
14404;124
14406;124
14408;124
14410;124
14412;124
14414;124
14416;124
14418;124
14420;124
14422;124
14424;124
14426;124
14428;124
14430;124
14432;124
14434;124
14436;124
14438;124
14440;124
14442;124
14444;124
14446;124
14448;124
14450;124
14452;124
14454;124
14456;124
14458;124
14460;124
14462;124
14464;124
14466;124
14468;124
14470;124
14472;124
14474;124
14476;124
14478;124
14480;124
14482;124
14484;124
14486;124
14488;124
14490;124
14492;124
14494;124
14496;124
14498;124
14500;124
14502;124
14504;124
14506;124
14508;124
14510;124
14512;124
14514;124
14516;124
14518;124
14520;124
14522;124
14524;124
14526;124
14528;124
14530;124
14532;124
14534;124
14536;124
14538;124
14540;124
14542;124
14544;124
14546;124
14548;124
14550;124
14552;124
14554;124
14556;124
14558;124
14560;124
14562;124
14564;124
14566;124
14568;124
14570;124
14572;124
14574;124
14576;124
14578;124
14580;124
14582;124
14584;124
14586;124
14588;124
14590;124
14592;124
14594;124
14596;124
14598;124
14600;124
14602;124
14604;124
14606;124
14608;124
14610;124
14612;124
14614;124
14616;124
14618;124
14620;124
14622;124
14624;124
14626;124
14628;124
14630;124
14632;124
14634;124
14636;124
14638;124
14640;124
14642;124
14644;124
14646;124
14648;124
14650;124
14652;124
14654;124
14656;124
14658;124
14660;124
14662;124
14664;124
14666;124
14668;124
14670;124
14672;124
14674;124
14676;124
14678;124
14680;124
14682;124
14684;124
14686;124
14688;124
14690;124
14692;124
14694;124
14696;124
14698;124
14700;124
14702;124
14704;124
14706;124
14708;124
14710;124
14712;124
14714;124
14716;124
14718;124
14720;124
14722;124
14724;124
14726;124
14728;124
14730;124
14732;124
14734;124
14736;124
14738;124
14740;124
14742;124
14744;124
14746;124
14748;124
14750;124
14752;124
14754;124
14756;124
14758;124
14760;124
14762;124
14764;124
14766;124
14768;124
14770;124
14772;124
14774;124
14776;124
14778;124
14780;124
14782;124
14784;124
14786;124
14788;124
14790;124
14792;124
14794;124
14796;124
14798;124
14800;124
14802;124
14804;124
14806;124
14808;124
14810;124
14812;124
14814;124
14816;124
14818;124
14820;124
14822;124
14824;124
14826;124
14828;124
14830;124
14832;124
14834;124
14836;124
14838;124
14840;124
14842;124
14844;124
14846;124
14848;124
14850;124
14852;124
14854;124
14856;124
14858;124
14860;124
14862;124
14864;124
14866;124
14868;124
14870;124
14872;124
14874;124
14876;124
14878;124
14880;124
14882;124
14884;124
14886;124
14888;124
14890;124
14892;124
14894;124
14896;124
14898;124
14900;124
14902;124
14904;124
14906;124
14908;124
14910;124
14912;124
14914;124
14916;124
14918;124
14920;124
14922;124
14924;124
14926;124
14928;124
14930;124
14932;124
14934;124
14936;124
14938;124
14940;124
14942;124
14944;124
14946;124
14948;124
14950;124
14952;124
14954;124
14956;124
14958;124
14960;124
14962;124
14964;124
14966;124
14968;124
14970;124
14972;124
14974;124
14976;124
14978;124
14980;124
14982;124
14984;124
14986;124
14988;124
14990;124
14992;124
14994;124
14996;124
14998;124
15000;124
15002;124
15004;124
15006;124
15008;124
15010;124
15012;124
15014;124
15016;124
15018;124
15020;124
15022;124
15024;124
15026;124
15028;124
15030;124
15032;124
15034;124
15036;124
15038;124
15040;124
15042;124
15044;124
15046;124
15048;124
15050;124
15052;124
15054;124
15056;124
15058;124
15060;124
15062;124
15064;124
15066;124
15068;124
15070;124
15072;124
15074;124
15076;124
15078;124
15080;124
15082;124
15084;124
15086;124
15088;124
15090;124
15092;124
15094;124
15096;124
15098;124
15100;124
15102;124
15104;124
15106;124
15108;124
15110;124
15112;124
15114;124
15116;124
15118;124
15120;124
15122;124
15124;124
15126;124
15128;124
15130;124
15132;124
15134;124
15136;124
15138;124
15140;124
15142;124
15144;124
15146;124
15148;124
15150;124
15152;124
15154;124
15156;124
15158;124
15160;124
15162;124
15164;124
15166;124
15168;124
15170;124
15172;124
15174;124
15176;124
15178;124
15180;124
15182;124
15184;124
15186;124
15188;124
15190;124
15192;124
15194;124
15196;124
15198;124
15200;124
15202;124
15204;124
15206;124
15208;124
15210;124
15212;124
15214;124
15216;124
15218;124
15220;124
15222;124
15224;124
15226;124
15228;124
15230;124
15232;124
15234;124
15236;124
15238;124
15240;124
15242;124
15244;124
15246;124
15248;124
15250;124
15252;124
15254;124
15256;124
15258;124
15260;124
15262;124
15264;124
15266;124
15268;124
15270;124
15272;124
15274;124
15276;124
15278;124
15280;124
15282;124
15284;124
15286;124
15288;124
15290;124
15292;124
15294;124
15296;124
15298;124
15300;34
15302;34
15304;34
15306;34
15308;34
15310;34
15312;34
15314;34
15316;34
15318;34
15320;34
15322;34
15324;34
15326;34
15328;34
15330;34
15332;34
15334;34
15336;34
15338;34
15340;34
15342;34
15344;34
15346;34
15348;34
15350;34
15352;34
15354;34
15356;34
15358;34
15360;34
15362;34
15364;34
15366;34
15368;34
15370;34
15372;34
15374;34
15376;34
15378;34
15380;34
15382;34
15384;34
15386;34
15388;34
15390;34
15392;34
15394;34
15396;34
15398;34
15400;34
15402;34
15404;34
15406;34
15408;34
15410;34
15412;34
15414;34
15416;34
15418;34
15420;34
15422;34
15424;34
15426;34
15428;34
15430;34
15432;34
15434;34
15436;34
15438;34
15440;34
15442;34
15444;34
15446;34
15448;34
15450;34
15452;34
15454;34
15456;34
15458;34
15460;34
15462;34
15464;34
15466;34
15468;34
15470;34
15472;34
15474;34
15476;34
15478;34
15480;34
15482;34
15484;34
15486;34
15488;34
15490;34
15492;34
15494;34
15496;34
15498;34
15500;34
15502;34
15504;34
15506;34
15508;34
15510;34
15512;34
15514;34
15516;34
15518;34
15520;34
15522;34
15524;34
15526;34
15528;34
15530;34
15532;34
15534;34
15536;34
15538;34
15540;34
15542;34
15544;34
15546;34
15548;34
15550;34
15552;34
15554;34
15556;34
15558;34
15560;34
15562;34
15564;34
15566;34
15568;34
15570;34
15572;34
15574;34
15576;34
15578;34
15580;34
15582;34
15584;34
15586;34
15588;34
15590;34
15592;34
15594;34
15596;34
15598;34
15600;34
15602;34
15604;34
15606;34
15608;34
15610;34
15612;34
15614;34
15616;34
15618;34
15620;34
15622;34
15624;34
15626;34
15628;34
15630;34
15632;34
15634;34
15636;34
15638;34
15640;34
15642;34
15644;34
15646;34
15648;34
15650;34
15652;34
15654;34
15656;34
15658;34
15660;34
15662;34
15664;34
15666;34
15668;34
15670;34
15672;34
15674;34
15676;34
15678;34
15680;34
15682;34
15684;34
15686;34
15688;34
15690;34
15692;34
15694;34
15696;34
15698;34
15700;34
15702;34
15704;34
15706;34
15708;34
15710;34
15712;34
15714;34
15716;34
15718;34
15720;34
15722;34
15724;34
15726;34
15728;34
15730;34
15732;34
15734;34
15736;34
15738;34
15740;34
15742;34
15744;34
15746;34
15748;34
15750;34
15752;34
15754;34
15756;34
15758;34
15760;34
15762;34
15764;34
15766;34
15768;34
15770;34
15772;34
15774;34
15776;34
15778;34
15780;34
15782;34
15784;34
15786;34
15788;34
15790;34
15792;34
15794;34
15796;34
15798;34
15800;34
15802;34
15804;34
15806;34
15808;34
15810;34
15812;34
15814;34
15816;34
15818;34
15820;34
15822;34
15824;34
15826;34
15828;34
15830;34
15832;34
15834;34
15836;34
15838;34
15840;34
15842;34
15844;34
15846;34
15848;34
15850;34
15852;34
15854;34
15856;34
15858;34
15860;34
15862;34
15864;34
15866;34
15868;34
15870;34
15872;34
15874;34
15876;34
15878;34
15880;34
15882;34
15884;34
15886;34
15888;34
15890;34
15892;34
15894;34
15896;34
15898;34
15900;34
15902;34
15904;34
15906;34
15908;34
15910;34
15912;34
15914;34
15916;34
15918;34
15920;34
15922;34
15924;34
15926;34
15928;34
15930;34
15932;34
15934;34
15936;34
15938;34
15940;34
15942;34
15944;34
15946;34
15948;34
15950;34
15952;34
15954;34
15956;34
15958;34
15960;34
15962;34
15964;34
15966;34
15968;34
15970;34
15972;34
15974;34
15976;34
15978;34
15980;34
15982;34
15984;34
15986;34
15988;34
15990;34
15992;34
15994;34
15996;34
15998;34
16000;34
16002;34
16004;34
16006;34
16008;34
16010;34
16012;34
16014;34
16016;34
16018;34
16020;34
16022;34
16024;34
16026;34
16028;34
16030;34
16032;34
16034;34
16036;34
16038;34
16040;34
16042;34
16044;34
16046;34
16048;34
16050;34
16052;34
16054;34
16056;34
16058;34
16060;34
16062;34
16064;34
16066;34
16068;34
16070;34
16072;34
16074;34
16076;34
16078;34
16080;34
16082;34
16084;34
16086;34
16088;34
16090;34
16092;34
16094;34
16096;34
16098;34
16100;34
16102;34
16104;34
16106;34
16108;34
16110;34
16112;34
16114;34
16116;34
16118;34
16120;34
16122;34
16124;34
16126;34
16128;34
16130;34
16132;34
16134;34
16136;34
16138;34
16140;34
16142;34
16144;34
16146;34
16148;34
16150;34
16152;34
16154;34
16156;34
16158;34
16160;34
16162;34
16164;34
16166;34
16168;34
16170;34
16172;34
16174;34
16176;34
16178;34
16180;34
16182;34
16184;34
16186;34
16188;34
16190;34
16192;34
16194;34
16196;34
16198;34
16200;35
16202;35
16204;35
16206;35
16208;35
16210;35
16212;35
16214;35
16216;35
16218;35
16220;35
16222;35
16224;35
16226;35
16228;35
16230;35
16232;35
16234;35
16236;35
16238;35
16240;35
16242;35
16244;35
16246;35
16248;35
16250;35
16252;35
16254;35
16256;35
16258;35
16260;35
16262;35
16264;35
16266;35
16268;35
16270;35
16272;35
16274;35
16276;35
16278;35
16280;35
16282;35
16284;35
16286;35
16288;35
16290;35
16292;35
16294;35
16296;35
16298;35
16300;35
16302;35
16304;35
16306;35
16308;35
16310;35
16312;35
16314;35
16316;35
16318;35
16320;35
16322;35
16324;35
16326;35
16328;35
16330;35
16332;35
16334;35
16336;35
16338;35
16340;35
16342;35
16344;35
16346;35
16348;35
16350;35
16352;35
16354;35
16356;35
16358;35
16360;35
16362;35
16364;35
16366;35
16368;35
16370;35
16372;35
16374;35
16376;35
16378;35
16380;35
16382;35
16384;35
16386;35
16388;35
16390;35
16392;35
16394;35
16396;35
16398;35
16400;35
16402;35
16404;35
16406;35
16408;35
16410;35
16412;35
16414;35
16416;35
16418;35
16420;35
16422;35
16424;35
16426;35
16428;35
16430;35
16432;35
16434;35
16436;35
16438;35
16440;35
16442;35
16444;35
16446;35
16448;35
16450;35
16452;35
16454;35
16456;35
16458;35
16460;35
16462;35
16464;35
16466;35
16468;35
16470;35
16472;35
16474;35
16476;35
16478;35
16480;35
16482;35
16484;35
16486;35
16488;35
16490;35
16492;35
16494;35
16496;35
16498;35
16500;35
16502;35
16504;35
16506;35
16508;35
16510;35
16512;35
16514;35
16516;35
16518;35
16520;35
16522;35
16524;35
16526;35
16528;35
16530;35
16532;35
16534;35
16536;35
16538;35
16540;35
16542;35
16544;35
16546;35
16548;35
16550;35
16552;35
16554;35
16556;35
16558;35
16560;35
16562;35
16564;35
16566;35
16568;35
16570;35
16572;35
16574;35
16576;35
16578;35
16580;35
16582;35
16584;35
16586;35
16588;35
16590;35
16592;35
16594;35
16596;35
16598;35
16600;35
16602;35
16604;35
16606;35
16608;35
16610;35
16612;35
16614;35
16616;35
16618;35
16620;35
16622;35
16624;35
16626;35
16628;35
16630;35
16632;35
16634;35
16636;35
16638;35
16640;35
16642;35
16644;35
16646;35
16648;35
16650;35
16652;35
16654;35
16656;35
16658;35
16660;35
16662;35
16664;35
16666;35
16668;35
16670;35
16672;35
16674;35
16676;35
16678;35
16680;35
16682;35
16684;35
16686;35
16688;35
16690;35
16692;35
16694;35
16696;35
16698;35
16700;35
16702;35
16704;35
16706;35
16708;35
16710;35
16712;35
16714;35
16716;35
16718;35
16720;35
16722;35
16724;35
16726;35
16728;35
16730;35
16732;35
16734;35
16736;35
16738;35
16740;35
16742;35
16744;35
16746;35
16748;35
16750;35
16752;35
16754;35
16756;35
16758;35
16760;35
16762;35
16764;35
16766;35
16768;35
16770;35
16772;35
16774;35
16776;35
16778;35
16780;35
16782;35
16784;35
16786;35
16788;35
16790;35
16792;35
16794;35
16796;35
16798;35
16800;35
16802;35
16804;35
16806;35
16808;35
16810;35
16812;35
16814;35
16816;35
16818;35
16820;35
16822;35
16824;35
16826;35
16828;35
16830;35
16832;35
16834;35
16836;35
16838;35
16840;35
16842;35
16844;35
16846;35
16848;35
16850;35
16852;35
16854;35
16856;35
16858;35
16860;35
16862;35
16864;35
16866;35
16868;35
16870;35
16872;35
16874;35
16876;35
16878;35
16880;35
16882;35
16884;35
16886;35
16888;35
16890;35
16892;35
16894;35
16896;35
16898;35
16900;35
16902;35
16904;35
16906;35
16908;35
16910;35
16912;35
16914;35
16916;35
16918;35
16920;35
16922;35
16924;35
16926;35
16928;35
16930;35
16932;35
16934;35
16936;35
16938;35
16940;35
16942;35
16944;35
16946;35
16948;35
16950;35
16952;35
16954;35
16956;35
16958;35
16960;35
16962;35
16964;35
16966;35
16968;35
16970;35
16972;35
16974;35
16976;35
16978;35
16980;35
16982;35
16984;35
16986;35
16988;35
16990;35
16992;35
16994;35
16996;35
16998;35
17000;35
17002;35
17004;35
17006;35
17008;35
17010;35
17012;35
17014;35
17016;35
17018;35
17020;35
17022;35
17024;35
17026;35
17028;35
17030;35
17032;35
17034;35
17036;35
17038;35
17040;35
17042;35
17044;35
17046;35
17048;35
17050;35
17052;35
17054;35
17056;35
17058;35
17060;35
17062;35
17064;35
17066;35
17068;35
17070;35
17072;35
17074;35
17076;35
17078;35
17080;35
17082;35
17084;35
17086;35
17088;35
17090;35
17092;35
17094;35
17096;35
17098;35
17100;33
17102;33
17104;33
17106;33
17108;33
17110;33
17112;33
17114;33
17116;33
17118;33
17120;33
17122;33
17124;33
17126;33
17128;33
17130;33
17132;33
17134;33
17136;33
17138;33
17140;33
17142;33
17144;33
17146;33
17148;33
17150;33
17152;33
17154;33
17156;33
17158;33
17160;33
17162;33
17164;33
17166;33
17168;33
17170;33
17172;33
17174;33
17176;33
17178;33
17180;33
17182;33
17184;33
17186;33
17188;33
17190;33
17192;33
17194;33
17196;33
17198;33
17200;33
17202;33
17204;33
17206;33
17208;33
17210;33
17212;33
17214;33
17216;33
17218;33
17220;33
17222;33
17224;33
17226;33
17228;33
17230;33
17232;33
17234;33
17236;33
17238;33
17240;33
17242;33
17244;33
17246;33
17248;33
17250;33
17252;33
17254;33
17256;33
17258;33
17260;33
17262;33
17264;33
17266;33
17268;33
17270;33
17272;33
17274;33
17276;33
17278;33
17280;33
17282;33
17284;33
17286;33
17288;33
17290;33
17292;33
17294;33
17296;33
17298;33
17300;33
17302;33
17304;33
17306;33
17308;33
17310;33
17312;33
17314;33
17316;33
17318;33
17320;33
17322;33
17324;33
17326;33
17328;33
17330;33
17332;33
17334;33
17336;33
17338;33
17340;33
17342;33
17344;33
17346;33
17348;33
17350;33
17352;33
17354;33
17356;33
17358;33
17360;33
17362;33
17364;33
17366;33
17368;33
17370;33
17372;33
17374;33
17376;33
17378;33
17380;33
17382;33
17384;33
17386;33
17388;33
17390;33
17392;33
17394;33
17396;33
17398;33
17400;33
17402;33
17404;33
17406;33
17408;33
17410;33
17412;33
17414;33
17416;33
17418;33
17420;33
17422;33
17424;33
17426;33
17428;33
17430;33
17432;33
17434;33
17436;33
17438;33
17440;33
17442;33
17444;33
17446;33
17448;33
17450;33
17452;33
17454;33
17456;33
17458;33
17460;33
17462;33
17464;33
17466;33
17468;33
17470;33
17472;33
17474;33
17476;33
17478;33
17480;33
17482;33
17484;33
17486;33
17488;33
17490;33
17492;33
17494;33
17496;33
17498;33
17500;33
17502;33
17504;33
17506;33
17508;33
17510;33
17512;33
17514;33
17516;33
17518;33
17520;33
17522;33
17524;33
17526;33
17528;33
17530;33
17532;33
17534;33
17536;33
17538;33
17540;33
17542;33
17544;33
17546;33
17548;33
17550;33
17552;33
17554;33
17556;33
17558;33
17560;33
17562;33
17564;33
17566;33
17568;33
17570;33
17572;33
17574;33
17576;33
17578;33
17580;33
17582;33
17584;33
17586;33
17588;33
17590;33
17592;33
17594;33
17596;33
17598;33
17600;33
17602;33
17604;33
17606;33
17608;33
17610;33
17612;33
17614;33
17616;33
17618;33
17620;33
17622;33
17624;33
17626;33
17628;33
17630;33
17632;33
17634;33
17636;33
17638;33
17640;33
17642;33
17644;33
17646;33
17648;33
17650;33
17652;33
17654;33
17656;33
17658;33
17660;33
17662;33
17664;33
17666;33
17668;33
17670;33
17672;33
17674;33
17676;33
17678;33
17680;33
17682;33
17684;33
17686;33
17688;33
17690;33
17692;33
17694;33
17696;33
17698;33
17700;33
17702;33
17704;33
17706;33
17708;33
17710;33
17712;33
17714;33
17716;33
17718;33
17720;33
17722;33
17724;33
17726;33
17728;33
17730;33
17732;33
17734;33
17736;33
17738;33
17740;33
17742;33
17744;33
17746;33
17748;33
17750;33
17752;33
17754;33
17756;33
17758;33
17760;33
17762;33
17764;33
17766;33
17768;33
17770;33
17772;33
17774;33
17776;33
17778;33
17780;33
17782;33
17784;33
17786;33
17788;33
17790;33
17792;33
17794;33
17796;33
17798;33
17800;33
17802;33
17804;33
17806;33
17808;33
17810;33
17812;33
17814;33
17816;33
17818;33
17820;33
17822;33
17824;33
17826;33
17828;33
17830;33
17832;33
17834;33
17836;33
17838;33
17840;33
17842;33
17844;33
17846;33
17848;33
17850;33
17852;33
17854;33
17856;33
17858;33
17860;33
17862;33
17864;33
17866;33
17868;33
17870;33
17872;33
17874;33
17876;33
17878;33
17880;33
17882;33
17884;33
17886;33
17888;33
17890;33
17892;33
17894;33
17896;33
17898;33
17900;33
17902;33
17904;33
17906;33
17908;33
17910;33
17912;33
17914;33
17916;33
17918;33
17920;33
17922;33
17924;33
17926;33
17928;33
17930;33
17932;33
17934;33
17936;33
17938;33
17940;33
17942;33
17944;33
17946;33
17948;33
17950;33
17952;33
17954;33
17956;33
17958;33
17960;33
17962;33
17964;33
17966;33
17968;33
17970;33
17972;33
17974;33
17976;33
17978;33
17980;33
17982;33
17984;33
17986;33
17988;33
17990;33
17992;33
17994;33
17996;33
