#	X	Y
0;204
2;204
4;204
6;204
8;204
10;204
12;204
14;204
16;204
18;204
20;204
22;204
24;204
26;204
28;204
30;204
32;204
34;204
36;204
38;204
40;204
42;204
44;204
46;204
48;204
50;204
52;204
54;204
56;204
58;204
60;204
62;204
64;204
66;204
68;204
70;204
72;204
74;204
76;204
78;204
80;204
82;204
84;204
86;204
88;204
90;204
92;204
94;204
96;204
98;204
100;204
102;204
104;204
106;204
108;204
110;204
112;204
114;204
116;204
118;204
120;204
122;204
124;204
126;204
128;204
130;204
132;204
134;204
136;204
138;204
140;204
142;204
144;204
146;204
148;204
150;204
152;204
154;204
156;204
158;204
160;204
162;204
164;204
166;204
168;204
170;204
172;204
174;204
176;204
178;204
180;204
182;204
184;204
186;204
188;204
190;204
192;204
194;204
196;204
198;204
200;204
202;204
204;204
206;204
208;204
210;204
212;204
214;204
216;204
218;204
220;204
222;204
224;204
226;204
228;204
230;204
232;204
234;204
236;204
238;204
240;204
242;204
244;204
246;204
248;204
250;204
252;204
254;204
256;204
258;204
260;204
262;204
264;204
266;204
268;204
270;204
272;204
274;204
276;204
278;204
280;204
282;204
284;204
286;204
288;204
290;204
292;204
294;204
296;204
298;204
300;204
302;204
304;204
306;204
308;204
310;204
312;204
314;204
316;204
318;204
320;204
322;204
324;204
326;204
328;204
330;204
332;204
334;204
336;204
338;204
340;204
342;204
344;204
346;204
348;204
350;204
352;204
354;204
356;204
358;204
360;204
362;204
364;204
366;204
368;204
370;204
372;204
374;204
376;204
378;204
380;204
382;204
384;204
386;204
388;204
390;204
392;204
394;204
396;204
398;204
400;204
402;204
404;204
406;204
408;204
410;204
412;204
414;204
416;204
418;204
420;204
422;204
424;204
426;204
428;204
430;204
432;204
434;204
436;204
438;204
440;204
442;204
444;204
446;204
448;204
450;204
452;204
454;204
456;204
458;204
460;204
462;204
464;204
466;204
468;204
470;204
472;204
474;204
476;204
478;204
480;204
482;204
484;204
486;204
488;204
490;204
492;204
494;204
496;204
498;204
500;204
502;204
504;204
506;204
508;204
510;204
512;204
514;204
516;204
518;204
520;204
522;204
524;204
526;204
528;204
530;204
532;204
534;204
536;204
538;204
540;204
542;204
544;204
546;204
548;204
550;204
552;204
554;204
556;204
558;204
560;204
562;204
564;204
566;204
568;204
570;204
572;204
574;204
576;204
578;204
580;204
582;204
584;204
586;204
588;204
590;204
592;204
594;204
596;204
598;204
600;204
602;204
604;204
606;204
608;204
610;204
612;204
614;204
616;204
618;204
620;204
622;204
624;204
626;204
628;204
630;204
632;204
634;204
636;204
638;204
640;204
642;204
644;204
646;204
648;204
650;204
652;204
654;204
656;204
658;204
660;204
662;204
664;204
666;204
668;204
670;204
672;204
674;204
676;204
678;204
680;204
682;204
684;204
686;204
688;204
690;204
692;204
694;204
696;204
698;204
700;204
702;204
704;204
706;204
708;204
710;204
712;204
714;204
716;204
718;204
720;204
722;204
724;204
726;204
728;204
730;204
732;204
734;204
736;204
738;204
740;204
742;204
744;204
746;204
748;204
750;204
752;204
754;204
756;204
758;204
760;204
762;204
764;204
766;204
768;204
770;204
772;204
774;204
776;204
778;204
780;204
782;204
784;204
786;204
788;204
790;204
792;204
794;204
796;204
798;204
800;204
802;204
804;204
806;204
808;204
810;204
812;204
814;204
816;204
818;204
820;204
822;204
824;204
826;204
828;204
830;204
832;204
834;204
836;204
838;204
840;204
842;204
844;204
846;204
848;204
850;204
852;204
854;204
856;204
858;204
860;204
862;204
864;204
866;204
868;204
870;204
872;204
874;204
876;204
878;204
880;204
882;204
884;204
886;204
888;204
890;204
892;204
894;204
896;204
898;204
900;140
902;140
904;140
906;140
908;140
910;140
912;140
914;140
916;140
918;140
920;140
922;140
924;140
926;140
928;140
930;140
932;140
934;140
936;140
938;140
940;140
942;140
944;140
946;140
948;140
950;140
952;140
954;140
956;140
958;140
960;140
962;140
964;140
966;140
968;140
970;140
972;140
974;140
976;140
978;140
980;140
982;140
984;140
986;140
988;140
990;140
992;140
994;140
996;140
998;140
1000;140
1002;140
1004;140
1006;140
1008;140
1010;140
1012;140
1014;140
1016;140
1018;140
1020;140
1022;140
1024;140
1026;140
1028;140
1030;140
1032;140
1034;140
1036;140
1038;140
1040;140
1042;140
1044;140
1046;140
1048;140
1050;140
1052;140
1054;140
1056;140
1058;140
1060;140
1062;140
1064;140
1066;140
1068;140
1070;140
1072;140
1074;140
1076;140
1078;140
1080;140
1082;140
1084;140
1086;140
1088;140
1090;140
1092;140
1094;140
1096;140
1098;140
1100;140
1102;140
1104;140
1106;140
1108;140
1110;140
1112;140
1114;140
1116;140
1118;140
1120;140
1122;140
1124;140
1126;140
1128;140
1130;140
1132;140
1134;140
1136;140
1138;140
1140;140
1142;140
1144;140
1146;140
1148;140
1150;140
1152;140
1154;140
1156;140
1158;140
1160;140
1162;140
1164;140
1166;140
1168;140
1170;140
1172;140
1174;140
1176;140
1178;140
1180;140
1182;140
1184;140
1186;140
1188;140
1190;140
1192;140
1194;140
1196;140
1198;140
1200;140
1202;140
1204;140
1206;140
1208;140
1210;140
1212;140
1214;140
1216;140
1218;140
1220;140
1222;140
1224;140
1226;140
1228;140
1230;140
1232;140
1234;140
1236;140
1238;140
1240;140
1242;140
1244;140
1246;140
1248;140
1250;140
1252;140
1254;140
1256;140
1258;140
1260;140
1262;140
1264;140
1266;140
1268;140
1270;140
1272;140
1274;140
1276;140
1278;140
1280;140
1282;140
1284;140
1286;140
1288;140
1290;140
1292;140
1294;140
1296;140
1298;140
1300;140
1302;140
1304;140
1306;140
1308;140
1310;140
1312;140
1314;140
1316;140
1318;140
1320;140
1322;140
1324;140
1326;140
1328;140
1330;140
1332;140
1334;140
1336;140
1338;140
1340;140
1342;140
1344;140
1346;140
1348;140
1350;140
1352;140
1354;140
1356;140
1358;140
1360;140
1362;140
1364;140
1366;140
1368;140
1370;140
1372;140
1374;140
1376;140
1378;140
1380;140
1382;140
1384;140
1386;140
1388;140
1390;140
1392;140
1394;140
1396;140
1398;140
1400;140
1402;140
1404;140
1406;140
1408;140
1410;140
1412;140
1414;140
1416;140
1418;140
1420;140
1422;140
1424;140
1426;140
1428;140
1430;140
1432;140
1434;140
1436;140
1438;140
1440;140
1442;140
1444;140
1446;140
1448;140
1450;140
1452;140
1454;140
1456;140
1458;140
1460;140
1462;140
1464;140
1466;140
1468;140
1470;140
1472;140
1474;140
1476;140
1478;140
1480;140
1482;140
1484;140
1486;140
1488;140
1490;140
1492;140
1494;140
1496;140
1498;140
1500;140
1502;140
1504;140
1506;140
1508;140
1510;140
1512;140
1514;140
1516;140
1518;140
1520;140
1522;140
1524;140
1526;140
1528;140
1530;140
1532;140
1534;140
1536;140
1538;140
1540;140
1542;140
1544;140
1546;140
1548;140
1550;140
1552;140
1554;140
1556;140
1558;140
1560;140
1562;140
1564;140
1566;140
1568;140
1570;140
1572;140
1574;140
1576;140
1578;140
1580;140
1582;140
1584;140
1586;140
1588;140
1590;140
1592;140
1594;140
1596;140
1598;140
1600;140
1602;140
1604;140
1606;140
1608;140
1610;140
1612;140
1614;140
1616;140
1618;140
1620;140
1622;140
1624;140
1626;140
1628;140
1630;140
1632;140
1634;140
1636;140
1638;140
1640;140
1642;140
1644;140
1646;140
1648;140
1650;140
1652;140
1654;140
1656;140
1658;140
1660;140
1662;140
1664;140
1666;140
1668;140
1670;140
1672;140
1674;140
1676;140
1678;140
1680;140
1682;140
1684;140
1686;140
1688;140
1690;140
1692;140
1694;140
1696;140
1698;140
1700;140
1702;140
1704;140
1706;140
1708;140
1710;140
1712;140
1714;140
1716;140
1718;140
1720;140
1722;140
1724;140
1726;140
1728;140
1730;140
1732;140
1734;140
1736;140
1738;140
1740;140
1742;140
1744;140
1746;140
1748;140
1750;140
1752;140
1754;140
1756;140
1758;140
1760;140
1762;140
1764;140
1766;140
1768;140
1770;140
1772;140
1774;140
1776;140
1778;140
1780;140
1782;140
1784;140
1786;140
1788;140
1790;140
1792;140
1794;140
1796;140
1798;140
1800;50
1802;50
1804;50
1806;50
1808;50
1810;50
1812;50
1814;50
1816;50
1818;50
1820;50
1822;50
1824;50
1826;50
1828;50
1830;50
1832;50
1834;50
1836;50
1838;50
1840;50
1842;50
1844;50
1846;50
1848;50
1850;50
1852;50
1854;50
1856;50
1858;50
1860;50
1862;50
1864;50
1866;50
1868;50
1870;50
1872;50
1874;50
1876;50
1878;50
1880;50
1882;50
1884;50
1886;50
1888;50
1890;50
1892;50
1894;50
1896;50
1898;50
1900;50
1902;50
1904;50
1906;50
1908;50
1910;50
1912;50
1914;50
1916;50
1918;50
1920;50
1922;50
1924;50
1926;50
1928;50
1930;50
1932;50
1934;50
1936;50
1938;50
1940;50
1942;50
1944;50
1946;50
1948;50
1950;50
1952;50
1954;50
1956;50
1958;50
1960;50
1962;50
1964;50
1966;50
1968;50
1970;50
1972;50
1974;50
1976;50
1978;50
1980;50
1982;50
1984;50
1986;50
1988;50
1990;50
1992;50
1994;50
1996;50
1998;50
2000;50
2002;50
2004;50
2006;50
2008;50
2010;50
2012;50
2014;50
2016;50
2018;50
2020;50
2022;50
2024;50
2026;50
2028;50
2030;50
2032;50
2034;50
2036;50
2038;50
2040;50
2042;50
2044;50
2046;50
2048;50
2050;50
2052;50
2054;50
2056;50
2058;50
2060;50
2062;50
2064;50
2066;50
2068;50
2070;50
2072;50
2074;50
2076;50
2078;50
2080;50
2082;50
2084;50
2086;50
2088;50
2090;50
2092;50
2094;50
2096;50
2098;50
2100;50
2102;50
2104;50
2106;50
2108;50
2110;50
2112;50
2114;50
2116;50
2118;50
2120;50
2122;50
2124;50
2126;50
2128;50
2130;50
2132;50
2134;50
2136;50
2138;50
2140;50
2142;50
2144;50
2146;50
2148;50
2150;50
2152;50
2154;50
2156;50
2158;50
2160;50
2162;50
2164;50
2166;50
2168;50
2170;50
2172;50
2174;50
2176;50
2178;50
2180;50
2182;50
2184;50
2186;50
2188;50
2190;50
2192;50
2194;50
2196;50
2198;50
2200;50
2202;50
2204;50
2206;50
2208;50
2210;50
2212;50
2214;50
2216;50
2218;50
2220;50
2222;50
2224;50
2226;50
2228;50
2230;50
2232;50
2234;50
2236;50
2238;50
2240;50
2242;50
2244;50
2246;50
2248;50
2250;50
2252;50
2254;50
2256;50
2258;50
2260;50
2262;50
2264;50
2266;50
2268;50
2270;50
2272;50
2274;50
2276;50
2278;50
2280;50
2282;50
2284;50
2286;50
2288;50
2290;50
2292;50
2294;50
2296;50
2298;50
2300;50
2302;50
2304;50
2306;50
2308;50
2310;50
2312;50
2314;50
2316;50
2318;50
2320;50
2322;50
2324;50
2326;50
2328;50
2330;50
2332;50
2334;50
2336;50
2338;50
2340;50
2342;50
2344;50
2346;50
2348;50
2350;50
2352;50
2354;50
2356;50
2358;50
2360;50
2362;50
2364;50
2366;50
2368;50
2370;50
2372;50
2374;50
2376;50
2378;50
2380;50
2382;50
2384;50
2386;50
2388;50
2390;50
2392;50
2394;50
2396;50
2398;50
2400;50
2402;50
2404;50
2406;50
2408;50
2410;50
2412;50
2414;50
2416;50
2418;50
2420;50
2422;50
2424;50
2426;50
2428;50
2430;50
2432;50
2434;50
2436;50
2438;50
2440;50
2442;50
2444;50
2446;50
2448;50
2450;50
2452;50
2454;50
2456;50
2458;50
2460;50
2462;50
2464;50
2466;50
2468;50
2470;50
2472;50
2474;50
2476;50
2478;50
2480;50
2482;50
2484;50
2486;50
2488;50
2490;50
2492;50
2494;50
2496;50
2498;50
2500;50
2502;50
2504;50
2506;50
2508;50
2510;50
2512;50
2514;50
2516;50
2518;50
2520;50
2522;50
2524;50
2526;50
2528;50
2530;50
2532;50
2534;50
2536;50
2538;50
2540;50
2542;50
2544;50
2546;50
2548;50
2550;50
2552;50
2554;50
2556;50
2558;50
2560;50
2562;50
2564;50
2566;50
2568;50
2570;50
2572;50
2574;50
2576;50
2578;50
2580;50
2582;50
2584;50
2586;50
2588;50
2590;50
2592;50
2594;50
2596;50
2598;50
2600;50
2602;50
2604;50
2606;50
2608;50
2610;50
2612;50
2614;50
2616;50
2618;50
2620;50
2622;50
2624;50
2626;50
2628;50
2630;50
2632;50
2634;50
2636;50
2638;50
2640;50
2642;50
2644;50
2646;50
2648;50
2650;50
2652;50
2654;50
2656;50
2658;50
2660;50
2662;50
2664;50
2666;50
2668;50
2670;50
2672;50
2674;50
2676;50
2678;50
2680;50
2682;50
2684;50
2686;50
2688;50
2690;50
2692;50
2694;50
2696;50
2698;50
2700;52
2702;52
2704;52
2706;52
2708;52
2710;52
2712;52
2714;52
2716;52
2718;52
2720;52
2722;52
2724;52
2726;52
2728;52
2730;52
2732;52
2734;52
2736;52
2738;52
2740;52
2742;52
2744;52
2746;52
2748;52
2750;52
2752;52
2754;52
2756;52
2758;52
2760;52
2762;52
2764;52
2766;52
2768;52
2770;52
2772;52
2774;52
2776;52
2778;52
2780;52
2782;52
2784;52
2786;52
2788;52
2790;52
2792;52
2794;52
2796;52
2798;52
2800;52
2802;52
2804;52
2806;52
2808;52
2810;52
2812;52
2814;52
2816;52
2818;52
2820;52
2822;52
2824;52
2826;52
2828;52
2830;52
2832;52
2834;52
2836;52
2838;52
2840;52
2842;52
2844;52
2846;52
2848;52
2850;52
2852;52
2854;52
2856;52
2858;52
2860;52
2862;52
2864;52
2866;52
2868;52
2870;52
2872;52
2874;52
2876;52
2878;52
2880;52
2882;52
2884;52
2886;52
2888;52
2890;52
2892;52
2894;52
2896;52
2898;52
2900;52
2902;52
2904;52
2906;52
2908;52
2910;52
2912;52
2914;52
2916;52
2918;52
2920;52
2922;52
2924;52
2926;52
2928;52
2930;52
2932;52
2934;52
2936;52
2938;52
2940;52
2942;52
2944;52
2946;52
2948;52
2950;52
2952;52
2954;52
2956;52
2958;52
2960;52
2962;52
2964;52
2966;52
2968;52
2970;52
2972;52
2974;52
2976;52
2978;52
2980;52
2982;52
2984;52
2986;52
2988;52
2990;52
2992;52
2994;52
2996;52
2998;52
3000;52
3002;52
3004;52
3006;52
3008;52
3010;52
3012;52
3014;52
3016;52
3018;52
3020;52
3022;52
3024;52
3026;52
3028;52
3030;52
3032;52
3034;52
3036;52
3038;52
3040;52
3042;52
3044;52
3046;52
3048;52
3050;52
3052;52
3054;52
3056;52
3058;52
3060;52
3062;52
3064;52
3066;52
3068;52
3070;52
3072;52
3074;52
3076;52
3078;52
3080;52
3082;52
3084;52
3086;52
3088;52
3090;52
3092;52
3094;52
3096;52
3098;52
3100;52
3102;52
3104;52
3106;52
3108;52
3110;52
3112;52
3114;52
3116;52
3118;52
3120;52
3122;52
3124;52
3126;52
3128;52
3130;52
3132;52
3134;52
3136;52
3138;52
3140;52
3142;52
3144;52
3146;52
3148;52
3150;52
3152;52
3154;52
3156;52
3158;52
3160;52
3162;52
3164;52
3166;52
3168;52
3170;52
3172;52
3174;52
3176;52
3178;52
3180;52
3182;52
3184;52
3186;52
3188;52
3190;52
3192;52
3194;52
3196;52
3198;52
3200;52
3202;52
3204;52
3206;52
3208;52
3210;52
3212;52
3214;52
3216;52
3218;52
3220;52
3222;52
3224;52
3226;52
3228;52
3230;52
3232;52
3234;52
3236;52
3238;52
3240;52
3242;52
3244;52
3246;52
3248;52
3250;52
3252;52
3254;52
3256;52
3258;52
3260;52
3262;52
3264;52
3266;52
3268;52
3270;52
3272;52
3274;52
3276;52
3278;52
3280;52
3282;52
3284;52
3286;52
3288;52
3290;52
3292;52
3294;52
3296;52
3298;52
3300;52
3302;52
3304;52
3306;52
3308;52
3310;52
3312;52
3314;52
3316;52
3318;52
3320;52
3322;52
3324;52
3326;52
3328;52
3330;52
3332;52
3334;52
3336;52
3338;52
3340;52
3342;52
3344;52
3346;52
3348;52
3350;52
3352;52
3354;52
3356;52
3358;52
3360;52
3362;52
3364;52
3366;52
3368;52
3370;52
3372;52
3374;52
3376;52
3378;52
3380;52
3382;52
3384;52
3386;52
3388;52
3390;52
3392;52
3394;52
3396;52
3398;52
3400;52
3402;52
3404;52
3406;52
3408;52
3410;52
3412;52
3414;52
3416;52
3418;52
3420;52
3422;52
3424;52
3426;52
3428;52
3430;52
3432;52
3434;52
3436;52
3438;52
3440;52
3442;52
3444;52
3446;52
3448;52
3450;52
3452;52
3454;52
3456;52
3458;52
3460;52
3462;52
3464;52
3466;52
3468;52
3470;52
3472;52
3474;52
3476;52
3478;52
3480;52
3482;52
3484;52
3486;52
3488;52
3490;52
3492;52
3494;52
3496;52
3498;52
3500;52
3502;52
3504;52
3506;52
3508;52
3510;52
3512;52
3514;52
3516;52
3518;52
3520;52
3522;52
3524;52
3526;52
3528;52
3530;52
3532;52
3534;52
3536;52
3538;52
3540;52
3542;52
3544;52
3546;52
3548;52
3550;52
3552;52
3554;52
3556;52
3558;52
3560;52
3562;52
3564;52
3566;52
3568;52
3570;52
3572;52
3574;52
3576;52
3578;52
3580;52
3582;52
3584;52
3586;52
3588;52
3590;52
3592;52
3594;52
3596;52
3598;52
3600;115
3602;115
3604;115
3606;115
3608;115
3610;115
3612;115
3614;115
3616;115
3618;115
3620;115
3622;115
3624;115
3626;115
3628;115
3630;115
3632;115
3634;115
3636;115
3638;115
3640;115
3642;115
3644;115
3646;115
3648;115
3650;115
3652;115
3654;115
3656;115
3658;115
3660;115
3662;115
3664;115
3666;115
3668;115
3670;115
3672;115
3674;115
3676;115
3678;115
3680;115
3682;115
3684;115
3686;115
3688;115
3690;115
3692;115
3694;115
3696;115
3698;115
3700;115
3702;115
3704;115
3706;115
3708;115
3710;115
3712;115
3714;115
3716;115
3718;115
3720;115
3722;115
3724;115
3726;115
3728;115
3730;115
3732;115
3734;115
3736;115
3738;115
3740;115
3742;115
3744;115
3746;115
3748;115
3750;115
3752;115
3754;115
3756;115
3758;115
3760;115
3762;115
3764;115
3766;115
3768;115
3770;115
3772;115
3774;115
3776;115
3778;115
3780;115
3782;115
3784;115
3786;115
3788;115
3790;115
3792;115
3794;115
3796;115
3798;115
3800;115
3802;115
3804;115
3806;115
3808;115
3810;115
3812;115
3814;115
3816;115
3818;115
3820;115
3822;115
3824;115
3826;115
3828;115
3830;115
3832;115
3834;115
3836;115
3838;115
3840;115
3842;115
3844;115
3846;115
3848;115
3850;115
3852;115
3854;115
3856;115
3858;115
3860;115
3862;115
3864;115
3866;115
3868;115
3870;115
3872;115
3874;115
3876;115
3878;115
3880;115
3882;115
3884;115
3886;115
3888;115
3890;115
3892;115
3894;115
3896;115
3898;115
3900;115
3902;115
3904;115
3906;115
3908;115
3910;115
3912;115
3914;115
3916;115
3918;115
3920;115
3922;115
3924;115
3926;115
3928;115
3930;115
3932;115
3934;115
3936;115
3938;115
3940;115
3942;115
3944;115
3946;115
3948;115
3950;115
3952;115
3954;115
3956;115
3958;115
3960;115
3962;115
3964;115
3966;115
3968;115
3970;115
3972;115
3974;115
3976;115
3978;115
3980;115
3982;115
3984;115
3986;115
3988;115
3990;115
3992;115
3994;115
3996;115
3998;115
4000;115
4002;115
4004;115
4006;115
4008;115
4010;115
4012;115
4014;115
4016;115
4018;115
4020;115
4022;115
4024;115
4026;115
4028;115
4030;115
4032;115
4034;115
4036;115
4038;115
4040;115
4042;115
4044;115
4046;115
4048;115
4050;115
4052;115
4054;115
4056;115
4058;115
4060;115
4062;115
4064;115
4066;115
4068;115
4070;115
4072;115
4074;115
4076;115
4078;115
4080;115
4082;115
4084;115
4086;115
4088;115
4090;115
4092;115
4094;115
4096;115
4098;115
4100;115
4102;115
4104;115
4106;115
4108;115
4110;115
4112;115
4114;115
4116;115
4118;115
4120;115
4122;115
4124;115
4126;115
4128;115
4130;115
4132;115
4134;115
4136;115
4138;115
4140;115
4142;115
4144;115
4146;115
4148;115
4150;115
4152;115
4154;115
4156;115
4158;115
4160;115
4162;115
4164;115
4166;115
4168;115
4170;115
4172;115
4174;115
4176;115
4178;115
4180;115
4182;115
4184;115
4186;115
4188;115
4190;115
4192;115
4194;115
4196;115
4198;115
4200;115
4202;115
4204;115
4206;115
4208;115
4210;115
4212;115
4214;115
4216;115
4218;115
4220;115
4222;115
4224;115
4226;115
4228;115
4230;115
4232;115
4234;115
4236;115
4238;115
4240;115
4242;115
4244;115
4246;115
4248;115
4250;115
4252;115
4254;115
4256;115
4258;115
4260;115
4262;115
4264;115
4266;115
4268;115
4270;115
4272;115
4274;115
4276;115
4278;115
4280;115
4282;115
4284;115
4286;115
4288;115
4290;115
4292;115
4294;115
4296;115
4298;115
4300;115
4302;115
4304;115
4306;115
4308;115
4310;115
4312;115
4314;115
4316;115
4318;115
4320;115
4322;115
4324;115
4326;115
4328;115
4330;115
4332;115
4334;115
4336;115
4338;115
4340;115
4342;115
4344;115
4346;115
4348;115
4350;115
4352;115
4354;115
4356;115
4358;115
4360;115
4362;115
4364;115
4366;115
4368;115
4370;115
4372;115
4374;115
4376;115
4378;115
4380;115
4382;115
4384;115
4386;115
4388;115
4390;115
4392;115
4394;115
4396;115
4398;115
4400;115
4402;115
4404;115
4406;115
4408;115
4410;115
4412;115
4414;115
4416;115
4418;115
4420;115
4422;115
4424;115
4426;115
4428;115
4430;115
4432;115
4434;115
4436;115
4438;115
4440;115
4442;115
4444;115
4446;115
4448;115
4450;115
4452;115
4454;115
4456;115
4458;115
4460;115
4462;115
4464;115
4466;115
4468;115
4470;115
4472;115
4474;115
4476;115
4478;115
4480;115
4482;115
4484;115
4486;115
4488;115
4490;115
4492;115
4494;115
4496;115
4498;115
4500;115
4502;115
4504;115
4506;115
4508;115
4510;115
4512;115
4514;115
4516;115
4518;115
4520;115
4522;115
4524;115
4526;115
4528;115
4530;115
4532;115
4534;115
4536;115
4538;115
4540;115
4542;115
4544;115
4546;115
4548;115
4550;115
4552;115
4554;115
4556;115
4558;115
4560;115
4562;115
4564;115
4566;115
4568;115
4570;115
4572;115
4574;115
4576;115
4578;115
4580;115
4582;115
4584;115
4586;115
4588;115
4590;115
4592;115
4594;115
4596;115
4598;115
4600;115
4602;115
4604;115
4606;115
4608;115
4610;115
4612;115
4614;115
4616;115
4618;115
4620;115
4622;115
4624;115
4626;115
4628;115
4630;115
4632;115
4634;115
4636;115
4638;115
4640;115
4642;115
4644;115
4646;115
4648;115
4650;115
4652;115
4654;115
4656;115
4658;115
4660;115
4662;115
4664;115
4666;115
4668;115
4670;115
4672;115
4674;115
4676;115
4678;115
4680;115
4682;115
4684;115
4686;115
4688;115
4690;115
4692;115
4694;115
4696;115
4698;115
4700;115
4702;115
4704;115
4706;115
4708;115
4710;115
4712;115
4714;115
4716;115
4718;115
4720;115
4722;115
4724;115
4726;115
4728;115
4730;115
4732;115
4734;115
4736;115
4738;115
4740;115
4742;115
4744;115
4746;115
4748;115
4750;115
4752;115
4754;115
4756;115
4758;115
4760;115
4762;115
4764;115
4766;115
4768;115
4770;115
4772;115
4774;115
4776;115
4778;115
4780;115
4782;115
4784;115
4786;115
4788;115
4790;115
4792;115
4794;115
4796;115
4798;115
4800;115
4802;115
4804;115
4806;115
4808;115
4810;115
4812;115
4814;115
4816;115
4818;115
4820;115
4822;115
4824;115
4826;115
4828;115
4830;115
4832;115
4834;115
4836;115
4838;115
4840;115
4842;115
4844;115
4846;115
4848;115
4850;115
4852;115
4854;115
4856;115
4858;115
4860;115
4862;115
4864;115
4866;115
4868;115
4870;115
4872;115
4874;115
4876;115
4878;115
4880;115
4882;115
4884;115
4886;115
4888;115
4890;115
4892;115
4894;115
4896;115
4898;115
4900;115
4902;115
4904;115
4906;115
4908;115
4910;115
4912;115
4914;115
4916;115
4918;115
4920;115
4922;115
4924;115
4926;115
4928;115
4930;115
4932;115
4934;115
4936;115
4938;115
4940;115
4942;115
4944;115
4946;115
4948;115
4950;115
4952;115
4954;115
4956;115
4958;115
4960;115
4962;115
4964;115
4966;115
4968;115
4970;115
4972;115
4974;115
4976;115
4978;115
4980;115
4982;115
4984;115
4986;115
4988;115
4990;115
4992;115
4994;115
4996;115
4998;115
5000;115
5002;115
5004;115
5006;115
5008;115
5010;115
5012;115
5014;115
5016;115
5018;115
5020;115
5022;115
5024;115
5026;115
5028;115
5030;115
5032;115
5034;115
5036;115
5038;115
5040;115
5042;115
5044;115
5046;115
5048;115
5050;115
5052;115
5054;115
5056;115
5058;115
5060;115
5062;115
5064;115
5066;115
5068;115
5070;115
5072;115
5074;115
5076;115
5078;115
5080;115
5082;115
5084;115
5086;115
5088;115
5090;115
5092;115
5094;115
5096;115
5098;115
5100;115
5102;115
5104;115
5106;115
5108;115
5110;115
5112;115
5114;115
5116;115
5118;115
5120;115
5122;115
5124;115
5126;115
5128;115
5130;115
5132;115
5134;115
5136;115
5138;115
5140;115
5142;115
5144;115
5146;115
5148;115
5150;115
5152;115
5154;115
5156;115
5158;115
5160;115
5162;115
5164;115
5166;115
5168;115
5170;115
5172;115
5174;115
5176;115
5178;115
5180;115
5182;115
5184;115
5186;115
5188;115
5190;115
5192;115
5194;115
5196;115
5198;115
5200;115
5202;115
5204;115
5206;115
5208;115
5210;115
5212;115
5214;115
5216;115
5218;115
5220;115
5222;115
5224;115
5226;115
5228;115
5230;115
5232;115
5234;115
5236;115
5238;115
5240;115
5242;115
5244;115
5246;115
5248;115
5250;115
5252;115
5254;115
5256;115
5258;115
5260;115
5262;115
5264;115
5266;115
5268;115
5270;115
5272;115
5274;115
5276;115
5278;115
5280;115
5282;115
5284;115
5286;115
5288;115
5290;115
5292;115
5294;115
5296;115
5298;115
5300;115
5302;115
5304;115
5306;115
5308;115
5310;115
5312;115
5314;115
5316;115
5318;115
5320;115
5322;115
5324;115
5326;115
5328;115
5330;115
5332;115
5334;115
5336;115
5338;115
5340;115
5342;115
5344;115
5346;115
5348;115
5350;115
5352;115
5354;115
5356;115
5358;115
5360;115
5362;115
5364;115
5366;115
5368;115
5370;115
5372;115
5374;115
5376;115
5378;115
5380;115
5382;115
5384;115
5386;115
5388;115
5390;115
5392;115
5394;115
5396;115
5398;115
5400;140
5402;140
5404;140
5406;140
5408;140
5410;140
5412;140
5414;140
5416;140
5418;140
5420;140
5422;140
5424;140
5426;140
5428;140
5430;140
5432;140
5434;140
5436;140
5438;140
5440;140
5442;140
5444;140
5446;140
5448;140
5450;140
5452;140
5454;140
5456;140
5458;140
5460;140
5462;140
5464;140
5466;140
5468;140
5470;140
5472;140
5474;140
5476;140
5478;140
5480;140
5482;140
5484;140
5486;140
5488;140
5490;140
5492;140
5494;140
5496;140
5498;140
5500;140
5502;140
5504;140
5506;140
5508;140
5510;140
5512;140
5514;140
5516;140
5518;140
5520;140
5522;140
5524;140
5526;140
5528;140
5530;140
5532;140
5534;140
5536;140
5538;140
5540;140
5542;140
5544;140
5546;140
5548;140
5550;140
5552;140
5554;140
5556;140
5558;140
5560;140
5562;140
5564;140
5566;140
5568;140
5570;140
5572;140
5574;140
5576;140
5578;140
5580;140
5582;140
5584;140
5586;140
5588;140
5590;140
5592;140
5594;140
5596;140
5598;140
5600;140
5602;140
5604;140
5606;140
5608;140
5610;140
5612;140
5614;140
5616;140
5618;140
5620;140
5622;140
5624;140
5626;140
5628;140
5630;140
5632;140
5634;140
5636;140
5638;140
5640;140
5642;140
5644;140
5646;140
5648;140
5650;140
5652;140
5654;140
5656;140
5658;140
5660;140
5662;140
5664;140
5666;140
5668;140
5670;140
5672;140
5674;140
5676;140
5678;140
5680;140
5682;140
5684;140
5686;140
5688;140
5690;140
5692;140
5694;140
5696;140
5698;140
5700;140
5702;140
5704;140
5706;140
5708;140
5710;140
5712;140
5714;140
5716;140
5718;140
5720;140
5722;140
5724;140
5726;140
5728;140
5730;140
5732;140
5734;140
5736;140
5738;140
5740;140
5742;140
5744;140
5746;140
5748;140
5750;140
5752;140
5754;140
5756;140
5758;140
5760;140
5762;140
5764;140
5766;140
5768;140
5770;140
5772;140
5774;140
5776;140
5778;140
5780;140
5782;140
5784;140
5786;140
5788;140
5790;140
5792;140
5794;140
5796;140
5798;140
5800;140
5802;140
5804;140
5806;140
5808;140
5810;140
5812;140
5814;140
5816;140
5818;140
5820;140
5822;140
5824;140
5826;140
5828;140
5830;140
5832;140
5834;140
5836;140
5838;140
5840;140
5842;140
5844;140
5846;140
5848;140
5850;140
5852;140
5854;140
5856;140
5858;140
5860;140
5862;140
5864;140
5866;140
5868;140
5870;140
5872;140
5874;140
5876;140
5878;140
5880;140
5882;140
5884;140
5886;140
5888;140
5890;140
5892;140
5894;140
5896;140
5898;140
5900;140
5902;140
5904;140
5906;140
5908;140
5910;140
5912;140
5914;140
5916;140
5918;140
5920;140
5922;140
5924;140
5926;140
5928;140
5930;140
5932;140
5934;140
5936;140
5938;140
5940;140
5942;140
5944;140
5946;140
5948;140
5950;140
5952;140
5954;140
5956;140
5958;140
5960;140
5962;140
5964;140
5966;140
5968;140
5970;140
5972;140
5974;140
5976;140
5978;140
5980;140
5982;140
5984;140
5986;140
5988;140
5990;140
5992;140
5994;140
5996;140
5998;140
6000;140
6002;140
6004;140
6006;140
6008;140
6010;140
6012;140
6014;140
6016;140
6018;140
6020;140
6022;140
6024;140
6026;140
6028;140
6030;140
6032;140
6034;140
6036;140
6038;140
6040;140
6042;140
6044;140
6046;140
6048;140
6050;140
6052;140
6054;140
6056;140
6058;140
6060;140
6062;140
6064;140
6066;140
6068;140
6070;140
6072;140
6074;140
6076;140
6078;140
6080;140
6082;140
6084;140
6086;140
6088;140
6090;140
6092;140
6094;140
6096;140
6098;140
6100;140
6102;140
6104;140
6106;140
6108;140
6110;140
6112;140
6114;140
6116;140
6118;140
6120;140
6122;140
6124;140
6126;140
6128;140
6130;140
6132;140
6134;140
6136;140
6138;140
6140;140
6142;140
6144;140
6146;140
6148;140
6150;140
6152;140
6154;140
6156;140
6158;140
6160;140
6162;140
6164;140
6166;140
6168;140
6170;140
6172;140
6174;140
6176;140
6178;140
6180;140
6182;140
6184;140
6186;140
6188;140
6190;140
6192;140
6194;140
6196;140
6198;140
6200;140
6202;140
6204;140
6206;140
6208;140
6210;140
6212;140
6214;140
6216;140
6218;140
6220;140
6222;140
6224;140
6226;140
6228;140
6230;140
6232;140
6234;140
6236;140
6238;140
6240;140
6242;140
6244;140
6246;140
6248;140
6250;140
6252;140
6254;140
6256;140
6258;140
6260;140
6262;140
6264;140
6266;140
6268;140
6270;140
6272;140
6274;140
6276;140
6278;140
6280;140
6282;140
6284;140
6286;140
6288;140
6290;140
6292;140
6294;140
6296;140
6298;140
6300;341
6302;341
6304;341
6306;341
6308;341
6310;341
6312;341
6314;341
6316;341
6318;341
6320;341
6322;341
6324;341
6326;341
6328;341
6330;341
6332;341
6334;341
6336;341
6338;341
6340;341
6342;341
6344;341
6346;341
6348;341
6350;341
6352;341
6354;341
6356;341
6358;341
6360;341
6362;341
6364;341
6366;341
6368;341
6370;341
6372;341
6374;341
6376;341
6378;341
6380;341
6382;341
6384;341
6386;341
6388;341
6390;341
6392;341
6394;341
6396;341
6398;341
6400;341
6402;341
6404;341
6406;341
6408;341
6410;341
6412;341
6414;341
6416;341
6418;341
6420;341
6422;341
6424;341
6426;341
6428;341
6430;341
6432;341
6434;341
6436;341
6438;341
6440;341
6442;341
6444;341
6446;341
6448;341
6450;341
6452;341
6454;341
6456;341
6458;341
6460;341
6462;341
6464;341
6466;341
6468;341
6470;341
6472;341
6474;341
6476;341
6478;341
6480;341
6482;341
6484;341
6486;341
6488;341
6490;341
6492;341
6494;341
6496;341
6498;341
6500;341
6502;341
6504;341
6506;341
6508;341
6510;341
6512;341
6514;341
6516;341
6518;341
6520;341
6522;341
6524;341
6526;341
6528;341
6530;341
6532;341
6534;341
6536;341
6538;341
6540;341
6542;341
6544;341
6546;341
6548;341
6550;341
6552;341
6554;341
6556;341
6558;341
6560;341
6562;341
6564;341
6566;341
6568;341
6570;341
6572;341
6574;341
6576;341
6578;341
6580;341
6582;341
6584;341
6586;341
6588;341
6590;341
6592;341
6594;341
6596;341
6598;341
6600;341
6602;341
6604;341
6606;341
6608;341
6610;341
6612;341
6614;341
6616;341
6618;341
6620;341
6622;341
6624;341
6626;341
6628;341
6630;341
6632;341
6634;341
6636;341
6638;341
6640;341
6642;341
6644;341
6646;341
6648;341
6650;341
6652;341
6654;341
6656;341
6658;341
6660;341
6662;341
6664;341
6666;341
6668;341
6670;341
6672;341
6674;341
6676;341
6678;341
6680;341
6682;341
6684;341
6686;341
6688;341
6690;341
6692;341
6694;341
6696;341
6698;341
6700;341
6702;341
6704;341
6706;341
6708;341
6710;341
6712;341
6714;341
6716;341
6718;341
6720;341
6722;341
6724;341
6726;341
6728;341
6730;341
6732;341
6734;341
6736;341
6738;341
6740;341
6742;341
6744;341
6746;341
6748;341
6750;341
6752;341
6754;341
6756;341
6758;341
6760;341
6762;341
6764;341
6766;341
6768;341
6770;341
6772;341
6774;341
6776;341
6778;341
6780;341
6782;341
6784;341
6786;341
6788;341
6790;341
6792;341
6794;341
6796;341
6798;341
6800;341
6802;341
6804;341
6806;341
6808;341
6810;341
6812;341
6814;341
6816;341
6818;341
6820;341
6822;341
6824;341
6826;341
6828;341
6830;341
6832;341
6834;341
6836;341
6838;341
6840;341
6842;341
6844;341
6846;341
6848;341
6850;341
6852;341
6854;341
6856;341
6858;341
6860;341
6862;341
6864;341
6866;341
6868;341
6870;341
6872;341
6874;341
6876;341
6878;341
6880;341
6882;341
6884;341
6886;341
6888;341
6890;341
6892;341
6894;341
6896;341
6898;341
6900;341
6902;341
6904;341
6906;341
6908;341
6910;341
6912;341
6914;341
6916;341
6918;341
6920;341
6922;341
6924;341
6926;341
6928;341
6930;341
6932;341
6934;341
6936;341
6938;341
6940;341
6942;341
6944;341
6946;341
6948;341
6950;341
6952;341
6954;341
6956;341
6958;341
6960;341
6962;341
6964;341
6966;341
6968;341
6970;341
6972;341
6974;341
6976;341
6978;341
6980;341
6982;341
6984;341
6986;341
6988;341
6990;341
6992;341
6994;341
6996;341
6998;341
7000;341
7002;341
7004;341
7006;341
7008;341
7010;341
7012;341
7014;341
7016;341
7018;341
7020;341
7022;341
7024;341
7026;341
7028;341
7030;341
7032;341
7034;341
7036;341
7038;341
7040;341
7042;341
7044;341
7046;341
7048;341
7050;341
7052;341
7054;341
7056;341
7058;341
7060;341
7062;341
7064;341
7066;341
7068;341
7070;341
7072;341
7074;341
7076;341
7078;341
7080;341
7082;341
7084;341
7086;341
7088;341
7090;341
7092;341
7094;341
7096;341
7098;341
7100;341
7102;341
7104;341
7106;341
7108;341
7110;341
7112;341
7114;341
7116;341
7118;341
7120;341
7122;341
7124;341
7126;341
7128;341
7130;341
7132;341
7134;341
7136;341
7138;341
7140;341
7142;341
7144;341
7146;341
7148;341
7150;341
7152;341
7154;341
7156;341
7158;341
7160;341
7162;341
7164;341
7166;341
7168;341
7170;341
7172;341
7174;341
7176;341
7178;341
7180;341
7182;341
7184;341
7186;341
7188;341
7190;341
7192;341
7194;341
7196;341
7198;341
7200;331
7202;331
7204;331
7206;331
7208;331
7210;331
7212;331
7214;331
7216;331
7218;331
7220;331
7222;331
7224;331
7226;331
7228;331
7230;331
7232;331
7234;331
7236;331
7238;331
7240;331
7242;331
7244;331
7246;331
7248;331
7250;331
7252;331
7254;331
7256;331
7258;331
7260;331
7262;331
7264;331
7266;331
7268;331
7270;331
7272;331
7274;331
7276;331
7278;331
7280;331
7282;331
7284;331
7286;331
7288;331
7290;331
7292;331
7294;331
7296;331
7298;331
7300;331
7302;331
7304;331
7306;331
7308;331
7310;331
7312;331
7314;331
7316;331
7318;331
7320;331
7322;331
7324;331
7326;331
7328;331
7330;331
7332;331
7334;331
7336;331
7338;331
7340;331
7342;331
7344;331
7346;331
7348;331
7350;331
7352;331
7354;331
7356;331
7358;331
7360;331
7362;331
7364;331
7366;331
7368;331
7370;331
7372;331
7374;331
7376;331
7378;331
7380;331
7382;331
7384;331
7386;331
7388;331
7390;331
7392;331
7394;331
7396;331
7398;331
7400;331
7402;331
7404;331
7406;331
7408;331
7410;331
7412;331
7414;331
7416;331
7418;331
7420;331
7422;331
7424;331
7426;331
7428;331
7430;331
7432;331
7434;331
7436;331
7438;331
7440;331
7442;331
7444;331
7446;331
7448;331
7450;331
7452;331
7454;331
7456;331
7458;331
7460;331
7462;331
7464;331
7466;331
7468;331
7470;331
7472;331
7474;331
7476;331
7478;331
7480;331
7482;331
7484;331
7486;331
7488;331
7490;331
7492;331
7494;331
7496;331
7498;331
7500;331
7502;331
7504;331
7506;331
7508;331
7510;331
7512;331
7514;331
7516;331
7518;331
7520;331
7522;331
7524;331
7526;331
7528;331
7530;331
7532;331
7534;331
7536;331
7538;331
7540;331
7542;331
7544;331
7546;331
7548;331
7550;331
7552;331
7554;331
7556;331
7558;331
7560;331
7562;331
7564;331
7566;331
7568;331
7570;331
7572;331
7574;331
7576;331
7578;331
7580;331
7582;331
7584;331
7586;331
7588;331
7590;331
7592;331
7594;331
7596;331
7598;331
7600;331
7602;331
7604;331
7606;331
7608;331
7610;331
7612;331
7614;331
7616;331
7618;331
7620;331
7622;331
7624;331
7626;331
7628;331
7630;331
7632;331
7634;331
7636;331
7638;331
7640;331
7642;331
7644;331
7646;331
7648;331
7650;331
7652;331
7654;331
7656;331
7658;331
7660;331
7662;331
7664;331
7666;331
7668;331
7670;331
7672;331
7674;331
7676;331
7678;331
7680;331
7682;331
7684;331
7686;331
7688;331
7690;331
7692;331
7694;331
7696;331
7698;331
7700;331
7702;331
7704;331
7706;331
7708;331
7710;331
7712;331
7714;331
7716;331
7718;331
7720;331
7722;331
7724;331
7726;331
7728;331
7730;331
7732;331
7734;331
7736;331
7738;331
7740;331
7742;331
7744;331
7746;331
7748;331
7750;331
7752;331
7754;331
7756;331
7758;331
7760;331
7762;331
7764;331
7766;331
7768;331
7770;331
7772;331
7774;331
7776;331
7778;331
7780;331
7782;331
7784;331
7786;331
7788;331
7790;331
7792;331
7794;331
7796;331
7798;331
7800;331
7802;331
7804;331
7806;331
7808;331
7810;331
7812;331
7814;331
7816;331
7818;331
7820;331
7822;331
7824;331
7826;331
7828;331
7830;331
7832;331
7834;331
7836;331
7838;331
7840;331
7842;331
7844;331
7846;331
7848;331
7850;331
7852;331
7854;331
7856;331
7858;331
7860;331
7862;331
7864;331
7866;331
7868;331
7870;331
7872;331
7874;331
7876;331
7878;331
7880;331
7882;331
7884;331
7886;331
7888;331
7890;331
7892;331
7894;331
7896;331
7898;331
7900;331
7902;331
7904;331
7906;331
7908;331
7910;331
7912;331
7914;331
7916;331
7918;331
7920;331
7922;331
7924;331
7926;331
7928;331
7930;331
7932;331
7934;331
7936;331
7938;331
7940;331
7942;331
7944;331
7946;331
7948;331
7950;331
7952;331
7954;331
7956;331
7958;331
7960;331
7962;331
7964;331
7966;331
7968;331
7970;331
7972;331
7974;331
7976;331
7978;331
7980;331
7982;331
7984;331
7986;331
7988;331
7990;331
7992;331
7994;331
7996;331
7998;331
8000;331
8002;331
8004;331
8006;331
8008;331
8010;331
8012;331
8014;331
8016;331
8018;331
8020;331
8022;331
8024;331
8026;331
8028;331
8030;331
8032;331
8034;331
8036;331
8038;331
8040;331
8042;331
8044;331
8046;331
8048;331
8050;331
8052;331
8054;331
8056;331
8058;331
8060;331
8062;331
8064;331
8066;331
8068;331
8070;331
8072;331
8074;331
8076;331
8078;331
8080;331
8082;331
8084;331
8086;331
8088;331
8090;331
8092;331
8094;331
8096;331
8098;331
8100;114
8102;114
8104;114
8106;114
8108;114
8110;114
8112;114
8114;114
8116;114
8118;114
8120;114
8122;114
8124;114
8126;114
8128;114
8130;114
8132;114
8134;114
8136;114
8138;114
8140;114
8142;114
8144;114
8146;114
8148;114
8150;114
8152;114
8154;114
8156;114
8158;114
8160;114
8162;114
8164;114
8166;114
8168;114
8170;114
8172;114
8174;114
8176;114
8178;114
8180;114
8182;114
8184;114
8186;114
8188;114
8190;114
8192;114
8194;114
8196;114
8198;114
8200;114
8202;114
8204;114
8206;114
8208;114
8210;114
8212;114
8214;114
8216;114
8218;114
8220;114
8222;114
8224;114
8226;114
8228;114
8230;114
8232;114
8234;114
8236;114
8238;114
8240;114
8242;114
8244;114
8246;114
8248;114
8250;114
8252;114
8254;114
8256;114
8258;114
8260;114
8262;114
8264;114
8266;114
8268;114
8270;114
8272;114
8274;114
8276;114
8278;114
8280;114
8282;114
8284;114
8286;114
8288;114
8290;114
8292;114
8294;114
8296;114
8298;114
8300;114
8302;114
8304;114
8306;114
8308;114
8310;114
8312;114
8314;114
8316;114
8318;114
8320;114
8322;114
8324;114
8326;114
8328;114
8330;114
8332;114
8334;114
8336;114
8338;114
8340;114
8342;114
8344;114
8346;114
8348;114
8350;114
8352;114
8354;114
8356;114
8358;114
8360;114
8362;114
8364;114
8366;114
8368;114
8370;114
8372;114
8374;114
8376;114
8378;114
8380;114
8382;114
8384;114
8386;114
8388;114
8390;114
8392;114
8394;114
8396;114
8398;114
8400;114
8402;114
8404;114
8406;114
8408;114
8410;114
8412;114
8414;114
8416;114
8418;114
8420;114
8422;114
8424;114
8426;114
8428;114
8430;114
8432;114
8434;114
8436;114
8438;114
8440;114
8442;114
8444;114
8446;114
8448;114
8450;114
8452;114
8454;114
8456;114
8458;114
8460;114
8462;114
8464;114
8466;114
8468;114
8470;114
8472;114
8474;114
8476;114
8478;114
8480;114
8482;114
8484;114
8486;114
8488;114
8490;114
8492;114
8494;114
8496;114
8498;114
8500;114
8502;114
8504;114
8506;114
8508;114
8510;114
8512;114
8514;114
8516;114
8518;114
8520;114
8522;114
8524;114
8526;114
8528;114
8530;114
8532;114
8534;114
8536;114
8538;114
8540;114
8542;114
8544;114
8546;114
8548;114
8550;114
8552;114
8554;114
8556;114
8558;114
8560;114
8562;114
8564;114
8566;114
8568;114
8570;114
8572;114
8574;114
8576;114
8578;114
8580;114
8582;114
8584;114
8586;114
8588;114
8590;114
8592;114
8594;114
8596;114
8598;114
8600;114
8602;114
8604;114
8606;114
8608;114
8610;114
8612;114
8614;114
8616;114
8618;114
8620;114
8622;114
8624;114
8626;114
8628;114
8630;114
8632;114
8634;114
8636;114
8638;114
8640;114
8642;114
8644;114
8646;114
8648;114
8650;114
8652;114
8654;114
8656;114
8658;114
8660;114
8662;114
8664;114
8666;114
8668;114
8670;114
8672;114
8674;114
8676;114
8678;114
8680;114
8682;114
8684;114
8686;114
8688;114
8690;114
8692;114
8694;114
8696;114
8698;114
8700;114
8702;114
8704;114
8706;114
8708;114
8710;114
8712;114
8714;114
8716;114
8718;114
8720;114
8722;114
8724;114
8726;114
8728;114
8730;114
8732;114
8734;114
8736;114
8738;114
8740;114
8742;114
8744;114
8746;114
8748;114
8750;114
8752;114
8754;114
8756;114
8758;114
8760;114
8762;114
8764;114
8766;114
8768;114
8770;114
8772;114
8774;114
8776;114
8778;114
8780;114
8782;114
8784;114
8786;114
8788;114
8790;114
8792;114
8794;114
8796;114
8798;114
8800;114
8802;114
8804;114
8806;114
8808;114
8810;114
8812;114
8814;114
8816;114
8818;114
8820;114
8822;114
8824;114
8826;114
8828;114
8830;114
8832;114
8834;114
8836;114
8838;114
8840;114
8842;114
8844;114
8846;114
8848;114
8850;114
8852;114
8854;114
8856;114
8858;114
8860;114
8862;114
8864;114
8866;114
8868;114
8870;114
8872;114
8874;114
8876;114
8878;114
8880;114
8882;114
8884;114
8886;114
8888;114
8890;114
8892;114
8894;114
8896;114
8898;114
8900;114
8902;114
8904;114
8906;114
8908;114
8910;114
8912;114
8914;114
8916;114
8918;114
8920;114
8922;114
8924;114
8926;114
8928;114
8930;114
8932;114
8934;114
8936;114
8938;114
8940;114
8942;114
8944;114
8946;114
8948;114
8950;114
8952;114
8954;114
8956;114
8958;114
8960;114
8962;114
8964;114
8966;114
8968;114
8970;114
8972;114
8974;114
8976;114
8978;114
8980;114
8982;114
8984;114
8986;114
8988;114
8990;114
8992;114
8994;114
8996;114
8998;114
9000;113
9002;113
9004;113
9006;113
9008;113
9010;113
9012;113
9014;113
9016;113
9018;113
9020;113
9022;113
9024;113
9026;113
9028;113
9030;113
9032;113
9034;113
9036;113
9038;113
9040;113
9042;113
9044;113
9046;113
9048;113
9050;113
9052;113
9054;113
9056;113
9058;113
9060;113
9062;113
9064;113
9066;113
9068;113
9070;113
9072;113
9074;113
9076;113
9078;113
9080;113
9082;113
9084;113
9086;113
9088;113
9090;113
9092;113
9094;113
9096;113
9098;113
9100;113
9102;113
9104;113
9106;113
9108;113
9110;113
9112;113
9114;113
9116;113
9118;113
9120;113
9122;113
9124;113
9126;113
9128;113
9130;113
9132;113
9134;113
9136;113
9138;113
9140;113
9142;113
9144;113
9146;113
9148;113
9150;113
9152;113
9154;113
9156;113
9158;113
9160;113
9162;113
9164;113
9166;113
9168;113
9170;113
9172;113
9174;113
9176;113
9178;113
9180;113
9182;113
9184;113
9186;113
9188;113
9190;113
9192;113
9194;113
9196;113
9198;113
9200;113
9202;113
9204;113
9206;113
9208;113
9210;113
9212;113
9214;113
9216;113
9218;113
9220;113
9222;113
9224;113
9226;113
9228;113
9230;113
9232;113
9234;113
9236;113
9238;113
9240;113
9242;113
9244;113
9246;113
9248;113
9250;113
9252;113
9254;113
9256;113
9258;113
9260;113
9262;113
9264;113
9266;113
9268;113
9270;113
9272;113
9274;113
9276;113
9278;113
9280;113
9282;113
9284;113
9286;113
9288;113
9290;113
9292;113
9294;113
9296;113
9298;113
9300;113
9302;113
9304;113
9306;113
9308;113
9310;113
9312;113
9314;113
9316;113
9318;113
9320;113
9322;113
9324;113
9326;113
9328;113
9330;113
9332;113
9334;113
9336;113
9338;113
9340;113
9342;113
9344;113
9346;113
9348;113
9350;113
9352;113
9354;113
9356;113
9358;113
9360;113
9362;113
9364;113
9366;113
9368;113
9370;113
9372;113
9374;113
9376;113
9378;113
9380;113
9382;113
9384;113
9386;113
9388;113
9390;113
9392;113
9394;113
9396;113
9398;113
9400;113
9402;113
9404;113
9406;113
9408;113
9410;113
9412;113
9414;113
9416;113
9418;113
9420;113
9422;113
9424;113
9426;113
9428;113
9430;113
9432;113
9434;113
9436;113
9438;113
9440;113
9442;113
9444;113
9446;113
9448;113
9450;113
9452;113
9454;113
9456;113
9458;113
9460;113
9462;113
9464;113
9466;113
9468;113
9470;113
9472;113
9474;113
9476;113
9478;113
9480;113
9482;113
9484;113
9486;113
9488;113
9490;113
9492;113
9494;113
9496;113
9498;113
9500;113
9502;113
9504;113
9506;113
9508;113
9510;113
9512;113
9514;113
9516;113
9518;113
9520;113
9522;113
9524;113
9526;113
9528;113
9530;113
9532;113
9534;113
9536;113
9538;113
9540;113
9542;113
9544;113
9546;113
9548;113
9550;113
9552;113
9554;113
9556;113
9558;113
9560;113
9562;113
9564;113
9566;113
9568;113
9570;113
9572;113
9574;113
9576;113
9578;113
9580;113
9582;113
9584;113
9586;113
9588;113
9590;113
9592;113
9594;113
9596;113
9598;113
9600;113
9602;113
9604;113
9606;113
9608;113
9610;113
9612;113
9614;113
9616;113
9618;113
9620;113
9622;113
9624;113
9626;113
9628;113
9630;113
9632;113
9634;113
9636;113
9638;113
9640;113
9642;113
9644;113
9646;113
9648;113
9650;113
9652;113
9654;113
9656;113
9658;113
9660;113
9662;113
9664;113
9666;113
9668;113
9670;113
9672;113
9674;113
9676;113
9678;113
9680;113
9682;113
9684;113
9686;113
9688;113
9690;113
9692;113
9694;113
9696;113
9698;113
9700;113
9702;113
9704;113
9706;113
9708;113
9710;113
9712;113
9714;113
9716;113
9718;113
9720;113
9722;113
9724;113
9726;113
9728;113
9730;113
9732;113
9734;113
9736;113
9738;113
9740;113
9742;113
9744;113
9746;113
9748;113
9750;113
9752;113
9754;113
9756;113
9758;113
9760;113
9762;113
9764;113
9766;113
9768;113
9770;113
9772;113
9774;113
9776;113
9778;113
9780;113
9782;113
9784;113
9786;113
9788;113
9790;113
9792;113
9794;113
9796;113
9798;113
9800;113
9802;113
9804;113
9806;113
9808;113
9810;113
9812;113
9814;113
9816;113
9818;113
9820;113
9822;113
9824;113
9826;113
9828;113
9830;113
9832;113
9834;113
9836;113
9838;113
9840;113
9842;113
9844;113
9846;113
9848;113
9850;113
9852;113
9854;113
9856;113
9858;113
9860;113
9862;113
9864;113
9866;113
9868;113
9870;113
9872;113
9874;113
9876;113
9878;113
9880;113
9882;113
9884;113
9886;113
9888;113
9890;113
9892;113
9894;113
9896;113
9898;113
9900;51
9902;51
9904;51
9906;51
9908;51
9910;51
9912;51
9914;51
9916;51
9918;51
9920;51
9922;51
9924;51
9926;51
9928;51
9930;51
9932;51
9934;51
9936;51
9938;51
9940;51
9942;51
9944;51
9946;51
9948;51
9950;51
9952;51
9954;51
9956;51
9958;51
9960;51
9962;51
9964;51
9966;51
9968;51
9970;51
9972;51
9974;51
9976;51
9978;51
9980;51
9982;51
9984;51
9986;51
9988;51
9990;51
9992;51
9994;51
9996;51
9998;51
10000;51
10002;51
10004;51
10006;51
10008;51
10010;51
10012;51
10014;51
10016;51
10018;51
10020;51
10022;51
10024;51
10026;51
10028;51
10030;51
10032;51
10034;51
10036;51
10038;51
10040;51
10042;51
10044;51
10046;51
10048;51
10050;51
10052;51
10054;51
10056;51
10058;51
10060;51
10062;51
10064;51
10066;51
10068;51
10070;51
10072;51
10074;51
10076;51
10078;51
10080;51
10082;51
10084;51
10086;51
10088;51
10090;51
10092;51
10094;51
10096;51
10098;51
10100;51
10102;51
10104;51
10106;51
10108;51
10110;51
10112;51
10114;51
10116;51
10118;51
10120;51
10122;51
10124;51
10126;51
10128;51
10130;51
10132;51
10134;51
10136;51
10138;51
10140;51
10142;51
10144;51
10146;51
10148;51
10150;51
10152;51
10154;51
10156;51
10158;51
10160;51
10162;51
10164;51
10166;51
10168;51
10170;51
10172;51
10174;51
10176;51
10178;51
10180;51
10182;51
10184;51
10186;51
10188;51
10190;51
10192;51
10194;51
10196;51
10198;51
10200;51
10202;51
10204;51
10206;51
10208;51
10210;51
10212;51
10214;51
10216;51
10218;51
10220;51
10222;51
10224;51
10226;51
10228;51
10230;51
10232;51
10234;51
10236;51
10238;51
10240;51
10242;51
10244;51
10246;51
10248;51
10250;51
10252;51
10254;51
10256;51
10258;51
10260;51
10262;51
10264;51
10266;51
10268;51
10270;51
10272;51
10274;51
10276;51
10278;51
10280;51
10282;51
10284;51
10286;51
10288;51
10290;51
10292;51
10294;51
10296;51
10298;51
10300;51
10302;51
10304;51
10306;51
10308;51
10310;51
10312;51
10314;51
10316;51
10318;51
10320;51
10322;51
10324;51
10326;51
10328;51
10330;51
10332;51
10334;51
10336;51
10338;51
10340;51
10342;51
10344;51
10346;51
10348;51
10350;51
10352;51
10354;51
10356;51
10358;51
10360;51
10362;51
10364;51
10366;51
10368;51
10370;51
10372;51
10374;51
10376;51
10378;51
10380;51
10382;51
10384;51
10386;51
10388;51
10390;51
10392;51
10394;51
10396;51
10398;51
10400;51
10402;51
10404;51
10406;51
10408;51
10410;51
10412;51
10414;51
10416;51
10418;51
10420;51
10422;51
10424;51
10426;51
10428;51
10430;51
10432;51
10434;51
10436;51
10438;51
10440;51
10442;51
10444;51
10446;51
10448;51
10450;51
10452;51
10454;51
10456;51
10458;51
10460;51
10462;51
10464;51
10466;51
10468;51
10470;51
10472;51
10474;51
10476;51
10478;51
10480;51
10482;51
10484;51
10486;51
10488;51
10490;51
10492;51
10494;51
10496;51
10498;51
10500;51
10502;51
10504;51
10506;51
10508;51
10510;51
10512;51
10514;51
10516;51
10518;51
10520;51
10522;51
10524;51
10526;51
10528;51
10530;51
10532;51
10534;51
10536;51
10538;51
10540;51
10542;51
10544;51
10546;51
10548;51
10550;51
10552;51
10554;51
10556;51
10558;51
10560;51
10562;51
10564;51
10566;51
10568;51
10570;51
10572;51
10574;51
10576;51
10578;51
10580;51
10582;51
10584;51
10586;51
10588;51
10590;51
10592;51
10594;51
10596;51
10598;51
10600;51
10602;51
10604;51
10606;51
10608;51
10610;51
10612;51
10614;51
10616;51
10618;51
10620;51
10622;51
10624;51
10626;51
10628;51
10630;51
10632;51
10634;51
10636;51
10638;51
10640;51
10642;51
10644;51
10646;51
10648;51
10650;51
10652;51
10654;51
10656;51
10658;51
10660;51
10662;51
10664;51
10666;51
10668;51
10670;51
10672;51
10674;51
10676;51
10678;51
10680;51
10682;51
10684;51
10686;51
10688;51
10690;51
10692;51
10694;51
10696;51
10698;51
10700;51
10702;51
10704;51
10706;51
10708;51
10710;51
10712;51
10714;51
10716;51
10718;51
10720;51
10722;51
10724;51
10726;51
10728;51
10730;51
10732;51
10734;51
10736;51
10738;51
10740;51
10742;51
10744;51
10746;51
10748;51
10750;51
10752;51
10754;51
10756;51
10758;51
10760;51
10762;51
10764;51
10766;51
10768;51
10770;51
10772;51
10774;51
10776;51
10778;51
10780;51
10782;51
10784;51
10786;51
10788;51
10790;51
10792;51
10794;51
10796;51
10798;51
10800;140
10802;140
10804;140
10806;140
10808;140
10810;140
10812;140
10814;140
10816;140
10818;140
10820;140
10822;140
10824;140
10826;140
10828;140
10830;140
10832;140
10834;140
10836;140
10838;140
10840;140
10842;140
10844;140
10846;140
10848;140
10850;140
10852;140
10854;140
10856;140
10858;140
10860;140
10862;140
10864;140
10866;140
10868;140
10870;140
10872;140
10874;140
10876;140
10878;140
10880;140
10882;140
10884;140
10886;140
10888;140
10890;140
10892;140
10894;140
10896;140
10898;140
10900;140
10902;140
10904;140
10906;140
10908;140
10910;140
10912;140
10914;140
10916;140
10918;140
10920;140
10922;140
10924;140
10926;140
10928;140
10930;140
10932;140
10934;140
10936;140
10938;140
10940;140
10942;140
10944;140
10946;140
10948;140
10950;140
10952;140
10954;140
10956;140
10958;140
10960;140
10962;140
10964;140
10966;140
10968;140
10970;140
10972;140
10974;140
10976;140
10978;140
10980;140
10982;140
10984;140
10986;140
10988;140
10990;140
10992;140
10994;140
10996;140
10998;140
11000;140
11002;140
11004;140
11006;140
11008;140
11010;140
11012;140
11014;140
11016;140
11018;140
11020;140
11022;140
11024;140
11026;140
11028;140
11030;140
11032;140
11034;140
11036;140
11038;140
11040;140
11042;140
11044;140
11046;140
11048;140
11050;140
11052;140
11054;140
11056;140
11058;140
11060;140
11062;140
11064;140
11066;140
11068;140
11070;140
11072;140
11074;140
11076;140
11078;140
11080;140
11082;140
11084;140
11086;140
11088;140
11090;140
11092;140
11094;140
11096;140
11098;140
11100;140
11102;140
11104;140
11106;140
11108;140
11110;140
11112;140
11114;140
11116;140
11118;140
11120;140
11122;140
11124;140
11126;140
11128;140
11130;140
11132;140
11134;140
11136;140
11138;140
11140;140
11142;140
11144;140
11146;140
11148;140
11150;140
11152;140
11154;140
11156;140
11158;140
11160;140
11162;140
11164;140
11166;140
11168;140
11170;140
11172;140
11174;140
11176;140
11178;140
11180;140
11182;140
11184;140
11186;140
11188;140
11190;140
11192;140
11194;140
11196;140
11198;140
11200;140
11202;140
11204;140
11206;140
11208;140
11210;140
11212;140
11214;140
11216;140
11218;140
11220;140
11222;140
11224;140
11226;140
11228;140
11230;140
11232;140
11234;140
11236;140
11238;140
11240;140
11242;140
11244;140
11246;140
11248;140
11250;140
11252;140
11254;140
11256;140
11258;140
11260;140
11262;140
11264;140
11266;140
11268;140
11270;140
11272;140
11274;140
11276;140
11278;140
11280;140
11282;140
11284;140
11286;140
11288;140
11290;140
11292;140
11294;140
11296;140
11298;140
11300;140
11302;140
11304;140
11306;140
11308;140
11310;140
11312;140
11314;140
11316;140
11318;140
11320;140
11322;140
11324;140
11326;140
11328;140
11330;140
11332;140
11334;140
11336;140
11338;140
11340;140
11342;140
11344;140
11346;140
11348;140
11350;140
11352;140
11354;140
11356;140
11358;140
11360;140
11362;140
11364;140
11366;140
11368;140
11370;140
11372;140
11374;140
11376;140
11378;140
11380;140
11382;140
11384;140
11386;140
11388;140
11390;140
11392;140
11394;140
11396;140
11398;140
11400;140
11402;140
11404;140
11406;140
11408;140
11410;140
11412;140
11414;140
11416;140
11418;140
11420;140
11422;140
11424;140
11426;140
11428;140
11430;140
11432;140
11434;140
11436;140
11438;140
11440;140
11442;140
11444;140
11446;140
11448;140
11450;140
11452;140
11454;140
11456;140
11458;140
11460;140
11462;140
11464;140
11466;140
11468;140
11470;140
11472;140
11474;140
11476;140
11478;140
11480;140
11482;140
11484;140
11486;140
11488;140
11490;140
11492;140
11494;140
11496;140
11498;140
11500;140
11502;140
11504;140
11506;140
11508;140
11510;140
11512;140
11514;140
11516;140
11518;140
11520;140
11522;140
11524;140
11526;140
11528;140
11530;140
11532;140
11534;140
11536;140
11538;140
11540;140
11542;140
11544;140
11546;140
11548;140
11550;140
11552;140
11554;140
11556;140
11558;140
11560;140
11562;140
11564;140
11566;140
11568;140
11570;140
11572;140
11574;140
11576;140
11578;140
11580;140
11582;140
11584;140
11586;140
11588;140
11590;140
11592;140
11594;140
11596;140
11598;140
11600;140
11602;140
11604;140
11606;140
11608;140
11610;140
11612;140
11614;140
11616;140
11618;140
11620;140
11622;140
11624;140
11626;140
11628;140
11630;140
11632;140
11634;140
11636;140
11638;140
11640;140
11642;140
11644;140
11646;140
11648;140
11650;140
11652;140
11654;140
11656;140
11658;140
11660;140
11662;140
11664;140
11666;140
11668;140
11670;140
11672;140
11674;140
11676;140
11678;140
11680;140
11682;140
11684;140
11686;140
11688;140
11690;140
11692;140
11694;140
11696;140
11698;140
11700;201
11702;201
11704;201
11706;201
11708;201
11710;201
11712;201
11714;201
11716;201
11718;201
11720;201
11722;201
11724;201
11726;201
11728;201
11730;201
11732;201
11734;201
11736;201
11738;201
11740;201
11742;201
11744;201
11746;201
11748;201
11750;201
11752;201
11754;201
11756;201
11758;201
11760;201
11762;201
11764;201
11766;201
11768;201
11770;201
11772;201
11774;201
11776;201
11778;201
11780;201
11782;201
11784;201
11786;201
11788;201
11790;201
11792;201
11794;201
11796;201
11798;201
11800;201
11802;201
11804;201
11806;201
11808;201
11810;201
11812;201
11814;201
11816;201
11818;201
11820;201
11822;201
11824;201
11826;201
11828;201
11830;201
11832;201
11834;201
11836;201
11838;201
11840;201
11842;201
11844;201
11846;201
11848;201
11850;201
11852;201
11854;201
11856;201
11858;201
11860;201
11862;201
11864;201
11866;201
11868;201
11870;201
11872;201
11874;201
11876;201
11878;201
11880;201
11882;201
11884;201
11886;201
11888;201
11890;201
11892;201
11894;201
11896;201
11898;201
11900;201
11902;201
11904;201
11906;201
11908;201
11910;201
11912;201
11914;201
11916;201
11918;201
11920;201
11922;201
11924;201
11926;201
11928;201
11930;201
11932;201
11934;201
11936;201
11938;201
11940;201
11942;201
11944;201
11946;201
11948;201
11950;201
11952;201
11954;201
11956;201
11958;201
11960;201
11962;201
11964;201
11966;201
11968;201
11970;201
11972;201
11974;201
11976;201
11978;201
11980;201
11982;201
11984;201
11986;201
11988;201
11990;201
11992;201
11994;201
11996;201
11998;201
12000;201
12002;201
12004;201
12006;201
12008;201
12010;201
12012;201
12014;201
12016;201
12018;201
12020;201
12022;201
12024;201
12026;201
12028;201
12030;201
12032;201
12034;201
12036;201
12038;201
12040;201
12042;201
12044;201
12046;201
12048;201
12050;201
12052;201
12054;201
12056;201
12058;201
12060;201
12062;201
12064;201
12066;201
12068;201
12070;201
12072;201
12074;201
12076;201
12078;201
12080;201
12082;201
12084;201
12086;201
12088;201
12090;201
12092;201
12094;201
12096;201
12098;201
12100;201
12102;201
12104;201
12106;201
12108;201
12110;201
12112;201
12114;201
12116;201
12118;201
12120;201
12122;201
12124;201
12126;201
12128;201
12130;201
12132;201
12134;201
12136;201
12138;201
12140;201
12142;201
12144;201
12146;201
12148;201
12150;201
12152;201
12154;201
12156;201
12158;201
12160;201
12162;201
12164;201
12166;201
12168;201
12170;201
12172;201
12174;201
12176;201
12178;201
12180;201
12182;201
12184;201
12186;201
12188;201
12190;201
12192;201
12194;201
12196;201
12198;201
12200;201
12202;201
12204;201
12206;201
12208;201
12210;201
12212;201
12214;201
12216;201
12218;201
12220;201
12222;201
12224;201
12226;201
12228;201
12230;201
12232;201
12234;201
12236;201
12238;201
12240;201
12242;201
12244;201
12246;201
12248;201
12250;201
12252;201
12254;201
12256;201
12258;201
12260;201
12262;201
12264;201
12266;201
12268;201
12270;201
12272;201
12274;201
12276;201
12278;201
12280;201
12282;201
12284;201
12286;201
12288;201
12290;201
12292;201
12294;201
12296;201
12298;201
12300;201
12302;201
12304;201
12306;201
12308;201
12310;201
12312;201
12314;201
12316;201
12318;201
12320;201
12322;201
12324;201
12326;201
12328;201
12330;201
12332;201
12334;201
12336;201
12338;201
12340;201
12342;201
12344;201
12346;201
12348;201
12350;201
12352;201
12354;201
12356;201
12358;201
12360;201
12362;201
12364;201
12366;201
12368;201
12370;201
12372;201
12374;201
12376;201
12378;201
12380;201
12382;201
12384;201
12386;201
12388;201
12390;201
12392;201
12394;201
12396;201
12398;201
12400;201
12402;201
12404;201
12406;201
12408;201
12410;201
12412;201
12414;201
12416;201
12418;201
12420;201
12422;201
12424;201
12426;201
12428;201
12430;201
12432;201
12434;201
12436;201
12438;201
12440;201
12442;201
12444;201
12446;201
12448;201
12450;201
12452;201
12454;201
12456;201
12458;201
12460;201
12462;201
12464;201
12466;201
12468;201
12470;201
12472;201
12474;201
12476;201
12478;201
12480;201
12482;201
12484;201
12486;201
12488;201
12490;201
12492;201
12494;201
12496;201
12498;201
12500;201
12502;201
12504;201
12506;201
12508;201
12510;201
12512;201
12514;201
12516;201
12518;201
12520;201
12522;201
12524;201
12526;201
12528;201
12530;201
12532;201
12534;201
12536;201
12538;201
12540;201
12542;201
12544;201
12546;201
12548;201
12550;201
12552;201
12554;201
12556;201
12558;201
12560;201
12562;201
12564;201
12566;201
12568;201
12570;201
12572;201
12574;201
12576;201
12578;201
12580;201
12582;201
12584;201
12586;201
12588;201
12590;201
12592;201
12594;201
12596;201
12598;201
12600;114
12602;114
12604;114
12606;114
12608;114
12610;114
12612;114
12614;114
12616;114
12618;114
12620;114
12622;114
12624;114
12626;114
12628;114
12630;114
12632;114
12634;114
12636;114
12638;114
12640;114
12642;114
12644;114
12646;114
12648;114
12650;114
12652;114
12654;114
12656;114
12658;114
12660;114
12662;114
12664;114
12666;114
12668;114
12670;114
12672;114
12674;114
12676;114
12678;114
12680;114
12682;114
12684;114
12686;114
12688;114
12690;114
12692;114
12694;114
12696;114
12698;114
12700;114
12702;114
12704;114
12706;114
12708;114
12710;114
12712;114
12714;114
12716;114
12718;114
12720;114
12722;114
12724;114
12726;114
12728;114
12730;114
12732;114
12734;114
12736;114
12738;114
12740;114
12742;114
12744;114
12746;114
12748;114
12750;114
12752;114
12754;114
12756;114
12758;114
12760;114
12762;114
12764;114
12766;114
12768;114
12770;114
12772;114
12774;114
12776;114
12778;114
12780;114
12782;114
12784;114
12786;114
12788;114
12790;114
12792;114
12794;114
12796;114
12798;114
12800;114
12802;114
12804;114
12806;114
12808;114
12810;114
12812;114
12814;114
12816;114
12818;114
12820;114
12822;114
12824;114
12826;114
12828;114
12830;114
12832;114
12834;114
12836;114
12838;114
12840;114
12842;114
12844;114
12846;114
12848;114
12850;114
12852;114
12854;114
12856;114
12858;114
12860;114
12862;114
12864;114
12866;114
12868;114
12870;114
12872;114
12874;114
12876;114
12878;114
12880;114
12882;114
12884;114
12886;114
12888;114
12890;114
12892;114
12894;114
12896;114
12898;114
12900;114
12902;114
12904;114
12906;114
12908;114
12910;114
12912;114
12914;114
12916;114
12918;114
12920;114
12922;114
12924;114
12926;114
12928;114
12930;114
12932;114
12934;114
12936;114
12938;114
12940;114
12942;114
12944;114
12946;114
12948;114
12950;114
12952;114
12954;114
12956;114
12958;114
12960;114
12962;114
12964;114
12966;114
12968;114
12970;114
12972;114
12974;114
12976;114
12978;114
12980;114
12982;114
12984;114
12986;114
12988;114
12990;114
12992;114
12994;114
12996;114
12998;114
13000;114
13002;114
13004;114
13006;114
13008;114
13010;114
13012;114
13014;114
13016;114
13018;114
13020;114
13022;114
13024;114
13026;114
13028;114
13030;114
13032;114
13034;114
13036;114
13038;114
13040;114
13042;114
13044;114
13046;114
13048;114
13050;114
13052;114
13054;114
13056;114
13058;114
13060;114
13062;114
13064;114
13066;114
13068;114
13070;114
13072;114
13074;114
13076;114
13078;114
13080;114
13082;114
13084;114
13086;114
13088;114
13090;114
13092;114
13094;114
13096;114
13098;114
13100;114
13102;114
13104;114
13106;114
13108;114
13110;114
13112;114
13114;114
13116;114
13118;114
13120;114
13122;114
13124;114
13126;114
13128;114
13130;114
13132;114
13134;114
13136;114
13138;114
13140;114
13142;114
13144;114
13146;114
13148;114
13150;114
13152;114
13154;114
13156;114
13158;114
13160;114
13162;114
13164;114
13166;114
13168;114
13170;114
13172;114
13174;114
13176;114
13178;114
13180;114
13182;114
13184;114
13186;114
13188;114
13190;114
13192;114
13194;114
13196;114
13198;114
13200;114
13202;114
13204;114
13206;114
13208;114
13210;114
13212;114
13214;114
13216;114
13218;114
13220;114
13222;114
13224;114
13226;114
13228;114
13230;114
13232;114
13234;114
13236;114
13238;114
13240;114
13242;114
13244;114
13246;114
13248;114
13250;114
13252;114
13254;114
13256;114
13258;114
13260;114
13262;114
13264;114
13266;114
13268;114
13270;114
13272;114
13274;114
13276;114
13278;114
13280;114
13282;114
13284;114
13286;114
13288;114
13290;114
13292;114
13294;114
13296;114
13298;114
13300;114
13302;114
13304;114
13306;114
13308;114
13310;114
13312;114
13314;114
13316;114
13318;114
13320;114
13322;114
13324;114
13326;114
13328;114
13330;114
13332;114
13334;114
13336;114
13338;114
13340;114
13342;114
13344;114
13346;114
13348;114
13350;114
13352;114
13354;114
13356;114
13358;114
13360;114
13362;114
13364;114
13366;114
13368;114
13370;114
13372;114
13374;114
13376;114
13378;114
13380;114
13382;114
13384;114
13386;114
13388;114
13390;114
13392;114
13394;114
13396;114
13398;114
13400;114
13402;114
13404;114
13406;114
13408;114
13410;114
13412;114
13414;114
13416;114
13418;114
13420;114
13422;114
13424;114
13426;114
13428;114
13430;114
13432;114
13434;114
13436;114
13438;114
13440;114
13442;114
13444;114
13446;114
13448;114
13450;114
13452;114
13454;114
13456;114
13458;114
13460;114
13462;114
13464;114
13466;114
13468;114
13470;114
13472;114
13474;114
13476;114
13478;114
13480;114
13482;114
13484;114
13486;114
13488;114
13490;114
13492;114
13494;114
13496;114
13498;114
13500;116
13502;116
13504;116
13506;116
13508;116
13510;116
13512;116
13514;116
13516;116
13518;116
13520;116
13522;116
13524;116
13526;116
13528;116
13530;116
13532;116
13534;116
13536;116
13538;116
13540;116
13542;116
13544;116
13546;116
13548;116
13550;116
13552;116
13554;116
13556;116
13558;116
13560;116
13562;116
13564;116
13566;116
13568;116
13570;116
13572;116
13574;116
13576;116
13578;116
13580;116
13582;116
13584;116
13586;116
13588;116
13590;116
13592;116
13594;116
13596;116
13598;116
13600;116
13602;116
13604;116
13606;116
13608;116
13610;116
13612;116
13614;116
13616;116
13618;116
13620;116
13622;116
13624;116
13626;116
13628;116
13630;116
13632;116
13634;116
13636;116
13638;116
13640;116
13642;116
13644;116
13646;116
13648;116
13650;116
13652;116
13654;116
13656;116
13658;116
13660;116
13662;116
13664;116
13666;116
13668;116
13670;116
13672;116
13674;116
13676;116
13678;116
13680;116
13682;116
13684;116
13686;116
13688;116
13690;116
13692;116
13694;116
13696;116
13698;116
13700;116
13702;116
13704;116
13706;116
13708;116
13710;116
13712;116
13714;116
13716;116
13718;116
13720;116
13722;116
13724;116
13726;116
13728;116
13730;116
13732;116
13734;116
13736;116
13738;116
13740;116
13742;116
13744;116
13746;116
13748;116
13750;116
13752;116
13754;116
13756;116
13758;116
13760;116
13762;116
13764;116
13766;116
13768;116
13770;116
13772;116
13774;116
13776;116
13778;116
13780;116
13782;116
13784;116
13786;116
13788;116
13790;116
13792;116
13794;116
13796;116
13798;116
13800;116
13802;116
13804;116
13806;116
13808;116
13810;116
13812;116
13814;116
13816;116
13818;116
13820;116
13822;116
13824;116
13826;116
13828;116
13830;116
13832;116
13834;116
13836;116
13838;116
13840;116
13842;116
13844;116
13846;116
13848;116
13850;116
13852;116
13854;116
13856;116
13858;116
13860;116
13862;116
13864;116
13866;116
13868;116
13870;116
13872;116
13874;116
13876;116
13878;116
13880;116
13882;116
13884;116
13886;116
13888;116
13890;116
13892;116
13894;116
13896;116
13898;116
13900;116
13902;116
13904;116
13906;116
13908;116
13910;116
13912;116
13914;116
13916;116
13918;116
13920;116
13922;116
13924;116
13926;116
13928;116
13930;116
13932;116
13934;116
13936;116
13938;116
13940;116
13942;116
13944;116
13946;116
13948;116
13950;116
13952;116
13954;116
13956;116
13958;116
13960;116
13962;116
13964;116
13966;116
13968;116
13970;116
13972;116
13974;116
13976;116
13978;116
13980;116
13982;116
13984;116
13986;116
13988;116
13990;116
13992;116
13994;116
13996;116
13998;116
14000;116
14002;116
14004;116
14006;116
14008;116
14010;116
14012;116
14014;116
14016;116
14018;116
14020;116
14022;116
14024;116
14026;116
14028;116
14030;116
14032;116
14034;116
14036;116
14038;116
14040;116
14042;116
14044;116
14046;116
14048;116
14050;116
14052;116
14054;116
14056;116
14058;116
14060;116
14062;116
14064;116
14066;116
14068;116
14070;116
14072;116
14074;116
14076;116
14078;116
14080;116
14082;116
14084;116
14086;116
14088;116
14090;116
14092;116
14094;116
14096;116
14098;116
14100;116
14102;116
14104;116
14106;116
14108;116
14110;116
14112;116
14114;116
14116;116
14118;116
14120;116
14122;116
14124;116
14126;116
14128;116
14130;116
14132;116
14134;116
14136;116
14138;116
14140;116
14142;116
14144;116
14146;116
14148;116
14150;116
14152;116
14154;116
14156;116
14158;116
14160;116
14162;116
14164;116
14166;116
14168;116
14170;116
14172;116
14174;116
14176;116
14178;116
14180;116
14182;116
14184;116
14186;116
14188;116
14190;116
14192;116
14194;116
14196;116
14198;116
14200;116
14202;116
14204;116
14206;116
14208;116
14210;116
14212;116
14214;116
14216;116
14218;116
14220;116
14222;116
14224;116
14226;116
14228;116
14230;116
14232;116
14234;116
14236;116
14238;116
14240;116
14242;116
14244;116
14246;116
14248;116
14250;116
14252;116
14254;116
14256;116
14258;116
14260;116
14262;116
14264;116
14266;116
14268;116
14270;116
14272;116
14274;116
14276;116
14278;116
14280;116
14282;116
14284;116
14286;116
14288;116
14290;116
14292;116
14294;116
14296;116
14298;116
14300;116
14302;116
14304;116
14306;116
14308;116
14310;116
14312;116
14314;116
14316;116
14318;116
14320;116
14322;116
14324;116
14326;116
14328;116
14330;116
14332;116
14334;116
14336;116
14338;116
14340;116
14342;116
14344;116
14346;116
14348;116
14350;116
14352;116
14354;116
14356;116
14358;116
14360;116
14362;116
14364;116
14366;116
14368;116
14370;116
14372;116
14374;116
14376;116
14378;116
14380;116
14382;116
14384;116
14386;116
14388;116
14390;116
14392;116
14394;116
14396;116
14398;116
14400;50
14402;50
14404;50
14406;50
14408;50
14410;50
14412;50
14414;50
14416;50
14418;50
14420;50
14422;50
14424;50
14426;50
14428;50
14430;50
14432;50
14434;50
14436;50
14438;50
14440;50
14442;50
14444;50
14446;50
14448;50
14450;50
14452;50
14454;50
14456;50
14458;50
14460;50
14462;50
14464;50
14466;50
14468;50
14470;50
14472;50
14474;50
14476;50
14478;50
14480;50
14482;50
14484;50
14486;50
14488;50
14490;50
14492;50
14494;50
14496;50
14498;50
14500;50
14502;50
14504;50
14506;50
14508;50
14510;50
14512;50
14514;50
14516;50
14518;50
14520;50
14522;50
14524;50
14526;50
14528;50
14530;50
14532;50
14534;50
14536;50
14538;50
14540;50
14542;50
14544;50
14546;50
14548;50
14550;50
14552;50
14554;50
14556;50
14558;50
14560;50
14562;50
14564;50
14566;50
14568;50
14570;50
14572;50
14574;50
14576;50
14578;50
14580;50
14582;50
14584;50
14586;50
14588;50
14590;50
14592;50
14594;50
14596;50
14598;50
14600;50
14602;50
14604;50
14606;50
14608;50
14610;50
14612;50
14614;50
14616;50
14618;50
14620;50
14622;50
14624;50
14626;50
14628;50
14630;50
14632;50
14634;50
14636;50
14638;50
14640;50
14642;50
14644;50
14646;50
14648;50
14650;50
14652;50
14654;50
14656;50
14658;50
14660;50
14662;50
14664;50
14666;50
14668;50
14670;50
14672;50
14674;50
14676;50
14678;50
14680;50
14682;50
14684;50
14686;50
14688;50
14690;50
14692;50
14694;50
14696;50
14698;50
14700;50
14702;50
14704;50
14706;50
14708;50
14710;50
14712;50
14714;50
14716;50
14718;50
14720;50
14722;50
14724;50
14726;50
14728;50
14730;50
14732;50
14734;50
14736;50
14738;50
14740;50
14742;50
14744;50
14746;50
14748;50
14750;50
14752;50
14754;50
14756;50
14758;50
14760;50
14762;50
14764;50
14766;50
14768;50
14770;50
14772;50
14774;50
14776;50
14778;50
14780;50
14782;50
14784;50
14786;50
14788;50
14790;50
14792;50
14794;50
14796;50
14798;50
14800;50
14802;50
14804;50
14806;50
14808;50
14810;50
14812;50
14814;50
14816;50
14818;50
14820;50
14822;50
14824;50
14826;50
14828;50
14830;50
14832;50
14834;50
14836;50
14838;50
14840;50
14842;50
14844;50
14846;50
14848;50
14850;50
14852;50
14854;50
14856;50
14858;50
14860;50
14862;50
14864;50
14866;50
14868;50
14870;50
14872;50
14874;50
14876;50
14878;50
14880;50
14882;50
14884;50
14886;50
14888;50
14890;50
14892;50
14894;50
14896;50
14898;50
14900;50
14902;50
14904;50
14906;50
14908;50
14910;50
14912;50
14914;50
14916;50
14918;50
14920;50
14922;50
14924;50
14926;50
14928;50
14930;50
14932;50
14934;50
14936;50
14938;50
14940;50
14942;50
14944;50
14946;50
14948;50
14950;50
14952;50
14954;50
14956;50
14958;50
14960;50
14962;50
14964;50
14966;50
14968;50
14970;50
14972;50
14974;50
14976;50
14978;50
14980;50
14982;50
14984;50
14986;50
14988;50
14990;50
14992;50
14994;50
14996;50
14998;50
15000;50
15002;50
15004;50
15006;50
15008;50
15010;50
15012;50
15014;50
15016;50
15018;50
15020;50
15022;50
15024;50
15026;50
15028;50
15030;50
15032;50
15034;50
15036;50
15038;50
15040;50
15042;50
15044;50
15046;50
15048;50
15050;50
15052;50
15054;50
15056;50
15058;50
15060;50
15062;50
15064;50
15066;50
15068;50
15070;50
15072;50
15074;50
15076;50
15078;50
15080;50
15082;50
15084;50
15086;50
15088;50
15090;50
15092;50
15094;50
15096;50
15098;50
15100;50
15102;50
15104;50
15106;50
15108;50
15110;50
15112;50
15114;50
15116;50
15118;50
15120;50
15122;50
15124;50
15126;50
15128;50
15130;50
15132;50
15134;50
15136;50
15138;50
15140;50
15142;50
15144;50
15146;50
15148;50
15150;50
15152;50
15154;50
15156;50
15158;50
15160;50
15162;50
15164;50
15166;50
15168;50
15170;50
15172;50
15174;50
15176;50
15178;50
15180;50
15182;50
15184;50
15186;50
15188;50
15190;50
15192;50
15194;50
15196;50
15198;50
15200;50
15202;50
15204;50
15206;50
15208;50
15210;50
15212;50
15214;50
15216;50
15218;50
15220;50
15222;50
15224;50
15226;50
15228;50
15230;50
15232;50
15234;50
15236;50
15238;50
15240;50
15242;50
15244;50
15246;50
15248;50
15250;50
15252;50
15254;50
15256;50
15258;50
15260;50
15262;50
15264;50
15266;50
15268;50
15270;50
15272;50
15274;50
15276;50
15278;50
15280;50
15282;50
15284;50
15286;50
15288;50
15290;50
15292;50
15294;50
15296;50
15298;50
15300;51
15302;51
15304;51
15306;51
15308;51
15310;51
15312;51
15314;51
15316;51
15318;51
15320;51
15322;51
15324;51
15326;51
15328;51
15330;51
15332;51
15334;51
15336;51
15338;51
15340;51
15342;51
15344;51
15346;51
15348;51
15350;51
15352;51
15354;51
15356;51
15358;51
15360;51
15362;51
15364;51
15366;51
15368;51
15370;51
15372;51
15374;51
15376;51
15378;51
15380;51
15382;51
15384;51
15386;51
15388;51
15390;51
15392;51
15394;51
15396;51
15398;51
15400;51
15402;51
15404;51
15406;51
15408;51
15410;51
15412;51
15414;51
15416;51
15418;51
15420;51
15422;51
15424;51
15426;51
15428;51
15430;51
15432;51
15434;51
15436;51
15438;51
15440;51
15442;51
15444;51
15446;51
15448;51
15450;51
15452;51
15454;51
15456;51
15458;51
15460;51
15462;51
15464;51
15466;51
15468;51
15470;51
15472;51
15474;51
15476;51
15478;51
15480;51
15482;51
15484;51
15486;51
15488;51
15490;51
15492;51
15494;51
15496;51
15498;51
15500;51
15502;51
15504;51
15506;51
15508;51
15510;51
15512;51
15514;51
15516;51
15518;51
15520;51
15522;51
15524;51
15526;51
15528;51
15530;51
15532;51
15534;51
15536;51
15538;51
15540;51
15542;51
15544;51
15546;51
15548;51
15550;51
15552;51
15554;51
15556;51
15558;51
15560;51
15562;51
15564;51
15566;51
15568;51
15570;51
15572;51
15574;51
15576;51
15578;51
15580;51
15582;51
15584;51
15586;51
15588;51
15590;51
15592;51
15594;51
15596;51
15598;51
15600;51
15602;51
15604;51
15606;51
15608;51
15610;51
15612;51
15614;51
15616;51
15618;51
15620;51
15622;51
15624;51
15626;51
15628;51
15630;51
15632;51
15634;51
15636;51
15638;51
15640;51
15642;51
15644;51
15646;51
15648;51
15650;51
15652;51
15654;51
15656;51
15658;51
15660;51
15662;51
15664;51
15666;51
15668;51
15670;51
15672;51
15674;51
15676;51
15678;51
15680;51
15682;51
15684;51
15686;51
15688;51
15690;51
15692;51
15694;51
15696;51
15698;51
15700;51
15702;51
15704;51
15706;51
15708;51
15710;51
15712;51
15714;51
15716;51
15718;51
15720;51
15722;51
15724;51
15726;51
15728;51
15730;51
15732;51
15734;51
15736;51
15738;51
15740;51
15742;51
15744;51
15746;51
15748;51
15750;51
15752;51
15754;51
15756;51
15758;51
15760;51
15762;51
15764;51
15766;51
15768;51
15770;51
15772;51
15774;51
15776;51
15778;51
15780;51
15782;51
15784;51
15786;51
15788;51
15790;51
15792;51
15794;51
15796;51
15798;51
15800;51
15802;51
15804;51
15806;51
15808;51
15810;51
15812;51
15814;51
15816;51
15818;51
15820;51
15822;51
15824;51
15826;51
15828;51
15830;51
15832;51
15834;51
15836;51
15838;51
15840;51
15842;51
15844;51
15846;51
15848;51
15850;51
15852;51
15854;51
15856;51
15858;51
15860;51
15862;51
15864;51
15866;51
15868;51
15870;51
15872;51
15874;51
15876;51
15878;51
15880;51
15882;51
15884;51
15886;51
15888;51
15890;51
15892;51
15894;51
15896;51
15898;51
15900;51
15902;51
15904;51
15906;51
15908;51
15910;51
15912;51
15914;51
15916;51
15918;51
15920;51
15922;51
15924;51
15926;51
15928;51
15930;51
15932;51
15934;51
15936;51
15938;51
15940;51
15942;51
15944;51
15946;51
15948;51
15950;51
15952;51
15954;51
15956;51
15958;51
15960;51
15962;51
15964;51
15966;51
15968;51
15970;51
15972;51
15974;51
15976;51
15978;51
15980;51
15982;51
15984;51
15986;51
15988;51
15990;51
15992;51
15994;51
15996;51
15998;51
16000;51
16002;51
16004;51
16006;51
16008;51
16010;51
16012;51
16014;51
16016;51
16018;51
16020;51
16022;51
16024;51
16026;51
16028;51
16030;51
16032;51
16034;51
16036;51
16038;51
16040;51
16042;51
16044;51
16046;51
16048;51
16050;51
16052;51
16054;51
16056;51
16058;51
16060;51
16062;51
16064;51
16066;51
16068;51
16070;51
16072;51
16074;51
16076;51
16078;51
16080;51
16082;51
16084;51
16086;51
16088;51
16090;51
16092;51
16094;51
16096;51
16098;51
16100;51
16102;51
16104;51
16106;51
16108;51
16110;51
16112;51
16114;51
16116;51
16118;51
16120;51
16122;51
16124;51
16126;51
16128;51
16130;51
16132;51
16134;51
16136;51
16138;51
16140;51
16142;51
16144;51
16146;51
16148;51
16150;51
16152;51
16154;51
16156;51
16158;51
16160;51
16162;51
16164;51
16166;51
16168;51
16170;51
16172;51
16174;51
16176;51
16178;51
16180;51
16182;51
16184;51
16186;51
16188;51
16190;51
16192;51
16194;51
16196;51
16198;51
16200;140
16202;140
16204;140
16206;140
16208;140
16210;140
16212;140
16214;140
16216;140
16218;140
16220;140
16222;140
16224;140
16226;140
16228;140
16230;140
16232;140
16234;140
16236;140
16238;140
16240;140
16242;140
16244;140
16246;140
16248;140
16250;140
16252;140
16254;140
16256;140
16258;140
16260;140
16262;140
16264;140
16266;140
16268;140
16270;140
16272;140
16274;140
16276;140
16278;140
16280;140
16282;140
16284;140
16286;140
16288;140
16290;140
16292;140
16294;140
16296;140
16298;140
16300;140
16302;140
16304;140
16306;140
16308;140
16310;140
16312;140
16314;140
16316;140
16318;140
16320;140
16322;140
16324;140
16326;140
16328;140
16330;140
16332;140
16334;140
16336;140
16338;140
16340;140
16342;140
16344;140
16346;140
16348;140
16350;140
16352;140
16354;140
16356;140
16358;140
16360;140
16362;140
16364;140
16366;140
16368;140
16370;140
16372;140
16374;140
16376;140
16378;140
16380;140
16382;140
16384;140
16386;140
16388;140
16390;140
16392;140
16394;140
16396;140
16398;140
16400;140
16402;140
16404;140
16406;140
16408;140
16410;140
16412;140
16414;140
16416;140
16418;140
16420;140
16422;140
16424;140
16426;140
16428;140
16430;140
16432;140
16434;140
16436;140
16438;140
16440;140
16442;140
16444;140
16446;140
16448;140
16450;140
16452;140
16454;140
16456;140
16458;140
16460;140
16462;140
16464;140
16466;140
16468;140
16470;140
16472;140
16474;140
16476;140
16478;140
16480;140
16482;140
16484;140
16486;140
16488;140
16490;140
16492;140
16494;140
16496;140
16498;140
16500;140
16502;140
16504;140
16506;140
16508;140
16510;140
16512;140
16514;140
16516;140
16518;140
16520;140
16522;140
16524;140
16526;140
16528;140
16530;140
16532;140
16534;140
16536;140
16538;140
16540;140
16542;140
16544;140
16546;140
16548;140
16550;140
16552;140
16554;140
16556;140
16558;140
16560;140
16562;140
16564;140
16566;140
16568;140
16570;140
16572;140
16574;140
16576;140
16578;140
16580;140
16582;140
16584;140
16586;140
16588;140
16590;140
16592;140
16594;140
16596;140
16598;140
16600;140
16602;140
16604;140
16606;140
16608;140
16610;140
16612;140
16614;140
16616;140
16618;140
16620;140
16622;140
16624;140
16626;140
16628;140
16630;140
16632;140
16634;140
16636;140
16638;140
16640;140
16642;140
16644;140
16646;140
16648;140
16650;140
16652;140
16654;140
16656;140
16658;140
16660;140
16662;140
16664;140
16666;140
16668;140
16670;140
16672;140
16674;140
16676;140
16678;140
16680;140
16682;140
16684;140
16686;140
16688;140
16690;140
16692;140
16694;140
16696;140
16698;140
16700;140
16702;140
16704;140
16706;140
16708;140
16710;140
16712;140
16714;140
16716;140
16718;140
16720;140
16722;140
16724;140
16726;140
16728;140
16730;140
16732;140
16734;140
16736;140
16738;140
16740;140
16742;140
16744;140
16746;140
16748;140
16750;140
16752;140
16754;140
16756;140
16758;140
16760;140
16762;140
16764;140
16766;140
16768;140
16770;140
16772;140
16774;140
16776;140
16778;140
16780;140
16782;140
16784;140
16786;140
16788;140
16790;140
16792;140
16794;140
16796;140
16798;140
16800;140
16802;140
16804;140
16806;140
16808;140
16810;140
16812;140
16814;140
16816;140
16818;140
16820;140
16822;140
16824;140
16826;140
16828;140
16830;140
16832;140
16834;140
16836;140
16838;140
16840;140
16842;140
16844;140
16846;140
16848;140
16850;140
16852;140
16854;140
16856;140
16858;140
16860;140
16862;140
16864;140
16866;140
16868;140
16870;140
16872;140
16874;140
16876;140
16878;140
16880;140
16882;140
16884;140
16886;140
16888;140
16890;140
16892;140
16894;140
16896;140
16898;140
16900;140
16902;140
16904;140
16906;140
16908;140
16910;140
16912;140
16914;140
16916;140
16918;140
16920;140
16922;140
16924;140
16926;140
16928;140
16930;140
16932;140
16934;140
16936;140
16938;140
16940;140
16942;140
16944;140
16946;140
16948;140
16950;140
16952;140
16954;140
16956;140
16958;140
16960;140
16962;140
16964;140
16966;140
16968;140
16970;140
16972;140
16974;140
16976;140
16978;140
16980;140
16982;140
16984;140
16986;140
16988;140
16990;140
16992;140
16994;140
16996;140
16998;140
17000;140
17002;140
17004;140
17006;140
17008;140
17010;140
17012;140
17014;140
17016;140
17018;140
17020;140
17022;140
17024;140
17026;140
17028;140
17030;140
17032;140
17034;140
17036;140
17038;140
17040;140
17042;140
17044;140
17046;140
17048;140
17050;140
17052;140
17054;140
17056;140
17058;140
17060;140
17062;140
17064;140
17066;140
17068;140
17070;140
17072;140
17074;140
17076;140
17078;140
17080;140
17082;140
17084;140
17086;140
17088;140
17090;140
17092;140
17094;140
17096;140
17098;140
17100;203
17102;203
17104;203
17106;203
17108;203
17110;203
17112;203
17114;203
17116;203
17118;203
17120;203
17122;203
17124;203
17126;203
17128;203
17130;203
17132;203
17134;203
17136;203
17138;203
17140;203
17142;203
17144;203
17146;203
17148;203
17150;203
17152;203
17154;203
17156;203
17158;203
17160;203
17162;203
17164;203
17166;203
17168;203
17170;203
17172;203
17174;203
17176;203
17178;203
17180;203
17182;203
17184;203
17186;203
17188;203
17190;203
17192;203
17194;203
17196;203
17198;203
17200;203
17202;203
17204;203
17206;203
17208;203
17210;203
17212;203
17214;203
17216;203
17218;203
17220;203
17222;203
17224;203
17226;203
17228;203
17230;203
17232;203
17234;203
17236;203
17238;203
17240;203
17242;203
17244;203
17246;203
17248;203
17250;203
17252;203
17254;203
17256;203
17258;203
17260;203
17262;203
17264;203
17266;203
17268;203
17270;203
17272;203
17274;203
17276;203
17278;203
17280;203
17282;203
17284;203
17286;203
17288;203
17290;203
17292;203
17294;203
17296;203
17298;203
17300;203
17302;203
17304;203
17306;203
17308;203
17310;203
17312;203
17314;203
17316;203
17318;203
17320;203
17322;203
17324;203
17326;203
17328;203
17330;203
17332;203
17334;203
17336;203
17338;203
17340;203
17342;203
17344;203
17346;203
17348;203
17350;203
17352;203
17354;203
17356;203
17358;203
17360;203
17362;203
17364;203
17366;203
17368;203
17370;203
17372;203
17374;203
17376;203
17378;203
17380;203
17382;203
17384;203
17386;203
17388;203
17390;203
17392;203
17394;203
17396;203
17398;203
17400;203
17402;203
17404;203
17406;203
17408;203
17410;203
17412;203
17414;203
17416;203
17418;203
17420;203
17422;203
17424;203
17426;203
17428;203
17430;203
17432;203
17434;203
17436;203
17438;203
17440;203
17442;203
17444;203
17446;203
17448;203
17450;203
17452;203
17454;203
17456;203
17458;203
17460;203
17462;203
17464;203
17466;203
17468;203
17470;203
17472;203
17474;203
17476;203
17478;203
17480;203
17482;203
17484;203
17486;203
17488;203
17490;203
17492;203
17494;203
17496;203
17498;203
17500;203
17502;203
17504;203
17506;203
17508;203
17510;203
17512;203
17514;203
17516;203
17518;203
17520;203
17522;203
17524;203
17526;203
17528;203
17530;203
17532;203
17534;203
17536;203
17538;203
17540;203
17542;203
17544;203
17546;203
17548;203
17550;203
17552;203
17554;203
17556;203
17558;203
17560;203
17562;203
17564;203
17566;203
17568;203
17570;203
17572;203
17574;203
17576;203
17578;203
17580;203
17582;203
17584;203
17586;203
17588;203
17590;203
17592;203
17594;203
17596;203
17598;203
17600;203
17602;203
17604;203
17606;203
17608;203
17610;203
17612;203
17614;203
17616;203
17618;203
17620;203
17622;203
17624;203
17626;203
17628;203
17630;203
17632;203
17634;203
17636;203
17638;203
17640;203
17642;203
17644;203
17646;203
17648;203
17650;203
17652;203
17654;203
17656;203
17658;203
17660;203
17662;203
17664;203
17666;203
17668;203
17670;203
17672;203
17674;203
17676;203
17678;203
17680;203
17682;203
17684;203
17686;203
17688;203
17690;203
17692;203
17694;203
17696;203
17698;203
17700;203
17702;203
17704;203
17706;203
17708;203
17710;203
17712;203
17714;203
17716;203
17718;203
17720;203
17722;203
17724;203
17726;203
17728;203
17730;203
17732;203
17734;203
17736;203
17738;203
17740;203
17742;203
17744;203
17746;203
17748;203
17750;203
17752;203
17754;203
17756;203
17758;203
17760;203
17762;203
17764;203
17766;203
17768;203
17770;203
17772;203
17774;203
17776;203
17778;203
17780;203
17782;203
17784;203
17786;203
17788;203
17790;203
17792;203
17794;203
17796;203
17798;203
17800;203
17802;203
17804;203
17806;203
17808;203
17810;203
17812;203
17814;203
17816;203
17818;203
17820;203
17822;203
17824;203
17826;203
17828;203
17830;203
17832;203
17834;203
17836;203
17838;203
17840;203
17842;203
17844;203
17846;203
17848;203
17850;203
17852;203
17854;203
17856;203
17858;203
17860;203
17862;203
17864;203
17866;203
17868;203
17870;203
17872;203
17874;203
17876;203
17878;203
17880;203
17882;203
17884;203
17886;203
17888;203
17890;203
17892;203
17894;203
17896;203
17898;203
17900;203
17902;203
17904;203
17906;203
17908;203
17910;203
17912;203
17914;203
17916;203
17918;203
17920;203
17922;203
17924;203
17926;203
17928;203
17930;203
17932;203
17934;203
17936;203
17938;203
17940;203
17942;203
17944;203
17946;203
17948;203
17950;203
17952;203
17954;203
17956;203
17958;203
17960;203
17962;203
17964;203
17966;203
17968;203
17970;203
17972;203
17974;203
17976;203
17978;203
17980;203
17982;203
17984;203
17986;203
17988;203
17990;203
17992;203
17994;203
17996;203
